residue,predus,ispred,dockpred,annotated,protein,randomforest,logisticregresion,linearregression,predus_bin,ispred_bin,dockpred_bin,logisticregresion_bin,linearregression_bin,randomforest_bin
1_1B8A.A,0.45,0.87,0.655,1,1B8A.A,0.4707911759220942,0.591583356941087,0.4736131435922535,1,0,1,1,1,1
8_1DE4.E,0.073,0.01,0.25478,1,1DE4.E,0.08107171563748418,0.0427305462299273,0.06474426808423184,0,0,1,0,0,0
24_1DE4.E,0.285,0.0,0.18455,1,1DE4.E,0.18909493162258137,0.04899226531766994,0.0917129355234129,1,0,0,0,0,1
14_1DE4.E,0.412,0.12,0.12674,1,1DE4.E,0.15141600005452224,0.07263471447199972,0.14478472786484134,1,0,0,1,1,1
13_1DE4.E,0.265,0.02,0.2093,1,1DE4.E,0.18220186093029878,0.05216388633771141,0.09810277625393052,1,0,1,0,0,1
12_1DE4.E,0.364,0.03,0.33495,1,1DE4.E,0.20999019847807826,0.07137226172269932,0.14118318260958296,1,0,1,0,1,1
11_1DE4.E,0.364,0.0,0.17486,1,1DE4.E,0.16801073962669527,0.053228305138103074,0.10562329726421546,1,0,0,0,0,1
10_1DE4.E,0.667,0.01,0.35986,1,1DE4.E,0.22606107511887036,0.09987326567726525,0.19840986669462612,1,0,1,1,1,1
3_1DE4.E,0.0,0.0,0.13907,1,1DE4.E,0.045025575317570905,0.032430065707047775,0.02838714453036381,0,0,0,0,0,0
53_1DE4.E,0.202,0.86,0.46723,1,1DE4.E,0.418033819847312,0.439593121588078,0.39116068196165565,0,1,1,1,1,1
1_1DE4.E,0.0,0.03,0.24405,1,1DE4.E,0.08334599446343566,0.04063953381196465,0.05494250984355384,0,0,1,0,0,0
360_2B4J.C,0.387,0.91,0.08112,1,2B4J.C,0.3326721422178048,0.3977891239903904,0.3800268650717707,1,1,0,1,1,1
364_2B4J.C,0.706,0.31,0.09022,1,2B4J.C,0.1912269238412077,0.15627819163895584,0.2560266457178984,1,0,0,0,0,0
365_2B4J.C,0.929,0.98,0.33658,1,2B4J.C,0.5274080592404045,0.6986661616186913,0.5500041417612853,1,1,1,1,1,1
366_2B4J.C,1.0,0.98,0.20044,1,2B4J.C,0.5037341951557971,0.6765577002354516,0.5416846401529247,1,1,0,1,1,1
367_2B4J.C,1.0,0.91,0.10949,1,2B4J.C,0.3771769562296406,0.6013112883084107,0.5048849971552655,1,1,0,1,1,1
31_1DE4.E,0.167,0.09,0.51969,1,1DE4.E,0.20682350828646656,0.08426887806908548,0.15153716412262397,0,0,1,1,1,1
54_1DE4.E,0.364,0.56,0.52878,1,1DE4.E,0.3261795652846542,0.31127266443882173,0.33896420742904854,1,1,1,1,1,1
123_1COZ.A,0.072,0.96,0.25872,1,1COZ.A,0.3609794835362496,0.3955278586115602,0.3629376824291674,0,1,0,1,1,1
533_1YVE.I,0.282,0.0,0.0,1,1YVE.I,0.21786244560165804,0.03795879913088934,0.06097062013415185,1,0,0,0,0,0
482_1YVE.I,0.0,0.24,0.00637,1,1YVE.I,0.03355691198046405,0.051785301322104266,0.08192504231997279,0,0,0,0,0,0
99_1DE4.E,0.377,0.18,0.19448,1,1DE4.E,0.22712352621158696,0.0889966578293422,0.16779361649241442,1,1,1,1,1,1
98_1DE4.E,0.275,0.1,0.09215,1,1DE4.E,0.135775346032545,0.055824762242126,0.10599597822444282,1,0,0,0,0,0
527_1YVE.I,0.0,0.89,0.00015,1,1YVE.I,0.2961795163730332,0.2530962216449062,0.28462953738604607,0,0,0,0,0,0
530_1YVE.I,0.215,0.87,0.0,1,1YVE.I,0.4130136891821177,0.2966261033033305,0.3205028991313092,1,0,0,0,1,1
531_1YVE.I,0.282,0.65,0.00015,1,1YVE.I,0.3787646964005464,0.19810583690348962,0.2647159207274429,1,0,0,0,0,1
534_1YVE.I,0.215,0.96,0.00015,1,1YVE.I,0.5124047145952438,0.3522323703311981,0.3487349021489206,1,1,0,1,1,1
55_1DE4.E,0.569,0.48,0.68227,1,1DE4.E,0.38890927360649097,0.36848671967231666,0.37917486467423,1,1,1,1,1,1
67_1DE4.E,0.237,0.24,0.21,1,1DE4.E,0.21589009752111418,0.08998114109029291,0.1616773906795188,1,1,1,1,1,1
65_1DE4.E,0.075,0.26,0.30045,1,1DE4.E,0.14930607529040596,0.08817596137219369,0.15095276432649943,0,1,1,1,1,1
62_1DE4.E,0.929,0.41,0.69885,1,1DE4.E,0.3846205216974545,0.4374567189550593,0.43054861196361854,1,1,1,1,1,1
60_1DE4.E,0.667,0.28,0.89178,1,1DE4.E,0.46296655039309603,0.3364536124828803,0.3699436957710741,1,1,1,1,1,1
59_1DE4.E,0.591,0.19,0.19388,1,1DE4.E,0.2612270262728348,0.11665805871353395,0.21279982815655785,1,1,1,1,1,1
56_1DE4.E,1.0,0.57,1.0,1,1DE4.E,0.503556068834285,0.6725781809252891,0.5438253506354447,1,1,1,1,1,1
368_2B4J.C,0.649,0.87,0.25441,1,2B4J.C,0.4182770438773912,0.5137120858339773,0.44718829005406646,1,1,0,1,1,1
405_2B4J.C,0.262,0.91,0.42063,1,2B4J.C,0.4536212502612838,0.4772058095671039,0.41098476831313896,0,1,1,1,1,1
407_2B4J.C,0.282,0.95,0.41632,1,2B4J.C,0.48847392531547,0.510276481424236,0.42673965137724174,0,1,1,1,1,1
11_2NAC.A,0.0,0.97,0.0185,1,2NAC.A,0.25865391439321805,0.30358434704723314,0.3127011044532853,0,1,0,0,0,0
93_1CP2.A,0.081,0.82,0.49934,1,1CP2.A,0.29966493191277316,0.38581366802479994,0.3601397807830976,0,1,1,1,1,1
92_1CP2.A,0.173,0.97,0.46957,1,1CP2.A,0.49842148159669747,0.5084416633695568,0.4203313106958597,1,1,1,1,1,1
91_1CP2.A,0.289,0.91,0.54167,1,1CP2.A,0.46707611382286657,0.5289031445073054,0.4360569978026907,1,1,1,1,1,1
90_1CP2.A,0.173,0.8,0.23736,1,1CP2.A,0.3283451943826319,0.3150378919078986,0.3291092870440222,1,1,0,1,1,1
40_1CP2.A,0.0,0.24,0.31879,1,1CP2.A,0.14428121876435582,0.07852947294996526,0.13297189676477197,0,0,0,0,0,0
9_2NAC.A,0.0,0.4,0.0113,1,2NAC.A,0.037660222763928504,0.07951422926119141,0.13287722015936376,0,0,0,0,0,0
12_2NAC.A,0.0,0.89,0.02188,1,2NAC.A,0.18375079373347916,0.25899152439585366,0.28818004038548745,0,0,0,0,0,0
2_2CFH.C,0.466,0.11,0.59672,1,2CFH.C,0.2801311309765355,0.13745831459591165,0.22903200349287622,1,1,1,1,1,1
19_2NAC.A,0.262,0.96,0.08576,1,2NAC.A,0.3704595024358735,0.39481821610992107,0.3719405989405735,1,1,0,1,1,1
20_2NAC.A,0.0,0.98,0.22219,1,2NAC.A,0.4185237886589991,0.374735369195073,0.3491165385880134,0,1,1,1,1,1
21_2NAC.A,0.272,0.98,0.31897,1,2NAC.A,0.4818983024306612,0.4935756769313564,0.41827474265686465,1,1,1,1,1,1
22_2NAC.A,0.199,0.93,0.07243,1,2NAC.A,0.3022455633669174,0.3517303874243682,0.3480044107006681,1,0,0,1,1,0
25_2NAC.A,0.0,0.96,0.1389,1,2NAC.A,0.30239523090803233,0.3346962718917223,0.3292393066319013,0,1,1,0,0,0
27_2NAC.A,0.0,0.97,0.04949,1,2NAC.A,0.2529549664273047,0.31299629349965274,0.31776461517361154,0,1,0,0,0,0
94_1CP2.A,0.032,0.95,0.54012,1,1CP2.A,0.364849347360818,0.4743242796167793,0.39793708347664364,0,1,1,1,1,1
128_1CP2.A,0.0,0.89,0.65658,1,1CP2.A,0.37592741130152846,0.4632619373781429,0.3918847920534794,0,1,1,1,1,1
129_1CP2.A,0.0,0.86,0.774,1,1CP2.A,0.37494553300424366,0.48384790442298614,0.40166775472352767,0,1,1,1,1,1
130_1CP2.A,0.0,0.77,0.60684,1,1CP2.A,0.3137014754072811,0.36431659585029,0.3461476934483595,0,1,1,1,1,1
131_1CP2.A,0.0,0.0,0.43597,1,1CP2.A,0.09085048236350156,0.048668573918917275,0.07689815882093701,0,0,1,0,0,0
50_2CFH.C,0.0,0.02,0.53207,1,2CFH.C,0.10178321069432793,0.05844104727516286,0.0988684392548606,0,0,1,0,0,0
43_2CFH.C,0.0,0.03,0.71642,1,2CFH.C,0.13311244241676778,0.07665189577711304,0.13212387670255707,0,0,1,1,1,1
153_1CP2.A,0.285,0.98,0.92778,1,1CP2.A,0.5995324038808258,0.7022588510905005,0.5202988659345494,1,1,1,1,1,1
35_2CFH.C,0.0,0.01,0.56034,1,2CFH.C,0.0946485611891631,0.05910746907983688,0.1003533583530101,0,0,1,1,0,0
163_1CP2.A,0.0,0.66,0.52063,1,1CP2.A,0.2523327490233849,0.2709390895552214,0.2975858632924707,0,1,1,1,1,1
168_1CP2.A,0.0,0.14,0.43417,1,1CP2.A,0.1296481262550576,0.07041438483264163,0.1204823780423307,0,0,1,0,0,0
19_2CFH.C,0.988,0.06,0.85668,1,2CFH.C,0.3890524783022444,0.2811533945450225,0.3582121133280686,1,1,1,1,1,1
18_2CFH.C,0.66,0.03,0.76436,1,2CFH.C,0.3583919972488158,0.171499461418778,0.26939731358124314,1,0,1,1,1,1
13_2CFH.C,0.613,0.15,0.7688,1,2CFH.C,0.3968535519105057,0.21580173947839495,0.29851503734167206,1,1,1,1,1,1
7_2CFH.C,1.0,0.18,0.62825,1,2CFH.C,0.35537162079536777,0.28697684736124507,0.3608519878233083,1,1,1,1,1,1
6_2CFH.C,0.698,0.26,0.74528,1,2CFH.C,0.42225453979334426,0.2881215858285228,0.34581824855080434,1,1,1,1,1,1
3_2CFH.C,0.81,0.21,0.31155,1,2CFH.C,0.28420841588866863,0.17947491615694067,0.28124515896343366,1,1,0,1,1,1
481_1YVE.I,0.0,0.82,0.05441,1,1YVE.I,0.16062130048112627,0.23104674341845366,0.27155601222312614,0,0,0,0,0,0
436_1YVE.I,0.0,0.0,0.0,1,1YVE.I,0.011911687957688459,0.026758546855358632,0.005664252117463797,0,0,0,0,0,0
431_1YVE.I,0.317,0.98,0.00121,1,1YVE.I,0.4896676876340276,0.39636352132037583,0.37518086045821986,1,1,0,1,1,1
69_1DOW.A,0.0,0.0,0.08762,1,1DOW.A,0.03578106259522849,0.030207799595930878,0.019980638348989645,0,0,0,0,0,0
142_1DOW.A,0.191,0.94,0.02525,1,1DOW.A,0.3083888557090117,0.3405892558135618,0.3418607783941714,1,0,0,0,0,0
121_1DOW.A,0.0,0.88,0.33305,1,1DOW.A,0.34066636525365146,0.3460976122918214,0.3358884890990063,0,0,1,0,0,0
116_1DOW.A,0.0,0.74,0.13265,1,1DOW.A,0.18002753781847577,0.21136500968990823,0.25926645549716837,0,0,0,0,0,0
115_1DOW.A,0.0,0.11,0.14387,1,1DOW.A,0.05912850930330467,0.04400423331045482,0.0636472512999422,0,0,0,0,0,0
82_1DOW.A,0.0,0.35,0.04051,1,1DOW.A,0.0430257732564051,0.07253056968024651,0.1219790634017284,0,0,0,0,0,0
79_1DOW.A,0.0,0.99,0.03213,1,1DOW.A,0.26994106360103765,0.3198550166838969,0.32119646623263304,0,1,0,0,0,0
68_1DOW.A,0.0,0.97,0.21227,1,1DOW.A,0.41439962893678883,0.3648669303899875,0.3443615262757318,0,0,0,0,0,1
226_1DOR.A,0.0,0.95,0.40252,1,1DOR.A,0.40202675851020786,0.41586635101558034,0.3691784770378528,0,1,1,1,1,1
65_1DOW.A,0.0,0.97,0.23827,1,1DOW.A,0.40966241389210195,0.37349077619721244,0.3486097121011104,0,1,0,0,0,1
310_1DOR.A,0.0,0.89,0.08087,1,1DOR.A,0.20355448610398277,0.27543942313399744,0.2978185204562214,0,0,0,0,0,0
309_1DOR.A,0.0,0.91,0.06984,1,1DOR.A,0.237610976148593,0.2836410792186441,0.30228464137196004,0,1,0,0,0,0
298_1DOR.A,0.242,0.1,0.02478,1,1DOR.A,0.11019193278027944,0.04897084475355758,0.08851625339464991,1,0,0,0,0,0
296_1DOR.A,0.114,0.14,0.03366,1,1DOR.A,0.04976218914773667,0.0472113341044703,0.07740023669117857,0,0,0,0,0,0
263_1DOR.A,0.0,0.0,0.02414,1,1DOR.A,0.016190783381551558,0.027668671857814964,0.009608529264565303,0,0,0,0,0,0
143_1DOW.A,0.0,0.9,0.26936,1,1DOW.A,0.3606931188498077,0.33838162615834666,0.3317503998007281,0,0,0,0,0,0
145_1DOW.A,0.0,0.0,0.15084,1,1DOW.A,0.045025575317570905,0.032960233672971836,0.030310265575160197,0,0,0,0,0,0
193_1DOW.A,0.0,0.84,0.04221,1,1DOW.A,0.1665124950129477,0.23805899460263702,0.27583096477672275,0,0,0,0,0,0
197_1DOW.A,0.191,0.53,0.09648,1,1DOW.A,0.1705077769429989,0.15236732927079497,0.224998366484461,1,0,0,0,0,0
85_1E4K.C,1.0,0.03,0.819,1,1E4K.C,0.37451812290471287,0.25698516180265124,0.3450064761009038,1,0,1,1,1,1
86_1E4K.C,0.524,0.02,0.67242,1,1E4K.C,0.29893801440219525,0.12915942972804656,0.22456833426117123,1,0,1,1,1,1
87_1E4K.C,0.721,0.01,1.0,1,1E4K.C,0.3645246620230073,0.22833864625944547,0.3135940506602758,1,0,1,1,1,1
110_1E4K.C,0.695,0.06,0.94156,1,1E4K.C,0.38226835632729234,0.2326931585178597,0.3146170975172209,1,1,1,1,1,1
116_1E4K.C,0.721,0.04,0.0907,1,1E4K.C,0.16237743318838913,0.0810494907568536,0.1744244190901968,1,0,0,1,1,1
117_1E4K.C,0.644,0.1,0.13119,1,1E4K.C,0.17551774945417065,0.09113732677804032,0.1847437635484648,1,1,0,1,1,1
102_1YPI.A,0.852,0.99,1.0,1,1YPI.A,0.6683319481689677,0.8475412557697978,0.646434286702063,1,1,1,1,1,1
98_1YPI.A,1.0,0.88,0.43934,1,1YPI.A,0.5023136830141663,0.6891355876476041,0.549377271936282,1,0,1,1,1,1
97_1YPI.A,0.852,0.96,0.35614,1,1YPI.A,0.5224012481744214,0.6712283442407256,0.5318303684050263,1,1,1,1,1,1
126_1E4K.C,0.605,0.03,0.13619,1,1E4K.C,0.17445975146003798,0.07308850031735514,0.1559728071404931,1,0,0,1,1,1
131_1E4K.C,0.143,0.02,0.24895,1,1E4K.C,0.11769725018558902,0.047444334044800626,0.0806543912048813,0,0,0,0,0,0
132_1E4K.C,0.721,0.03,0.2011,1,1E4K.C,0.23125045576011755,0.09119352782428643,0.18932870364366722,1,0,0,1,1,1
85_1YPI.A,0.0,0.97,0.01586,1,1YPI.A,0.25642898476689274,0.30278996354580784,0.3122697502002469,0,1,0,0,0,1
230_1DOR.A,0.404,0.88,0.15194,1,1DOR.A,0.3501456695065762,0.4069242147545303,0.38552984343943375,1,0,0,1,1,1
223_1DOR.A,0.404,0.98,0.68504,1,1DOR.A,0.5237497907231654,0.6603322660954234,0.5039756523173177,1,1,1,1,1,1
427_1YVE.I,0.317,0.98,0.07078,1,1YVE.I,0.38371290002939484,0.42029749209853406,0.38654802537635785,1,1,0,1,1,1
404_1YVE.I,0.317,0.39,0.0003,1,1YVE.I,0.29890784957813166,0.11038683493251888,0.1901163782942406,1,0,0,0,0,0
138_1DOR.A,0.0,0.0,0.37131,1,1DOR.A,0.08800598447551249,0.04457752536932949,0.06633324745674549,0,0,1,0,0,0
137_1DOR.A,0.0,0.53,0.27402,1,1DOR.A,0.18302806635237379,0.15343087540094102,0.21654766237297202,0,0,1,0,0,0
393_1YVE.I,0.531,0.51,0.01561,1,1YVE.I,0.21386504026524694,0.18965470475327156,0.27219797920949923,1,0,0,0,0,0
397_1YVE.I,0.698,0.29,0.00015,1,1YVE.I,0.3541580226558183,0.13225630899369953,0.2334726426327408,1,0,0,0,0,1
400_1YVE.I,0.531,0.37,0.00212,1,1YVE.I,0.3063455138352372,0.13394484744455737,0.22611549993925792,1,0,0,0,0,0
401_1YVE.I,0.466,0.87,0.0,1,1YVE.I,0.4742137673218234,0.36774508169646464,0.3697294891036096,1,0,0,1,1,1
405_1YVE.I,0.215,0.69,0.0,1,1YVE.I,0.37588477897260836,0.20240353781637796,0.26408791062484077,1,0,0,0,0,1
216_1DOR.A,0.188,0.99,0.77945,1,1DOR.A,0.5859456784471917,0.6343164997438724,0.4801733102061402,1,1,1,1,1,1
410_1YVE.I,0.0,0.52,0.00015,1,1YVE.I,0.04848155061703074,0.10657333026072205,0.16866539434497202,0,0,0,0,0,0
413_1YVE.I,0.0,0.6,0.01425,1,1YVE.I,0.050445654464672945,0.13234238609457535,0.19604254642152438,0,0,0,0,0,0
414_1YVE.I,0.0,0.87,0.00015,1,1YVE.I,0.27768884551320305,0.2425770292486531,0.27836120532977177,0,0,0,0,0,0
421_1YVE.I,0.215,0.92,0.00015,1,1YVE.I,0.4808844590632576,0.32692790956008594,0.3361982380363721,1,1,0,1,1,1
425_1YVE.I,0.282,0.95,0.07139,1,1YVE.I,0.3676867173709737,0.38932037517901685,0.3703809307330942,1,1,0,1,1,1
426_1YVE.I,0.0,0.97,0.06032,1,1YVE.I,0.2579041631989816,0.31632267595020824,0.31953414796164425,0,1,0,1,1,0
169_1DOR.A,0.668,0.94,1.0,1,1DOR.A,0.6360559514369267,0.7922702404138,0.5946770320398505,1,1,1,1,1,1
170_1DOR.A,0.399,0.94,0.62258,1,1DOR.A,0.5089573892516644,0.6121924313258827,0.48025292935611164,1,1,1,1,1,1
172_1DOR.A,0.399,0.98,0.16211,1,1DOR.A,0.41403487164490377,0.4784046280249505,0.4175525885835802,1,1,0,1,1,1
340_1YVE.I,0.0,0.37,0.07426,1,1YVE.I,0.05620137214516962,0.07988240322284176,0.1337618674428691,0,0,0,0,0,0
336_1YVE.I,0.0,0.98,0.0,1,1YVE.I,0.37637583561105226,0.30397953677380823,0.3128125228749031,0,1,0,0,0,1
332_1YVE.I,0.0,0.94,0.0,1,1YVE.I,0.34333100157529073,0.2806397422177502,0.3002758587623545,0,1,0,0,0,1
197_1DOR.A,0.188,0.94,0.78705,1,1DOR.A,0.5578221577421161,0.6036064043499858,0.4657442574605652,1,1,1,1,1,1
198_1DOR.A,0.399,0.96,0.66781,1,1DOR.A,0.5173749120586344,0.6404675719788939,0.49391147083091946,1,1,1,1,1,1
199_1DOR.A,0.527,0.96,0.83447,1,1DOR.A,0.6131255196927685,0.7268553465425929,0.5462459416387454,1,1,1,1,1,1
201_1DOR.A,1.0,0.99,0.5407,1,1DOR.A,0.5680810757320383,0.7774461185239461,0.6004144872942664,1,1,1,1,1,1
203_1DOR.A,0.882,0.89,0.23297,1,1DOR.A,0.42215880127477606,0.5936844574298078,0.4956498989911361,1,0,1,1,1,1
204_1DOR.A,0.668,0.91,0.06288,1,1DOR.A,0.37565029979489195,0.47983011077895443,0.43215684546779354,1,1,0,1,1,1
205_1DOR.A,0.242,0.89,0.01354,1,1DOR.A,0.30912250303600897,0.32014397921175364,0.3342788462068199,1,1,0,1,1,1
206_1DOR.A,0.0,0.91,0.14381,1,1DOR.A,0.28186779806056017,0.30552666804715256,0.31437073004516214,0,1,0,0,0,0
207_1DOR.A,0.242,0.98,0.05175,1,1DOR.A,0.3804068502497078,0.3906153510837593,0.3687295397057355,1,1,0,1,1,1
208_1DOR.A,0.527,0.98,0.0753,1,1DOR.A,0.4350169036014167,0.48847226385628834,0.42847214934684036,1,1,0,1,1,1
214_1DOR.A,0.0,0.89,0.26203,1,1DOR.A,0.3540879609504224,0.3297816883579686,0.3274185721533593,0,0,1,1,1,1
125_1COZ.A,0.028,0.69,0.51813,1,1COZ.A,0.26536504162843527,0.29465038503922414,0.3120712943977846,0,1,1,1,1,1
65_1COZ.A,0.335,0.0,0.04569,1,1COZ.A,0.12627949791307,0.043124142957007235,0.07883044900062113,1,0,0,0,0,0
98_2SIC.I,0.322,0.07,0.72404,1,2SIC.I,0.27774939081851313,0.12427584615430205,0.20905682895813876,1,0,1,1,1,1
119_1CNZ.A,0.458,0.09,0.21956,1,1CNZ.A,0.20793425237455332,0.08014100768614435,0.15956985930741324,0,0,0,0,0,0
343_2NAC.A,0.0,0.0,0.01305,1,2NAC.A,0.0136725739971429,0.027246881541519868,0.00779651461827882,0,0,0,0,0,0
124_1CNZ.A,0.426,0.98,0.33381,1,1CNZ.A,0.4927932346269281,0.5480267421262327,0.4509022447621196,0,1,1,1,1,1
123_1CNZ.A,0.426,0.8,0.35285,1,1CNZ.A,0.39244604765919355,0.42846820784365863,0.39759823541392847,0,0,1,0,0,0
122_1CNZ.A,0.0,0.95,0.49352,1,1CNZ.A,0.4201897574985155,0.44765372756160043,0.3840471274266778,0,1,1,0,0,1
121_1CNZ.A,0.0,0.0,0.2035,1,1CNZ.A,0.0797479445391552,0.03543645843242179,0.038914475789176985,0,0,0,0,0,0
120_1CNZ.A,0.194,0.78,0.31321,1,1CNZ.A,0.364597220242959,0.33221713325254865,0.33935277949486903,0,0,0,0,0,0
92_1CNZ.A,0.0,0.73,0.12487,1,1CNZ.A,0.16944174486398875,0.2048885684562682,0.2548611015566679,0,0,0,0,0,0
338_2NAC.A,0.0,0.6,0.05033,1,2NAC.A,0.06387656743875793,0.1383555050708634,0.20193772121304976,0,0,0,0,0,0
32_2PCB.A,0.185,0.03,0.38639,1,2PCB.A,0.19198236913204217,0.06169804902977658,0.11448223971380303,1,1,1,1,1,1
34_2PCB.A,0.494,0.3,0.60818,1,2PCB.A,0.3296156819337184,0.22300613450544507,0.2959450400530875,1,1,1,1,1,1
38_2PCB.A,0.574,0.23,0.77682,1,2PCB.A,0.41306032217868727,0.24916107691871459,0.3172500144785514,1,1,1,1,1,1
39_2PCB.A,1.0,0.6,1.0,1,2PCB.A,0.5200887551543404,0.6909411448907666,0.5532278487198561,1,1,1,1,1,1
61_1CMB.A,1.0,0.79,0.98533,1,1CMB.A,0.5630234779090225,0.7891433842475649,0.610380046098373,1,0,1,1,1,1
54_1CMB.A,0.472,0.95,0.04532,1,1CMB.A,0.38599917175824466,0.43931945465287453,0.40338446324026417,1,0,0,1,1,1
339_2NAC.A,0.0,0.66,0.06265,1,2NAC.A,0.08048345522616707,0.1621711964570554,0.22275570389605198,0,0,0,0,0,0
337_2NAC.A,0.0,0.49,0.06793,1,2NAC.A,0.06779072445041788,0.10771024535983817,0.17033758992379758,0,0,0,0,0,0
63_1COZ.A,0.08,0.35,0.61777,1,1COZ.A,0.18876570714238,0.16468290748414943,0.2319883420228522,0,0,1,0,0,0
327_2NAC.A,0.416,0.91,0.02131,1,2NAC.A,0.327683447334025,0.38633941755286866,0.3759419380553633,1,0,0,1,1,1
157_1CNZ.A,0.757,0.58,0.85725,1,1CNZ.A,0.4889017530907994,0.5581119596690689,0.4759777275715247,1,0,1,1,1,1
156_1CNZ.A,0.628,0.89,0.31088,1,1CNZ.A,0.4516439976001266,0.5411140424831814,0.4585647956191463,1,0,0,1,1,1
322_2NAC.A,0.0,0.97,0.02002,1,2NAC.A,0.2563163978806685,0.30404225223124876,0.31294945993230744,0,1,0,0,0,0
152_1CNZ.A,0.0,0.92,0.28588,1,1CNZ.A,0.39241266656743323,0.35650881915283666,0.340717963773743,0,0,0,0,0,0
151_1CNZ.A,0.0,0.78,0.11231,1,1CNZ.A,0.18044812089798387,0.22568905178944837,0.2684797311601707,0,0,0,0,0,0
150_1CNZ.A,0.0,0.69,0.20972,1,1CNZ.A,0.2708899584032059,0.20619156316667694,0.2561882284934799,0,0,0,0,0,0
328_2NAC.A,0.197,0.0,0.01946,1,2NAC.A,0.08640281076761554,0.03510355903169776,0.04747986467871896,0,0,0,0,0,0
336_2NAC.A,0.0,0.0,0.01181,1,2NAC.A,0.0136725739971429,0.02720011038819512,0.007593908832760764,0,0,0,0,0,0
145_1CNZ.A,0.704,0.88,0.19521,1,1CNZ.A,0.42736074398638135,0.5172963549432978,0.4514363667233197,1,0,0,1,1,1
329_2NAC.A,0.0,0.0,0.01636,1,2NAC.A,0.015145110712394348,0.027372113498900962,0.008337341352202017,0,0,0,0,0,0
330_2NAC.A,0.0,0.98,0.0433,1,2NAC.A,0.2635162870088941,0.3171832669269391,0.3198873861917836,0,1,0,0,0,0
331_2NAC.A,0.0,0.6,0.01535,1,2NAC.A,0.05073829064634472,0.13252239322254636,0.1962222773602904,0,0,0,0,0,0
333_2NAC.A,0.0,0.96,0.04488,1,2NAC.A,0.25040091329796343,0.3055657969791091,0.3138772131202823,0,1,0,0,0,0
334_2NAC.A,0.0,0.0,0.01147,1,2NAC.A,0.013466072312180367,0.027187299678363686,0.007538355633505813,0,0,0,0,0,0
36_1CMB.A,0.282,0.0,0.05028,1,1CMB.A,0.12652648681317372,0.04066227350411641,0.06918595795338399,1,0,0,0,0,0
35_1CMB.A,0.472,0.97,0.08454,1,1CMB.A,0.38823462364691247,0.4671404886694606,0.4160610202223595,1,1,0,1,1,1
30_1CMB.A,0.22,0.97,0.05626,1,1CMB.A,0.36226266754779546,0.3787867089459406,0.36201758933374784,0,1,0,0,0,0
157_1CLI.A,0.265,0.93,0.0011,1,1CLI.A,0.46391061779428633,0.3478518230049872,0.34929371985887825,1,0,0,1,1,1
71_2SIC.I,0.281,0.0,0.40653,1,2SIC.I,0.216964509071068,0.06569262683560959,0.12719815147679678,1,0,1,0,0,1
72_2SIC.I,0.433,0.97,0.391,1,2SIC.I,0.5002017034093976,0.563383413220059,0.45848530673898746,1,1,1,1,1,1
73_2SIC.I,0.649,0.98,0.96893,1,2SIC.I,0.6589262827730319,0.7994637058326298,0.5984107985154792,1,1,1,1,1,1
74_2SIC.I,0.854,0.96,0.67761,1,2SIC.I,0.5538037403508865,0.7638989205161703,0.5847481620453815,1,1,1,1,1,1
75_2SIC.I,0.57,0.99,1.0,1,2SIC.I,0.6627459514791673,0.7948192045834077,0.591127918685375,1,1,1,1,1,1
159_1CLI.A,0.265,0.93,0.00355,1,1CLI.A,0.4411062068440267,0.34864384342854643,0.34969402967703894,1,0,0,1,1,1
155_1CLI.A,0.285,0.91,0.00152,1,1CLI.A,0.4373792729956034,0.34102848310031664,0.3470164497908521,1,0,0,1,1,1
28_1CMB.A,0.282,0.98,0.2443,1,1CMB.A,0.440382869598078,0.4702249192089533,0.4080354984738984,0,1,1,1,1,1
154_1CLI.A,0.121,0.0,0.00051,1,1CLI.A,0.05045872583640157,0.031126958027443932,0.02947832847669819,0,0,0,0,0,0
150_1CLI.A,0.159,0.72,0.13992,1,1CLI.A,0.24020165860472104,0.23882532612124024,0.28536935926591184,0,0,1,0,0,0
149_1CLI.A,0.122,0.93,0.06988,1,1CLI.A,0.2146995054407473,0.3287806174291805,0.3324863775314865,0,0,0,0,1,0
148_1CLI.A,0.258,0.96,0.03883,1,1CLI.A,0.372508379204939,0.3777594219150743,0.36348813603616675,1,0,0,1,1,1
147_1CLI.A,0.282,0.9,0.09204,1,1CLI.A,0.3143232847494851,0.3631199768173403,0.3580841404883342,1,0,0,1,1,1
145_1CLI.A,0.445,0.96,0.0055,1,1CLI.A,0.4462406867525511,0.42384546285030844,0.3947170787302822,1,1,0,1,1,1
70_2SIC.I,1.0,0.97,0.52734,1,2SIC.I,0.5467642683503448,0.7641162127135921,0.5919632412907976,1,1,1,1,1,1
69_2SIC.I,0.397,0.93,0.23318,1,2SIC.I,0.42390426337982023,0.46782891844297797,0.41310176726000525,1,1,0,1,1,1
68_2SIC.I,0.166,0.94,0.18392,1,2SIC.I,0.4236222452294387,0.38539760885178004,0.36288310254236666,1,1,0,1,1,1
67_2SIC.I,0.078,0.49,0.22617,1,2SIC.I,0.1835501590720389,0.14318881555891563,0.21149020847127076,1,1,0,1,1,1
65_2SIC.I,0.111,0.74,0.31857,1,2SIC.I,0.2617556159939187,0.2870552712417996,0.31141377982023155,1,1,1,1,1,1
290_2PCB.A,0.0,0.03,0.24962,1,2PCB.A,0.08464008498796219,0.04094996728514277,0.055852601960759946,0,0,0,0,0,0
259_1CLI.A,0.0,0.47,0.00964,1,1CLI.A,0.04151809896377264,0.09502182768471142,0.15454515203054953,0,0,0,0,0,0
195_2PCB.A,0.141,0.04,0.31446,1,2PCB.A,0.14238075248821422,0.05455677618053914,0.09723427387868525,1,1,0,1,1,1
19_1CMB.A,0.282,0.11,0.19292,1,1CMB.A,0.2063739545467545,0.06615044646094577,0.12696798526796949,0,0,1,0,0,0
20_1CMB.A,0.0,0.12,0.17456,1,1CMB.A,0.08142526809774071,0.04713137532804898,0.0717959105196512,0,0,1,0,0,0
21_1CMB.A,0.472,0.95,0.09095,1,1CMB.A,0.3852941952174941,0.45538548516324384,0.4108400293638036,1,0,0,1,1,1
22_1CMB.A,0.472,0.99,0.389,1,1CMB.A,0.5207017762555455,0.5886648280494075,0.47207560829381706,1,1,1,1,1,1
23_1CMB.A,0.621,0.96,0.11488,1,1CMB.A,0.4037885218236581,0.5185479746401974,0.44710631925645505,1,1,0,1,1,1
24_1CMB.A,0.472,0.86,0.57055,1,1CMB.A,0.471375345754137,0.5622246625602463,0.46099522441255286,1,0,1,1,1,1
25_1CMB.A,0.78,0.93,0.34948,1,1CMB.A,0.48888957419860674,0.6288716657055958,0.5072189063694966,1,0,1,1,1,1
26_1CMB.A,0.986,0.97,0.48535,1,1CMB.A,0.5412558286610148,0.7498179364261743,0.5823567149692168,1,1,1,1,1,1
27_1CMB.A,0.621,0.8,0.47965,1,1CMB.A,0.40034779591627734,0.5355096837309846,0.4565600760186974,1,0,1,1,1,1
158_1CNZ.A,0.535,0.88,1.0,1,1CNZ.A,0.6022177909843589,0.7308605618043995,0.5497878268418804,1,0,1,1,1,1
159_1CNZ.A,0.704,0.9,0.50777,1,1CNZ.A,0.48786344524806624,0.6389537858990801,0.5087744280711453,1,0,1,1,1,1
160_1CNZ.A,0.628,0.46,0.83329,1,1CNZ.A,0.45706282446095214,0.424463043148426,0.40915314706448136,1,0,1,0,0,1
179_2NAC.A,1.0,0.96,0.70819,1,2NAC.A,0.6085380527059441,0.8029359553588735,0.6183784755134188,1,1,1,1,1,1
169_2NAC.A,0.572,0.99,0.60286,1,2NAC.A,0.5806352365290128,0.6880762823764726,0.5266307578651415,1,1,1,1,1,1
170_2NAC.A,0.616,0.94,0.07007,1,2NAC.A,0.40591976927694323,0.486893703001061,0.43253579295990524,1,1,0,1,1,1
172_2NAC.A,0.929,0.9,0.64931,1,2NAC.A,0.5173812390300436,0.7428109189386416,0.5760283194273669,1,0,1,1,1,1
175_2NAC.A,0.387,0.96,0.39844,1,2NAC.A,0.5015234018532652,0.5444724081845236,0.4475451692935769,1,1,1,1,1,1
176_2NAC.A,1.0,0.3,0.50686,1,2NAC.A,0.3114952112097502,0.3220445052418735,0.3786278541093113,1,0,1,0,1,1
177_2NAC.A,0.929,0.98,1.0,1,2NAC.A,0.6629271759485872,0.8564188470571737,0.6584015048486954,1,1,1,1,1,1
180_2NAC.A,0.649,0.92,0.18035,1,2NAC.A,0.43357817602719706,0.5226017589377504,0.4507583262629237,1,0,1,1,1,1
191_2NAC.A,0.0,0.61,0.02879,1,2NAC.A,0.05375053183417271,0.13806234304740211,0.20155242867662326,0,0,0,0,0,0
181_2NAC.A,0.26,0.87,0.14908,1,2NAC.A,0.3393954901836838,0.3558458064069099,0.35368682734496215,1,0,1,1,1,1
183_2NAC.A,0.435,0.98,0.39203,1,2NAC.A,0.5019548622199427,0.5712987083687432,0.4621800100273138,1,1,1,1,1,1
184_2NAC.A,0.433,0.96,0.13958,1,2NAC.A,0.3856187769923117,0.4671949741738178,0.41427118377943933,1,1,1,1,1,1
186_2NAC.A,0.329,0.94,0.18766,1,2NAC.A,0.41477598734381516,0.43718820683781745,0.39546205293530645,1,0,1,1,1,1
188_2NAC.A,0.0,0.96,0.37296,1,2NAC.A,0.41056893289443186,0.4124975778201437,0.3674827825660595,0,1,1,1,1,1
189_2NAC.A,0.0,0.0,0.07277,1,2NAC.A,0.03345569514394883,0.029594300849316524,0.01755427067564841,0,0,0,0,0,0
168_2NAC.A,0.572,0.92,0.49246,1,2NAC.A,0.5072383176472043,0.6073945323734219,0.486653145086574,1,0,1,1,1,1
166_2NAC.A,0.616,0.98,0.10983,1,2NAC.A,0.4417445573964664,0.5292327572587912,0.4515689135500328,1,1,0,1,1,1
165_2NAC.A,0.698,0.98,0.82893,1,2NAC.A,0.6230366032134157,0.7766605137355058,0.5851459235110211,1,1,1,1,1,1
163_2NAC.A,0.262,0.98,0.72354,1,2NAC.A,0.5733443866314374,0.6312815145694106,0.48241692929338464,1,1,1,1,1,1
160_2NAC.A,0.199,0.81,0.33208,1,2NAC.A,0.364374070734671,0.35887751817461616,0.35281908949992824,1,0,1,1,1,1
156_2NAC.A,0.282,0.93,0.40192,1,2NAC.A,0.47163606909559347,0.4910424527045476,0.41811847794075785,1,0,1,1,1,1
153_2NAC.A,0.0,0.0,0.08655,1,2NAC.A,0.03578106259522849,0.03016318569731812,0.019805809163099063,0,0,0,0,0,0
152_2NAC.A,0.0,0.97,0.25779,1,2NAC.A,0.41357592579263,0.3800189067464004,0.35179911930539465,0,1,1,1,1,1
149_2NAC.A,0.0,0.0,0.02761,1,2NAC.A,0.016580063070364665,0.027801945944178723,0.010175498680490828,0,0,0,0,0,0
148_2NAC.A,0.0,0.75,0.03284,1,2NAC.A,0.1414614859837659,0.19299620590276484,0.24609248970872713,0,0,0,0,0,0
15_1COZ.A,0.227,0.93,1.0,1,1COZ.A,0.5726387921095535,0.6782096787368169,0.5050531202834885,1,1,1,1,1,1
49_1COZ.A,1.0,0.98,0.74865,1,1COZ.A,0.6374238483289796,0.8203630341103089,0.6312576382810323,1,1,1,1,1,1
98_2NAC.A,0.0,0.0,0.00219,1,2NAC.A,0.012099895023662594,0.026839898805379597,0.006022080077370686,0,0,0,0,0,0
54_1COZ.A,0.612,0.9,0.44424,1,1COZ.A,0.4837062782979265,0.5896443181356185,0.48035093713783167,1,1,0,1,1,1
60_1COZ.A,0.225,0.39,0.08716,1,1COZ.A,0.15723071300969296,0.11096445587781542,0.1862653745254919,1,0,0,0,0,0
61_1COZ.A,0.335,0.96,0.47214,1,1COZ.A,0.49939861696178817,0.5539696849585518,0.44938880482612065,1,1,1,1,1,1
62_1COZ.A,0.08,0.97,0.45131,1,1COZ.A,0.4027634916056869,0.4721876747067862,0.39910844297918074,0,1,1,1,1,1
190_2NAC.A,0.0,0.79,0.25751,1,2NAC.A,0.30128791560153023,0.26937616135753717,0.29533838110542215,0,0,1,0,0,0
208_2NAC.A,0.0,0.34,0.05657,1,2NAC.A,0.04680198756055955,0.0721719130348979,0.12146896907957513,0,0,0,0,0,0
161_1CNZ.A,0.458,0.64,0.52332,1,1CNZ.A,0.3704620598592952,0.38798223708572277,0.38158087263637874,0,0,1,0,0,0
170_1CNZ.A,0.458,0.86,0.43316,1,1CNZ.A,0.454030997074763,0.5091437180131512,0.43580112394708287,1,0,1,1,1,1
201_1CNZ.A,0.535,0.98,0.19326,1,1CNZ.A,0.49835952140294304,0.5329865175202693,0.4493148166322548,1,1,0,1,1,1
200_1CNZ.A,1.0,0.94,0.55674,1,1CNZ.A,0.543536900808821,0.7563185847382582,0.5873644610243143,1,1,1,1,1,1
199_1CNZ.A,0.929,0.91,0.4658,1,1CNZ.A,0.5091592610223196,0.6958209414308112,0.5491784631164569,1,0,1,1,1,1
198_1CNZ.A,0.704,0.98,0.69171,1,1CNZ.A,0.5662599573489725,0.7424141870483925,0.5639020370931708,1,1,1,1,1,1
195_1CNZ.A,0.929,0.86,0.40078,1,1CNZ.A,0.4865977615598757,0.6442316330865412,0.5228839005770745,1,0,1,1,1,1
310_2NAC.A,0.0,0.0,0.00827,1,2NAC.A,0.012949580032353771,0.027067015311769534,0.007015501993459218,0,0,0,0,0,0
169_1CNZ.A,0.458,0.95,0.35596,1,1CNZ.A,0.4948788101629225,0.5450239796633342,0.451394774134193,0,1,1,1,1,1
209_2NAC.A,0.0,0.99,0.18058,1,2NAC.A,0.4139742091378582,0.3674895690579956,0.3454519733779196,0,1,1,1,0,1
168_1CNZ.A,0.426,0.97,0.45738,1,1CNZ.A,0.5099927665684568,0.5843078638985716,0.4679583988279068,0,1,1,1,1,1
167_1CNZ.A,0.676,0.0,0.18446,1,1CNZ.A,0.2321009329907686,0.07833811183749771,0.16838188237303142,1,0,0,0,0,0
166_1CNZ.A,0.704,0.93,0.29611,1,1CNZ.A,0.4555847752320591,0.5875906332513406,0.48359342570172464,1,1,0,1,1,1
165_1CNZ.A,1.0,0.96,0.30181,1,1CNZ.A,0.49402880080706346,0.6954961479217786,0.5519793310627515,1,1,0,1,1,1
163_1CNZ.A,0.704,0.95,0.52642,1,1CNZ.A,0.5298592174308401,0.6766631689198104,0.5274925145827274,1,1,1,1,1,1
162_1CNZ.A,1.0,0.99,0.65181,1,1CNZ.A,0.5792083481772282,0.8036236938284776,0.6185689460272593,1,1,1,1,1,1
204_1CNZ.A,0.704,0.93,0.19067,1,1CNZ.A,0.4354445197817707,0.5507834166694907,0.4663653982621893,1,1,0,1,1,1
207_1CNZ.A,0.426,0.88,0.17124,1,1CNZ.A,0.37254184306818827,0.420425749918616,0.39299798564875604,0,0,0,0,0,0
276_2NAC.A,0.0,0.2,0.04246,1,2NAC.A,0.0447538906665923,0.04884877967480014,0.07528518691657478,0,0,0,0,0,0
275_2NAC.A,0.0,0.74,0.08677,1,2NAC.A,0.1591895643607936,0.200677774696206,0.2517700414330003,0,0,0,0,0,0
227_1CNZ.A,0.704,0.94,0.47111,1,1CNZ.A,0.5259423155212002,0.6528257375804318,0.5153211501699099,1,1,1,1,1,1
230_1CNZ.A,0.757,0.91,0.36554,1,1CNZ.A,0.4975722496101308,0.6140470632372053,0.4990638429540153,1,0,1,1,1,1
231_1CNZ.A,0.704,0.95,0.43627,1,1CNZ.A,0.5251445768285127,0.6479588099385548,0.5127627471920397,1,1,1,1,1,1
234_1CNZ.A,0.757,0.93,0.42396,1,1CNZ.A,0.5054189044469406,0.6465707451644814,0.5148775217763902,1,0,1,1,1,1
235_1CNZ.A,0.676,0.97,0.23109,1,1CNZ.A,0.46930943012370113,0.5838047856542476,0.4800149449883875,1,1,0,1,1,1
251_1CNZ.A,0.0,0.94,0.25751,1,1CNZ.A,0.39886175277781954,0.3601943654984488,0.3423508715274792,0,1,0,0,0,0
252_1CNZ.A,0.0,0.8,0.39948,1,1CNZ.A,0.31058959053914564,0.3170493743974973,0.3216692756577515,0,0,1,0,0,0
255_1CNZ.A,0.0,0.95,0.28433,1,1CNZ.A,0.3995566953121582,0.3756383003381851,0.34986720462625676,0,1,0,0,0,0
256_1CNZ.A,0.426,0.0,0.28834,1,1CNZ.A,0.20660607028931804,0.06676854507811625,0.13632455056314324,0,0,0,0,0,0
249_2NAC.A,0.0,0.0,0.02806,1,2NAC.A,0.016580063070364665,0.027819274941281225,0.010249024973622383,0,0,0,0,0,0
259_1CNZ.A,0.426,0.94,0.53394,1,1CNZ.A,0.5012573386750924,0.5902195684048112,0.4710651740816102,0,1,1,1,1,1
264_1CNZ.A,0.0,0.41,0.23368,1,1CNZ.A,0.14385605251288366,0.10870737273525287,0.17234644633548896,0,0,0,0,0,0
212_2NAC.A,0.0,0.58,0.28349,1,2NAC.A,0.19227766484669784,0.17460095042735518,0.23376581250467054,0,0,1,0,0,0
82_1YPI.A,0.0,0.96,0.01816,1,1YPI.A,0.2578244857557992,0.29755052944641763,0.3095113852258932,0,1,0,0,0,1
77_1YPI.A,0.595,0.98,0.51334,1,1YPI.A,0.5474301140791079,0.6603561450125834,0.5133805643218917,1,1,1,1,1,1
76_1YPI.A,0.525,0.96,0.42906,1,1YPI.A,0.5297784111374909,0.5983851882767499,0.47961304345291794,1,1,1,1,1,1
260_1QOR.A,0.718,0.96,1.0,1,1QOR.A,0.6422990196663609,0.8114021709871264,0.6107514577161048,1,1,1,1,1,1
248_1QOR.A,0.377,0.95,0.3933,1,1QOR.A,0.49841814512519816,0.5324575055572058,0.44160995088211885,1,1,1,1,1,1
249_1QOR.A,0.667,0.96,0.25354,1,1QOR.A,0.473852297802107,0.5819154079911911,0.4787838271771058,1,1,1,1,1,1
250_1QOR.A,1.0,0.95,0.75516,1,1QOR.A,0.6290000373773406,0.8089848266861172,0.6229188205705907,1,1,1,1,1,1
254_1QOR.A,0.693,0.86,0.29597,1,1QOR.A,0.42612030065944906,0.5354898980651357,0.45947404806161696,1,1,1,1,1,1
258_1QOR.A,1.0,0.94,0.46735,1,1QOR.A,0.5371472277158544,0.7320960875051209,0.5727588713731377,1,1,1,1,1,1
259_1QOR.A,0.278,0.0,0.43599,1,1QOR.A,0.21959111231882683,0.06807122011974943,0.13142330718327694,1,0,1,0,0,1
261_1QOR.A,0.427,0.94,0.77297,1,1QOR.A,0.5779120037656684,0.6696501061835066,0.5103168289478653,1,1,1,1,1,1
246_1QOR.A,0.285,0.77,0.36423,1,1QOR.A,0.39452672323177934,0.36884845290202867,0.3624019515785887,1,1,1,1,1,1
262_1QOR.A,0.217,0.98,0.80386,1,1QOR.A,0.5831593853593606,0.6443914566411617,0.486715071400572,1,1,1,1,1,1
263_1QOR.A,0.255,0.94,0.71806,1,1QOR.A,0.549115931501979,0.6006262106016509,0.467612025215459,1,1,1,1,1,1
264_1QOR.A,0.0,0.0,0.37164,1,1QOR.A,0.08800598447551249,0.044597547848225096,0.0663871667383753,0,0,1,0,0,0
265_1QOR.A,0.0,0.98,0.45353,1,1QOR.A,0.45127535370208194,0.4545114306063481,0.386915588928132,0,1,1,1,1,1
268_1QOR.A,0.0,0.31,0.65399,1,1QOR.A,0.17410560266571895,0.1433736239564231,0.2096799777566128,0,0,1,1,1,1
269_1QOR.A,0.0,0.19,0.67382,1,1QOR.A,0.16161898020875623,0.10929918986719737,0.17531004406963094,0,0,1,1,1,1
247_1QOR.A,0.285,0.68,0.30035,1,1QOR.A,0.3647452637216564,0.2927416342502829,0.3237569915359243,1,1,1,1,1,1
245_1QOR.A,0.116,0.1,0.29651,1,1QOR.A,0.11521117036202787,0.060614402624186624,0.10820334110038163,1,0,1,0,0,0
75_1YPI.A,0.852,0.95,0.56262,1,1YPI.A,0.5401105584939164,0.7270320398494109,0.5624333335008959,1,1,1,1,1,1
451_1KXP.D,0.0,0.95,0.70931,1,1KXP.D,0.43539295447235626,0.524279182845995,0.41930543585969493,0,1,1,1,1,1
135_1QOR.A,0.014,0.0,0.48665,1,1QOR.A,0.09906038450896353,0.0530147792816878,0.08792455955876942,0,0,1,0,0,0
26_1PDK.A,0.0,0.01,0.21701,1,1PDK.A,0.07460328900134612,0.037094935994554705,0.044256064528885836,0,0,0,0,0,0
8_1PDK.A,0.399,0.0,0.13657,1,1PDK.A,0.14956093437121193,0.05274140418973476,0.10623129221151903,1,0,0,0,0,0
4_1PDK.A,0.241,0.0,0.08516,1,1PDK.A,0.12191800146593407,0.04055168027087125,0.06684406586150815,1,0,0,0,0,0
1_1PDK.A,0.183,0.01,0.1685,1,1PDK.A,0.12497833712977661,0.043473513789220264,0.07222023277843184,1,0,0,0,0,0
456_1KXP.D,0.0,0.98,0.34007,1,1KXP.D,0.4192920641693017,0.41482380109147365,0.36837715955322986,0,1,1,1,1,1
450_1KXP.D,0.0,0.27,0.79588,1,1KXP.D,0.18267505145856286,0.15468393715897186,0.22032697082725536,0,1,1,1,1,1
232_1QOR.A,0.377,0.6,0.661,1,1QOR.A,0.3659635512725963,0.38311860220079247,0.3756541147224671,1,1,1,1,1,1
416_1KXP.D,0.079,0.06,0.74566,1,1KXP.D,0.1221487702124163,0.09438447350011155,0.16179757784246288,1,0,1,1,1,1
415_1KXP.D,0.051,0.07,0.9932,1,1KXP.D,0.11842630945819088,0.1282728635402619,0.19988632833626557,1,0,1,1,1,1
414_1KXP.D,0.279,0.04,0.69817,1,1KXP.D,0.2600909653036785,0.10629781811506138,0.18699414546429272,1,0,1,1,1,1
413_1KXP.D,0.079,0.01,0.36235,1,1KXP.D,0.08739263333822396,0.04981814899681945,0.08349705121232079,1,0,1,0,0,0
222_1QOR.A,0.0,0.0,0.13928,1,1QOR.A,0.045025575317570905,0.03243945233827571,0.02842145680049187,0,0,0,0,0,0
231_1QOR.A,0.377,0.4,0.19452,1,1QOR.A,0.24872810458380484,0.15380090002303579,0.23675180478193197,1,1,0,1,1,1
314_1KXP.D,0.0,0.02,0.89662,1,1KXP.D,0.11280730210099463,0.09446536954003364,0.15843290627954384,0,0,1,1,1,0
311_1KXP.D,0.0,0.02,0.32458,1,1KXP.D,0.08415660460570555,0.044148435688944554,0.06496628245071431,0,0,0,0,0,0
218_1KXP.D,0.0,0.2,0.25736,1,1KXP.D,0.1336186871512882,0.06520061979249518,0.11039807668095396,0,1,0,0,0,1
328_1SOX.A,0.0,0.98,0.11661,1,1SOX.A,0.2938036824946972,0.340216000697835,0.33186563630172605,0,1,0,1,1,1
270_1JTD.A,0.0,0.03,0.71713,1,1JTD.A,0.12535461973243867,0.07672349893397064,0.13223988485394242,0,0,1,1,1,1
237_1JTD.A,0.0,0.97,0.42658,1,1JTD.A,0.4227690667726508,0.43805452029098535,0.3793780149002274,0,1,1,1,1,1
216_1JTD.A,0.0,0.02,0.56063,1,1JTD.A,0.09986336826022187,0.06071999215894467,0.10353490799227645,0,0,1,0,1,0
324_1SOX.A,0.0,0.75,0.11978,1,1SOX.A,0.1749987013763626,0.21301782489606746,0.26029776954174305,0,0,0,0,0,0
325_1SOX.A,0.0,0.0,0.13705,1,1SOX.A,0.045025575317570905,0.03233990922447112,0.0280570931700844,0,0,0,0,0,0
326_1SOX.A,0.0,0.96,0.17956,1,1SOX.A,0.39388984946879974,0.34771272786504887,0.33588281569574335,0,1,0,1,1,1
340_1SOX.A,0.0,0.28,0.1177,1,1SOX.A,0.06059760255998188,0.0668548961082402,0.11265211135326744,0,0,0,0,0,0
214_1KXP.D,0.0,0.44,0.31429,1,1KXP.D,0.16185129826893455,0.12959470796820907,0.19491995439619916,0,1,0,1,1,1
344_1SOX.A,0.0,0.03,0.09869,1,1SOX.A,0.03807308036939043,0.03329259496675936,0.031191883244437238,0,0,0,0,0,0
345_1SOX.A,0.0,0.0,0.03563,1,1SOX.A,0.023853295957465194,0.028112364696050524,0.01148590061585761,0,0,0,0,0,0
346_1SOX.A,0.0,0.1,0.11005,1,1SOX.A,0.05252179441528308,0.04090039510616153,0.0549871758635626,0,0,0,0,0,0
377_1SOX.A,0.472,0.21,0.1271,1,1SOX.A,0.1768862493055909,0.09836059386137785,0.18481835549655695,1,0,0,0,0,0
381_1SOX.A,0.0,0.92,0.75683,1,1SOX.A,0.4332429452524665,0.5200446858939171,0.41766731432997556,0,1,1,1,1,1
383_1SOX.A,0.0,0.0,0.32273,1,1SOX.A,0.08480463517053644,0.04172173468155854,0.058395675633788106,0,0,1,0,0,0
271_1JTD.A,0.0,0.01,0.71422,1,1JTD.A,0.12333364287169055,0.07254068671173249,0.12549608276875077,0,0,1,1,1,1
235_1SOX.A,0.133,0.52,0.09093,1,1SOX.A,0.1349362536552738,0.13864740712515863,0.20958230757519108,1,0,0,0,0,0
134_1KXP.D,0.031,0.07,0.65587,1,1KXP.D,0.10924935351824351,0.08148103261354105,0.1408469476392366,1,0,1,0,0,0
136_1KXP.D,0.031,0.0,0.53805,1,1KXP.D,0.09606621504478102,0.05799093181060387,0.09965696798281111,1,0,1,0,0,0
137_1KXP.D,0.0,0.91,0.91012,1,1KXP.D,0.42032608941915284,0.5671748390040918,0.4395794715776955,0,1,1,1,1,1
138_1KXP.D,0.0,0.19,0.62585,1,1KXP.D,0.1638130405311151,0.1028231053114647,0.16747214122180745,0,0,1,1,1,1
139_1KXP.D,0.0,0.86,0.38605,1,1KXP.D,0.3400739914242076,0.3504218170818759,0.33827992045600375,0,1,1,1,1,1
140_1KXP.D,0.0,0.88,0.54947,1,1KXP.D,0.36400632391628024,0.4187293759489548,0.3712497343424076,0,1,1,1,1,1
141_1KXP.D,0.0,0.85,0.29097,1,1KXP.D,0.33812268387698224,0.31414202605082503,0.3196104656479822,0,1,0,1,1,1
143_1KXP.D,0.0,0.36,0.41361,1,1KXP.D,0.1498660108571268,0.12038071850389592,0.1860746960240483,0,1,1,1,1,1
167_1KXP.D,0.031,0.01,0.42239,1,1KXP.D,0.07776966513840745,0.050968021115904864,0.08389324275851409,1,0,1,0,0,0
196_1KXP.D,0.0,0.34,0.26794,1,1KXP.D,0.14464030355965843,0.0951131591063961,0.1560050859222779,0,1,0,1,1,1
203_1KXP.D,0.0,0.98,0.37528,1,1KXP.D,0.42126515785934415,0.4270469627625769,0.37413018351136756,0,1,1,1,1,1
205_1KXP.D,0.0,0.99,0.06486,1,1KXP.D,0.2853477790008767,0.33008049031591047,0.3265442786197346,0,1,0,1,1,1
207_1KXP.D,0.0,0.8,0.34186,1,1KXP.D,0.3114519082533121,0.29955184409244223,0.3122546423016625,0,1,1,1,1,1
210_1KXP.D,0.0,0.7,0.18448,1,1KXP.D,0.2490902693025812,0.20492901815388329,0.2551983864357495,0,1,0,1,1,1
211_1KXP.D,0.0,0.68,0.26511,1,1KXP.D,0.2591952940269835,0.21460918038367446,0.2621043321910243,0,1,0,1,1,1
31_1PDK.A,0.0,0.0,0.26346,1,1PDK.A,0.08248308769043243,0.038474186518765045,0.04871144586955007,0,0,0,0,0,0
91_1PDK.A,0.241,0.96,0.48155,1,1PDK.A,0.4920034525991812,0.5274020671604935,0.43249086530582,1,1,1,1,1,1
92_1PDK.A,0.355,0.0,0.14237,1,1PDK.A,0.1487271478019826,0.05038939152201287,0.09854960204852094,1,0,0,0,0,0
767_1QFH.A,0.0,0.0,0.00678,1,1QFH.A,0.012949580032353771,0.02701118458675397,0.006772048267312521,0,0,0,0,0,0
760_1QFH.A,0.241,0.97,0.51944,1,1QFH.A,0.4926598043673904,0.547828969200043,0.4418159452156339,1,1,1,1,1,1
761_1QFH.A,0.182,0.94,0.92511,1,1QFH.A,0.5899357090514122,0.6478192279115058,0.48712539295892787,1,1,1,1,1,1
762_1QFH.A,0.163,0.98,0.74932,1,1QFH.A,0.5645500451939608,0.6100743265282664,0.4672131035634493,1,1,1,1,1,1
763_1QFH.A,0.163,0.95,0.69851,1,1QFH.A,0.521285951285294,0.5721436118718718,0.449508670025673,1,1,1,1,1,1
764_1QFH.A,0.11,0.76,0.479,1,1QFH.A,0.2765278669429071,0.34840111685736663,0.34369893046431715,0,0,1,1,1,1
766_1QFH.A,0.0,0.84,0.1293,1,1QFH.A,0.20235646139207858,0.2612833678562466,0.2900607533741159,0,0,1,0,0,0
768_1QFH.A,0.0,0.9,0.09391,1,1QFH.A,0.22300272625334247,0.28487499255099996,0.3030833150675484,0,1,0,0,0,0
25_1PVH.B,0.0,0.03,0.04971,1,1PVH.B,0.02768014335415618,0.031119013863321405,0.023188954716474038,0,0,0,0,0,0
769_1QFH.A,0.282,0.81,0.02814,1,1QFH.A,0.2556094717975558,0.28765060346659227,0.31943591261041954,1,0,0,0,1,1
770_1QFH.A,0.0,0.94,0.02929,1,1QFH.A,0.24215647343313407,0.28913826721358665,0.30506160348640604,0,1,0,0,0,0
775_1QFH.A,0.416,0.88,0.04612,1,1QFH.A,0.31037971003593595,0.3747147641823972,0.37059318959893817,1,1,0,1,1,1
777_1QFH.A,1.0,0.8,0.06207,1,1QFH.A,0.2715136276198365,0.508247826829993,0.4626611334673165,1,0,0,1,1,1
779_1QFH.A,0.11,0.94,0.0467,1,1QFH.A,0.2210627514158622,0.32434525687409244,0.32947966003574086,0,1,0,1,1,0
780_1QFH.A,0.11,0.0,0.02283,1,1QFH.A,0.033267429130593114,0.03166520882011031,0.030967892019627564,0,0,0,0,0,0
759_1QFH.A,0.182,0.85,0.26975,1,1QFH.A,0.3552088083284234,0.35941143900287553,0.35183747322415093,1,0,1,1,1,1
758_1QFH.A,0.241,0.98,1.0,1,1QFH.A,0.5981042727466305,0.7118896080961906,0.5234696566377685,1,1,1,1,1,1
757_1QFH.A,0.416,0.98,0.43168,1,1QFH.A,0.5050072527801478,0.5791505727518306,0.4649321778354236,1,1,1,1,1,1
756_1QFH.A,0.0,0.98,0.36554,1,1QFH.A,0.42449704191731513,0.4236561259655762,0.37253874774447576,0,1,1,1,1,1
755_1QFH.A,0.0,0.97,0.03945,1,1QFH.A,0.2540620958443738,0.30992964270529066,0.3161241618779654,0,1,0,1,1,1
753_1QFH.A,0.0,0.97,0.38602,1,1QFH.A,0.4126820273819618,0.4238884912488567,0.3727508450126368,0,1,1,1,1,1
752_1QFH.A,0.0,0.93,0.10475,1,1QFH.A,0.26051206159813073,0.3056970755406739,0.3142569798576177,0,1,0,1,0,1
751_1QFH.A,0.282,0.69,0.25292,1,1QFH.A,0.3418067467476085,0.28388232600779656,0.318553120650797,1,0,1,0,1,1
749_1QFH.A,0.163,0.13,0.07531,1,1QFH.A,0.11336297804537933,0.05161786555991171,0.09068130931935345,1,0,0,0,0,0
120_1PVH.B,0.0,0.01,0.13952,1,1PVH.B,0.044618361620009435,0.03334793172717097,0.0315948368516325,0,0,0,0,0,0
724_1QFH.A,0.11,0.06,0.02152,1,1QFH.A,0.034800908837758014,0.03722219551224668,0.049558844979556295,0,0,0,0,0,0
722_1QFH.A,0.0,0.04,0.00823,1,1QFH.A,0.01483834684872973,0.030201857597629517,0.019545630435507177,0,0,0,0,0,0
127_1PVH.B,0.0,0.74,0.20337,1,1PVH.B,0.27349790994493106,0.22864272900407687,0.27082152094219814,0,1,0,1,1,1
128_1PVH.B,0.0,0.45,0.03681,1,1PVH.B,0.05193908085113699,0.09350742058485019,0.15271617416179586,0,1,0,1,1,0
666_1QFH.A,0.0,0.02,0.00985,1,1QFH.A,0.014476005186460868,0.0286561325718627,0.013541993034506495,0,0,0,0,0,0
665_1QFH.A,0.416,0.05,0.28351,1,1QFH.A,0.21213496347650992,0.07474271994816595,0.14924497976688755,1,0,1,0,0,0
663_1QFH.A,0.0,0.02,0.26225,1,1QFH.A,0.08092432443296793,0.04055011915158192,0.05478207389318172,0,0,1,0,0,0
29_1PVH.B,0.0,0.0,0.03139,1,1PVH.B,0.019815326539153175,0.02794783600473703,0.010793119542795871,0,0,0,0,0,0
823_1QFH.A,0.0,0.57,0.00401,1,1QFH.A,0.047947500262998106,0.12135685504862681,0.1849669166889639,0,0,0,0,0,0
99_1PDK.A,0.0,0.97,0.33966,1,1PDK.A,0.41112899620086607,0.4078498704886661,0.36517600290246177,0,1,0,1,1,1
107_1PDK.A,0.355,0.98,0.45615,1,1PDK.A,0.5080473666614088,0.5685660606447791,0.4569669400477792,1,1,1,1,1,1
154_1PDK.A,0.0,0.0,0.06302,1,1PDK.A,0.02745692332455934,0.029198085906789982,0.01596120099113144,0,0,0,0,0,0
152_1PDK.A,0.0,0.0,0.03133,1,1PDK.A,0.019815326539153175,0.02794551449227765,0.010783316037044997,0,0,0,0,0,0
112_1PDK.A,0.0,0.93,0.10742,1,1PDK.A,0.26051206159813073,0.30650481550088354,0.3146932358635316,0,1,0,1,1,1
110_1PDK.A,0.0,0.98,0.25451,1,1PDK.A,0.4178254818605376,0.3855819745051206,0.35439736035248404,0,1,0,1,1,1
109_1PDK.A,0.0,0.88,0.18036,1,1PDK.A,0.32426750825305123,0.2986546294838357,0.31094020088065794,0,1,0,1,1,1
108_1PDK.A,0.355,0.98,0.3866,1,1PDK.A,0.4948528948793732,0.5441208159142923,0.4456030429648915,1,1,1,1,1,1
106_1PDK.A,0.398,0.95,0.44285,1,1PDK.A,0.5020901767139224,0.556627538241865,0.45382457203510707,1,1,1,1,1,1
824_1QFH.A,0.0,0.77,0.01741,1,1QFH.A,0.14437187403074755,0.19842000058472029,0.24983968686940172,0,0,0,0,0,0
105_1PDK.A,0.525,0.97,0.66626,1,1PDK.A,0.5528409472758501,0.6823953101015038,0.521503735549509,1,1,1,1,1,1
104_1PDK.A,1.0,0.97,0.59151,1,1PDK.A,0.5643125694798313,0.7801906191714845,0.602448090691357,1,1,1,1,1,1
103_1PDK.A,1.0,0.96,0.68683,1,1PDK.A,0.5758509179132232,0.7980777443850984,0.6148884274661078,1,1,1,1,1,1
102_1PDK.A,0.885,0.98,0.48821,1,1PDK.A,0.5553916796537949,0.7311684699038007,0.5661498723257856,1,1,1,1,1,1
101_1PDK.A,0.399,0.98,0.36712,1,1PDK.A,0.5073430602686659,0.5512096005592638,0.4510495338166904,1,1,1,1,1,1
100_1PDK.A,0.241,0.95,0.18628,1,1PDK.A,0.4120646281828661,0.4160400356849077,0.3811120135600084,1,1,0,1,1,1
163_1PDK.A,0.0,0.0,0.0173,1,1PDK.A,0.015197141762671972,0.027407779733709996,0.008490929608965704,0,0,0,0,0,0
164_1PDK.A,0.0,0.14,0.35297,1,1PDK.A,0.12744446951584196,0.06321015628570069,0.10721496692614833,0,0,0,0,0,0
165_1PDK.A,0.0,0.24,0.13596,1,1PDK.A,0.06653205672365663,0.06163550419854571,0.10309898082423477,0,1,0,0,0,0
166_1PDK.A,0.0,0.18,0.05782,1,1PDK.A,0.04319477920421659,0.04726789589637625,0.07152655233252415,0,0,0,0,0,0
170_1PDK.A,0.0,0.97,0.18205,1,1PDK.A,0.3957024413335741,0.3549515850493503,0.3394238272125418,0,1,0,1,1,1
200_1PDK.A,0.525,0.06,0.52014,1,1PDK.A,0.26632668621782046,0.11803719785192687,0.21241982265040205,1,0,1,1,1,1
838_1QFH.A,0.0,0.92,0.44663,1,1QFH.A,0.3979345465351929,0.4105737234636523,0.3669831895979587,0,1,1,1,1,1
2_1B8A.A,0.616,0.93,0.52587,1,1B8A.A,0.5033518511619831,0.6384257299619437,0.5038755922859051,1,0,1,1,1,1
836_1QFH.A,0.0,0.96,0.71206,1,1QFH.A,0.46285286597520925,0.5322869938968324,0.4228889292347472,0,1,1,1,1,1
835_1QFH.A,0.0,0.49,0.83234,1,1QFH.A,0.23940917560044064,0.2639376519410532,0.2952358871075532,0,0,1,0,0,0
834_1QFH.A,0.0,0.46,0.57427,1,1QFH.A,0.19438771174402628,0.1857564312163296,0.24366687687100902,0,0,1,0,0,0
833_1QFH.A,0.0,0.99,0.73718,1,1QFH.A,0.48565602167207333,0.5621174411713934,0.4363958283935243,0,1,1,1,1,1
829_1QFH.A,0.0,0.91,0.32958,1,1QFH.A,0.3748987292605414,0.36435173359867723,0.3447240177674922,0,1,1,1,1,1
828_1QFH.A,0.0,0.99,0.15536,1,1QFH.A,0.3584368986142964,0.35918057268691966,0.3413312331273024,0,1,1,1,1,1
15_1PVH.B,1.0,0.59,0.51504,1,1PVH.B,0.3464740511595927,0.5213818334499465,0.47085521354265736,1,1,1,1,1,1
16_1PVH.B,1.0,0.65,0.22194,1,1PVH.B,0.34392547619646324,0.45944597998552195,0.44177008411846236,1,1,0,1,1,1
19_1PVH.B,0.324,0.63,0.11274,1,1PVH.B,0.20713859952946032,0.22435752108596624,0.28508098585346636,1,1,0,1,1,1
392_1SOX.A,0.0,0.3,0.46896,1,1SOX.A,0.16093027298689994,0.11112480654844924,0.17631343391040644,0,0,1,0,0,0
394_1SOX.A,0.0,0.37,0.35508,1,1SOX.A,0.1491213224424625,0.11466251443268628,0.17964554219220819,0,0,1,0,0,0
401_1SOX.A,0.0,0.91,0.21301,1,1SOX.A,0.3762491795182612,0.3268304761546756,0.32567744001116977,0,1,0,1,1,1
369_1TCO.A,0.671,0.98,0.01397,1,1TCO.A,0.46973491389264743,0.5127429680130683,0.44669288217736514,1,1,0,1,1,1
188_1EG9.A,0.0,0.52,0.02001,1,1EG9.A,0.04707998325831115,0.10929676610168525,0.1719103547485112,0,0,0,0,0,0
367_1TCO.A,0.404,0.96,0.05444,1,1TCO.A,0.3730118969875115,0.42804788205139516,0.39467247481936113,1,0,0,1,1,0
186_1EG9.A,0.0,0.37,0.00981,1,1EG9.A,0.03670930486132978,0.07339023552799046,0.12323126834880566,0,0,0,0,0,0
185_1EG9.A,0.0,0.38,0.01953,1,1EG9.A,0.03762543549789468,0.07630245827472805,0.12795360230858432,0,0,0,0,0,0
184_1EG9.A,0.0,0.08,0.01318,1,1EG9.A,0.016505727893917327,0.03391932471059274,0.0328910837725028,0,0,0,0,0,0
368_1TCO.A,0.671,0.98,0.04561,1,1TCO.A,0.44796091606023675,0.5239934482569594,0.45186259754332586,1,1,0,1,1,1
371_1TCO.A,1.0,0.98,0.01509,1,1TCO.A,0.4775201711791397,0.6163310525182643,0.5113999769708508,1,1,0,1,1,1
561_1TMQ.B,0.13,0.84,0.15312,1,1TMQ.B,0.21652720572372852,0.30177466734264013,0.31944858856916114,1,1,0,0,0,0
372_1TCO.A,0.671,0.69,0.00526,1,1TCO.A,0.3298285652333474,0.314375195604025,0.3543789251098864,1,0,0,0,0,0
501_1TMQ.B,0.193,0.93,0.7034,1,1TMQ.B,0.4843081501269897,0.5694381589008676,0.4499229798600831,1,1,1,1,1,1
502_1TMQ.B,0.523,0.97,0.79601,1,1TMQ.B,0.604947268253226,0.7205198842070688,0.5423115729909741,1,1,1,1,1,1
504_1TMQ.B,0.322,0.98,0.40081,1,1TMQ.B,0.4924205668840094,0.5386507359520192,0.44145281812103654,1,1,0,1,1,1
552_1TMQ.B,0.061,0.72,0.5778,1,1TMQ.B,0.2752201920754812,0.3405168290392942,0.3376954007406267,0,0,1,1,1,0
553_1TMQ.B,0.091,0.83,0.48546,1,1TMQ.B,0.3044214103318342,0.3908630766186347,0.3629672878715287,1,0,0,1,1,0
189_1EG9.A,0.0,0.79,0.01914,1,1EG9.A,0.14450683495040065,0.20795461398084442,0.2563906866748262,0,0,0,0,0,0
190_1EG9.A,0.0,0.9,0.0203,1,1EG9.A,0.19314229703967048,0.26400619062515457,0.29105604742885155,0,0,0,0,0,0
365_1TCO.A,0.304,0.98,0.06245,1,1TCO.A,0.3810226797796462,0.41336575220758065,0.3826373876534167,1,1,0,1,1,0
364_1TCO.A,0.508,0.97,0.20851,1,1TCO.A,0.4700039743708722,0.5227481365283179,0.44337708442767537,1,1,0,1,1,1
362_1TCO.A,0.0,0.95,0.02853,1,1TCO.A,0.24511774417759682,0.29474737398029766,0.30807159177503207,0,0,0,0,0,0
361_1TCO.A,0.597,0.98,0.22149,1,1TCO.A,0.4977955583139556,0.5626105071897267,0.46608692217681624,1,1,1,1,1,1
360_1TCO.A,0.307,0.98,0.4924,1,1TCO.A,0.49789243646001374,0.566147270491857,0.4534760415637511,1,1,1,1,1,1
354_1TCO.A,0.508,0.98,0.206,1,1TCO.A,0.49494829461200845,0.5288923735766154,0.44610113713190097,1,1,0,1,1,1
353_1TCO.A,0.0,0.97,0.66057,1,1TCO.A,0.44024102021224537,0.5210398207758822,0.41761005341100954,0,1,1,1,1,1
352_1TCO.A,0.307,0.97,1.0,1,1TCO.A,0.6046821220631527,0.7233024812505995,0.5332795341880051,1,1,1,1,1,1
350_1TCO.A,0.76,0.97,0.58718,1,1TCO.A,0.5502981436077916,0.7217556775044867,0.5546713549837642,1,1,1,1,1,1
349_1TCO.A,0.307,0.92,0.68162,1,1TCO.A,0.48265996992572574,0.5905757986297628,0.46558803469793353,1,0,1,1,1,1
348_1TCO.A,0.668,0.97,0.27371,1,1TCO.A,0.473991232365864,0.5960102100316036,0.48540972692756124,1,1,1,1,1,1
211_1EG9.A,0.621,0.97,0.99182,1,1EG9.A,0.6392923312041525,0.794368865529736,0.5935252575041114,1,1,1,1,1,1
214_1EG9.A,0.421,0.0,0.12179,1,1EG9.A,0.1486189203497641,0.05309872539173507,0.10813104315434507,1,0,0,0,0,0
215_1EG9.A,0.0,0.96,0.1265,1,1EG9.A,0.285712548070339,0.3307751103926275,0.32721324877672076,0,1,0,1,0,0
216_1EG9.A,0.0,0.0,0.02953,1,1EG9.A,0.017826725491114734,0.027875956146961704,0.010489210864518787,0,0,0,0,0,0
554_1TMQ.B,1.0,0.98,0.9507,1,1TMQ.B,0.6639805230662317,0.8589489410964443,0.6642709438970994,1,1,1,1,1,1
567_1TMQ.B,0.0,0.95,0.12769,1,1TMQ.B,0.2743691477769185,0.32493046659795016,0.32427351894597595,0,1,0,0,0,0
219_1EG9.A,0.0,0.96,0.06349,1,1EG9.A,0.2562968993968449,0.3112190730918633,0.31691793382067823,0,1,0,0,0,0
48_1YPI.A,0.0,0.84,0.01855,1,1YPI.A,0.16406612593393785,0.2320005277228685,0.27196511567562826,0,0,0,0,0,0
15_1YPI.A,0.0,0.66,0.16371,1,1YPI.A,0.12777852294245856,0.18269083673419503,0.23926807541577352,0,0,1,0,0,0
16_1YPI.A,0.0,0.99,0.11535,1,1YPI.A,0.3075965393222203,0.3461720244612742,0.3347939287090948,0,1,0,1,1,1
17_1YPI.A,0.0,0.97,0.06191,1,1YPI.A,0.2579041631989816,0.3168126337294707,0.3197939408640424,0,1,0,1,1,1
43_1YPI.A,0.0,0.0,0.10018,1,1YPI.A,0.0370694606919121,0.030736294224630797,0.02203283888617253,0,0,0,0,0,0
45_1YPI.A,0.241,0.7,0.19684,1,1YPI.A,0.3199656308210364,0.2631889498745476,0.3044832798687338,1,0,1,0,0,1
46_1YPI.A,0.183,0.96,0.16449,1,1YPI.A,0.3821999558799458,0.3974354443591943,0.3693108044837763,1,1,1,1,1,1
64_1YPI.A,0.241,0.68,0.07517,1,1YPI.A,0.24816272332559877,0.2211135358770968,0.2783350720673129,1,0,0,0,0,0
568_1TMQ.B,0.0,0.99,0.16656,1,1TMQ.B,0.3860357327311272,0.3628604514598758,0.3431612208674655,0,1,0,1,1,1
158_1E4K.C,0.0,0.13,0.91264,1,1E4K.C,0.15726997716074406,0.12707440701604872,0.19552626862453562,0,1,1,1,1,1
71_1YPI.A,0.109,0.99,0.05555,1,1YPI.A,0.26857178655348707,0.3585967604546694,0.3464003854022808,1,1,0,1,1,1
155_1E4K.C,0.405,0.0,0.28611,1,1E4K.C,0.20502682039498413,0.06491875407440534,0.1318416276123441,1,0,1,1,1,1
72_1YPI.A,0.181,0.96,0.10062,1,1YPI.A,0.33106175666207877,0.3752653125754976,0.3584827288671721,1,1,0,1,1,1
73_1YPI.A,0.545,0.96,0.34953,1,1YPI.A,0.5107740562767338,0.5771502601756782,0.470540934028127,1,1,1,1,1,1
152_1E4K.C,0.421,0.03,0.13472,1,1E4K.C,0.14723824963669896,0.05852620393121147,0.11964619672806975,1,0,0,1,1,1
14_1YPI.A,0.0,0.92,0.30157,1,1YPI.A,0.391635329563979,0.3616517664641319,0.34328158052759644,0,1,1,1,1,1
13_1YPI.A,0.0,0.97,0.64489,1,1YPI.A,0.44024102021224537,0.5154640877872508,0.4150480705747812,0,1,1,1,1,1
12_1YPI.A,0.0,0.5,0.22684,1,1YPI.A,0.18371955229885711,0.13472709346684392,0.19943634093312362,0,0,1,0,0,0
46_1EG9.A,0.0,0.03,0.00722,1,1EG9.A,0.01483834684872973,0.02934522555908183,0.016246438727230333,0,0,0,0,0,0
47_1EG9.A,0.0,0.1,0.00981,1,1EG9.A,0.025082228598880568,0.0356527074502033,0.038608785589102995,0,0,0,0,0,0
10_1YPI.A,0.0,0.0,0.0116,1,1YPI.A,0.0136725739971429,0.027192197198266745,0.007559596562632706,0,0,0,0,0,0
617_1TMQ.B,0.069,0.66,0.33299,1,1TMQ.B,0.244084825350069,0.23708398353079754,0.28045944216981106,0,0,0,0,0,0
616_1TMQ.B,0.322,0.92,0.52967,1,1TMQ.B,0.47159949467948836,0.5421841668615547,0.44370248446984006,1,1,1,1,1,1
609_1TMQ.B,0.341,0.99,0.955,1,1TMQ.B,0.6157547225538499,0.7304283471750016,0.5388633805927107,1,1,1,1,1,1
608_1TMQ.B,0.787,0.99,0.75492,1,1TMQ.B,0.6456894923809128,0.7829802551165216,0.5936423118390203,1,1,1,1,1,1
91_1EG9.A,0.0,0.87,0.12727,1,1EG9.A,0.21304222995269878,0.2773697290343901,0.29913156618062275,0,0,0,0,0,0
92_1EG9.A,0.0,0.49,0.03675,1,1EG9.A,0.05523663451901143,0.10351586746307449,0.16524303476859356,0,0,0,0,0,0
93_1EG9.A,0.0,0.24,0.06118,1,1EG9.A,0.04680198756055955,0.055755500472001736,0.09088054482339589,0,0,0,0,0,0
94_1EG9.A,0.0,0.15,0.07157,1,1EG9.A,0.04890665637742246,0.04442239469214558,0.06437069098268797,0,0,0,0,0,0
95_1EG9.A,0.0,0.1,0.12246,1,1EG9.A,0.05323626859863377,0.04159941529859725,0.05701486763636831,0,0,0,0,0,0
570_1TMQ.B,0.0,0.89,0.23308,1,1TMQ.B,0.351894062492412,0.3207328608667656,0.32268838062856275,0,1,0,0,0,1
569_1TMQ.B,0.0,0.93,0.16343,1,1TMQ.B,0.3321270559032733,0.3237182712171492,0.32384480848197217,0,1,0,0,0,1
218_1EG9.A,0.0,0.99,0.19432,1,1EG9.A,0.4226587587673609,0.372050072118037,0.34769697619486967,0,1,0,1,1,1
342_1TCO.A,0.668,0.98,0.39703,1,1TCO.A,0.5442199086189651,0.6439912975960748,0.5086933651089941,1,1,1,1,1,1
113_1JTD.A,0.13,0.21,0.09592,1,1JTD.A,0.1293772967957538,0.0630878076346785,0.11265011998068873,1,1,0,1,1,1
66_1STF.E,0.377,0.14,0.39164,1,1STF.E,0.24956834632509012,0.1035854740280166,0.18747127227723676,1,0,1,1,1,1
19_1STF.E,0.0,0.0,0.02516,1,1STF.E,0.016500711000505038,0.0277077829847279,0.009775188862330154,0,0,0,0,0,0
20_1STF.E,0.0,0.08,0.03015,1,1STF.E,0.023768077155905926,0.03472033999385035,0.0356638419823749,0,0,0,0,0,0
21_1STF.E,0.0,0.15,0.04645,1,1STF.E,0.03992522516513092,0.042928157006091434,0.06026628990832218,0,0,0,0,0,0
63_1STF.E,0.496,0.59,0.06791,1,1STF.E,0.2054188273290913,0.23203539257754546,0.29895243108012176,1,1,0,1,1,1
64_1STF.E,0.304,0.61,0.43246,1,1STF.E,0.32629864577292034,0.295851799832904,0.3271298306603555,1,1,1,1,1,1
65_1STF.E,0.231,0.41,0.31687,1,1STF.E,0.2646750866242902,0.15582433340902754,0.2312431595833836,1,1,1,1,1,1
67_1STF.E,0.304,0.9,1.0,1,1STF.E,0.5902924599059982,0.6812525751465854,0.5107520063738463,1,1,1,1,1,1
36_1I8L.A,0.0,0.23,0.52708,1,1I8L.A,0.16144769019135205,0.10028619923262704,0.16387060095079278,0,0,1,1,1,1
94_1I8L.A,0.304,0.42,0.15544,1,1I8L.A,0.18909008123916807,0.142115525391921,0.22231789007396618,1,1,0,1,1,1
93_1I8L.A,0.616,0.51,0.12503,1,1I8L.A,0.22637449344994096,0.2337009679923578,0.30674666501780873,1,1,0,1,1,1
83_1I8L.A,0.215,0.0,0.14533,1,1I8L.A,0.12975256523952575,0.042640042511690165,0.07157617952961962,1,0,0,0,0,0
158_1STF.E,0.086,0.41,0.25641,1,1STF.E,0.1485760455982388,0.1233070766528966,0.19292682212381082,1,1,1,1,1,1
177_1STF.E,0.0,0.88,0.03385,1,1STF.E,0.17817933208467046,0.2568537726877943,0.2870016737546496,0,1,0,1,1,1
180_1STF.E,0.0,0.08,0.02612,1,1STF.E,0.019333864897279472,0.03452848098143414,0.03500537317944122,0,0,0,0,0,0
18_1STF.E,0.0,0.2,0.02789,1,1STF.E,0.03695653177975844,0.04789356747069953,0.07290456893673762,0,0,0,0,0,0
457_1SOX.A,0.0,0.0,0.36153,1,1SOX.A,0.08800598447551249,0.04398800825231368,0.06473527601935308,0,0,1,0,0,0
453_1SOX.A,0.0,0.94,0.09902,1,1SOX.A,0.2614225408093194,0.3099705594236216,0.31645491108654633,0,1,0,1,1,1
445_1SOX.A,0.0,0.94,0.23727,1,1SOX.A,0.3966678543198091,0.35357801884738654,0.33904382225418445,0,1,1,1,1,1
442_1SOX.A,0.0,0.4,0.13705,1,1SOX.A,0.06958787488284564,0.0936500413391808,0.15342373429556982,0,0,0,0,0,0
441_1SOX.A,0.0,0.47,0.46667,1,1SOX.A,0.1830834163195183,0.1675823705111568,0.2292200892525794,0,0,1,0,0,0
437_1SOX.A,0.282,0.3,0.46536,1,1SOX.A,0.2576561660881824,0.15145841352930833,0.23103159158204206,1,0,1,0,0,1
436_1SOX.A,0.282,0.99,1.0,1,1SOX.A,0.6177445262613545,0.728161601779405,0.5346448194342893,1,1,1,1,1,1
435_1SOX.A,0.282,0.82,0.59027,1,1SOX.A,0.4353385779213611,0.48051841128958644,0.41441749010086687,1,0,1,1,1,1
430_1SOX.A,0.0,0.69,0.41902,1,1SOX.A,0.293978713116474,0.2592381861542621,0.2903861243877775,0,0,1,0,0,1
99_1JTD.A,0.188,0.98,0.23916,1,1JTD.A,0.4172429679481294,0.4385694936232704,0.38876020880901085,1,1,0,1,1,1
102_1JTD.A,0.146,0.22,0.23323,1,1JTD.A,0.23137002366795806,0.07916260487294341,0.1413575588780939,1,1,0,1,1,1
104_1JTD.A,0.787,0.33,0.7541,1,1JTD.A,0.4429629267582396,0.3588327783779233,0.3866533727367074,1,1,1,1,1,1
105_1JTD.A,1.0,0.99,1.0,1,1JTD.A,0.6715861932887983,0.8704589933447613,0.6754603238172043,1,1,1,1,1,1
106_1JTD.A,0.001,0.0,0.3002,1,1JTD.A,0.09281544123443423,0.04050722635470777,0.05491058109673465,0,0,0,0,0,0
110_1JTD.A,0.341,0.52,0.60249,1,1JTD.A,0.36988125927069126,0.30332277186232215,0.3339603470662574,1,1,1,1,1,1
111_1JTD.A,0.409,0.73,0.24381,1,1JTD.A,0.33202877304458306,0.340131100158455,0.3545087636015875,1,1,0,1,1,1
38_1I8L.A,0.502,0.39,0.75049,1,1I8L.A,0.4099202161170233,0.31403268423541225,0.34897379100896575,1,1,1,1,1,1
33_1I8L.A,0.024,0.0,0.41248,1,1I8L.A,0.08438987709940379,0.04854305439400262,0.07776701125706044,0,0,1,0,0,0
341_1TCO.A,0.508,0.98,0.87575,1,1TCO.A,0.6360191671791905,0.7445244609527075,0.5555327700760283,1,1,1,1,1,1
357_1EG9.A,0.0,0.99,0.05849,1,1EG9.A,0.2853477790008767,0.3280773588149925,0.32550347309251687,0,1,0,0,0,0
27_1HSS.A,0.0,0.5,0.09012,1,1HSS.A,0.06961721953703603,0.11359613656807935,0.1770974191621328,0,0,0,0,0,0
367_1EG9.A,0.0,0.85,0.02357,1,1EG9.A,0.16815913688251224,0.23836188382614693,0.2759195083515885,0,0,0,0,0,0
364_1EG9.A,0.0,0.69,0.20856,1,1EG9.A,0.2708899584032059,0.20592127112655276,0.25599869404896297,0,0,0,0,0,0
363_1EG9.A,0.0,0.67,0.03405,1,1EG9.A,0.07437043009524107,0.16047769494906397,0.2212168655162727,0,0,0,0,0,0
361_1EG9.A,0.171,0.97,0.10553,1,1EG9.A,0.33085557555086664,0.3805317459403159,0.36045792972525964,0,1,0,1,1,1
360_1EG9.A,0.0,0.83,0.06936,1,1EG9.A,0.16174638219651705,0.23995996808381917,0.277132885100856,0,0,0,0,0,0
355_1EG9.A,0.0,0.18,0.0457,1,1EG9.A,0.04109502739238866,0.046496552813236086,0.06954624417084768,0,0,0,0,0,0
31_1I8L.A,0.616,0.15,0.88014,1,1I8L.A,0.4256192593762798,0.24455289974927233,0.3172954417972421,1,0,1,1,1,1
354_1EG9.A,0.0,0.9,0.03059,1,1EG9.A,0.19484740454450974,0.26686378171860226,0.2927373486651264,0,0,0,0,0,0
350_1EG9.A,0.0,0.96,0.03617,1,1EG9.A,0.2537339983068323,0.3029397548794787,0.31245407086878046,0,1,0,0,0,0
349_1EG9.A,0.0,0.64,0.0151,1,1EG9.A,0.06677488584563616,0.14600028149289038,0.20871809353221032,0,0,0,0,0,0
346_1EG9.A,0.0,0.51,0.01568,1,1EG9.A,0.04530661164533779,0.10599403388193317,0.16806870238868601,0,0,0,0,0,0
264_1EG9.A,0.0,0.26,0.01414,1,1EG9.A,0.034063742775972884,0.0552020017672928,0.08946292837098521,0,0,0,0,0,0
340_1TCO.A,0.307,0.96,0.16893,1,1TCO.A,0.4099350242777023,0.4375766240795452,0.3943553760868917,1,0,0,1,1,1
29_1HSS.A,0.0,0.49,0.07914,1,1HSS.A,0.06677293499968179,0.1092543883258145,0.1721692115815858,0,0,0,0,0,0
31_1HSS.A,0.0,0.99,0.08669,1,1HSS.A,0.3085189860399582,0.3369918122103329,0.3301111207954275,0,1,0,1,1,1
35_1HSS.A,0.0,0.16,0.06049,1,1HSS.A,0.04265824090402362,0.044953325574073326,0.06569447628216377,0,0,0,0,0,0
38_1HSS.A,0.042,0.3,0.04916,1,1HSS.A,0.041349226479075095,0.06764613057627347,0.11595869064757701,0,0,0,0,0,0
84_1HSS.A,0.0,0.97,0.09749,1,1HSS.A,0.2778194361053129,0.32788153456486485,0.3256074197743105,0,1,0,1,1,1
90_1HSS.A,0.148,0.2,0.09779,1,1HSS.A,0.12760350528564898,0.0629403304568191,0.1133516902516467,1,0,0,0,0,0
94_1HSS.A,0.13,0.49,0.1031,1,1HSS.A,0.15156785437499037,0.1303652842284519,0.2015799216233831,1,0,0,0,0,0
53_1TCO.A,0.0,0.28,0.17594,1,1TCO.A,0.09730559763592735,0.07221948466506822,0.12216804760211548,0,0,0,0,0,0
100_1HSS.A,0.069,0.52,0.2144,1,1HSS.A,0.17758876839531015,0.15024358408422553,0.21720448865928935,0,0,0,0,0,0
106_1HSS.A,0.218,0.89,0.22437,1,1HSS.A,0.3724340357153691,0.38140978039751183,0.3640198065601744,1,1,1,1,1,1
108_1HSS.A,0.088,0.69,0.28032,1,1HSS.A,0.24753042934779834,0.24328381809898647,0.28498241169817295,0,0,1,0,0,0
110_1HSS.A,0.146,0.92,0.14754,1,1HSS.A,0.305159677254154,0.35421322756493817,0.3467481407178207,1,1,0,1,1,1
111_1HSS.A,0.148,0.9,0.17468,1,1HSS.A,0.3339727552865846,0.35073977632856534,0.34530650484099074,1,1,0,1,1,1
113_1HSS.A,0.069,0.97,0.23924,1,1HSS.A,0.35927452245586816,0.3947224065270854,0.3623006113063222,0,1,1,1,1,1
114_1HSS.A,0.13,0.96,0.10835,1,1HSS.A,0.27407789163329105,0.36261979959429763,0.34974353169902983,1,1,0,1,1,1
23_1TCO.A,0.0,0.98,0.54274,1,1TCO.A,0.44889514601969976,0.4861541524488218,0.401491768062056,0,1,1,1,1,1
29_1I8L.A,0.282,0.03,0.97727,1,1I8L.A,0.27882216500654833,0.14729419954481393,0.2300509859711684,1,0,1,1,1,1
141_1CLI.A,0.35,0.97,0.00448,1,1CLI.A,0.45601611008489296,0.40084867627949733,0.37905300728269226,1,1,0,1,1,1
146_1DOW.A,0.0,0.98,0.02892,1,1DOW.A,0.26892147997624344,0.3127641589923693,0.3175378126468242,0,1,0,0,0,0
158_1B8A.A,0.0,0.77,0.25464,1,1B8A.A,0.28217895662218173,0.25763185915143827,0.2886011146907311,0,0,0,0,0,0
106_1B8A.A,0.0,0.99,0.06942,1,1B8A.A,0.3011132234640612,0.3315182452732959,0.327289345056801,0,1,0,0,0,0
205_3VLB.B,0.0,0.01,0.21634,1,3VLB.B,0.07460328900134612,0.037060865330817934,0.04414659204800108,0,0,0,0,0,0
24_1B8A.A,0.466,0.99,0.59007,1,1B8A.A,0.5323785452074432,0.654107962257471,0.5037520587482223,1,1,1,1,1,1
433_1B8A.A,0.282,0.95,0.03674,1,1B8A.A,0.36074392110668446,0.377653087317834,0.36471940616196463,1,0,0,0,0,0
98_1CLI.A,0.0,0.92,0.00321,1,1CLI.A,0.2301594788866328,0.2702894704466787,0.29453201426375203,0,0,0,0,0,0
180_1B8A.A,1.0,0.98,1.0,1,1B8A.A,0.6659171725202389,0.8672437352781724,0.6723261577890672,1,1,1,1,1,1
166_1B8A.A,0.282,0.98,0.19486,1,1B8A.A,0.4449386139452223,0.4527269958768552,0.39995740973517846,1,1,0,1,1,1
164_1B8A.A,0.262,0.98,0.87522,1,1B8A.A,0.5944977249702627,0.679996413350367,0.5072001918315933,1,1,1,1,1,1
6_2UTG.A,0.455,0.99,1.0,1,2UTG.A,0.609315271474421,0.7697528467499426,0.5685739033594207,1,1,1,1,1,1
207_3VLB.B,0.0,0.0,0.18546,1,3VLB.B,0.07715700903960959,0.034568617167242285,0.035966888393414304,0,0,0,0,0,0
104_1CLI.A,0.16,0.95,0.00381,1,1CLI.A,0.3382636587364179,0.3312145087031301,0.3354120469896086,1,0,0,1,1,1
5_2UTG.A,0.6,0.95,0.42873,1,2UTG.A,0.521510752820586,0.6144657182405141,0.49113409857312124,1,0,1,1,1,1
132_3BX7.A,0.0,0.01,0.71573,1,3BX7.A,0.12333364287169055,0.07268551462815735,0.12574280433014776,0,0,1,0,0,0
204_1B8A.A,0.0,0.84,0.04435,1,1B8A.A,0.16693428911166383,0.23861230111926326,0.27618062314850395,0,0,0,0,0,0
107_1CLI.A,0.0,0.0,0.00042,1,1CLI.A,0.011848029093358583,0.02677412999258686,0.005732876657719913,0,0,0,0,0,0
203_1B8A.A,0.0,0.89,0.10558,1,1B8A.A,0.21424878171642675,0.28251845501797457,0.3018559309079562,0,0,0,0,0,0
202_1B8A.A,0.0,0.99,0.07667,1,1B8A.A,0.3028304244294815,0.3338106267607679,0.32847393533503155,0,1,0,0,0,0
432_1B8A.A,0.199,0.0,0.0187,1,1B8A.A,0.08640281076761554,0.03515370262050332,0.047747930684007095,0,0,0,0,0,0
148_1B8A.A,0.0,0.89,0.33797,1,1B8A.A,0.3523795720103295,0.3541122543915942,0.3398265425987151,0,0,0,0,0,0
119_3VLB.B,0.0,0.0,0.22503,1,3VLB.B,0.08046612663723578,0.03649967462555839,0.04243230043611548,0,0,0,0,0,0
40_3BX7.A,0.0,0.1,0.92357,1,3BX7.A,0.1459177261577233,0.11960628086063305,0.18790964250440836,0,0,1,1,1,0
62_3VLB.B,0.0,0.95,0.31358,1,3VLB.B,0.4063344176131471,0.3854585902293304,0.3546464136798077,0,1,1,1,1,1
34_2UTG.A,0.179,0.98,0.83773,1,2UTG.A,0.5939399641547476,0.6442918785396063,0.4847965192457553,0,0,1,1,1,1
182_1B8A.A,0.929,0.95,0.40406,1,1B8A.A,0.5281857000987865,0.7010728182057516,0.5516273198113564,1,0,1,1,1,1
181_1B8A.A,1.0,0.96,0.99391,1,1B8A.A,0.656757067190982,0.8595666481917803,0.6650627698990793,1,0,1,1,1,1
29_2UTG.A,0.406,0.99,0.26298,1,2UTG.A,0.4545678898924374,0.5235869059769962,0.43854093480335826,1,1,0,1,1,1
125_1B8A.A,0.282,0.97,0.75746,1,1B8A.A,0.5896888603273037,0.6418565317618727,0.4887474492977334,1,1,1,1,1,1
41_3BX7.A,0.0,0.55,0.36055,1,3BX7.A,0.18891572181831007,0.17824816548890887,0.23695428363963125,0,1,1,1,1,1
59_2UTG.A,1.0,0.98,0.18484,1,2UTG.A,0.4979818800772005,0.6716766316759163,0.5391357286576975,1,1,0,1,1,1
108_1CLI.A,0.569,0.91,0.00245,1,1CLI.A,0.4642277732336032,0.42712140548447874,0.40286701589147794,1,0,0,1,1,1
28_2UTG.A,0.76,0.98,0.75249,1,2UTG.A,0.6308199409906238,0.7715096202203463,0.5848158132731834,1,1,1,1,1,1
94_3BX7.A,0.111,0.27,0.51153,1,3BX7.A,0.1727199312675262,0.12334358477490046,0.19563605099259584,1,1,1,1,1,1
62_2UTG.A,0.001,0.98,0.04915,1,2UTG.A,0.31016763338061426,0.3192688913036856,0.32103934987489335,0,1,0,0,0,0
144_1B8A.A,0.0,0.0,0.27623,1,1B8A.A,0.08248308769043243,0.039152717606119505,0.05079795867686101,0,0,0,0,0,0
145_1B8A.A,0.0,0.87,0.11986,1,1B8A.A,0.20769458157721654,0.2752593051716413,0.29792083322038987,0,0,0,0,0,0
63_2UTG.A,1.0,0.98,0.42468,1,2UTG.A,0.5581033112146414,0.7421896570135731,0.57832360897919,1,1,1,1,1,1
94_1CLI.A,0.0,0.19,0.00051,1,1CLI.A,0.029812415245785737,0.044920053172274814,0.0652967364509518,0,0,0,0,0,0
155_1B8A.A,0.0,0.28,0.01529,1,1B8A.A,0.03435637895764466,0.05831024414883559,0.09591916095415123,0,0,0,0,0,0
436_1B8A.A,0.262,0.98,0.38036,1,1B8A.A,0.4838043325787783,0.5122299042691277,0.42634414423363753,0,1,1,1,1,1
121_3VLB.B,0.0,0.0,0.04339,1,3VLB.B,0.026105880259911896,0.028415922395771318,0.012753820692970604,0,0,0,0,0,0
106_3BX7.A,0.0,0.03,0.45286,1,3BX7.A,0.1082554469585316,0.05395607056514673,0.08906034377421934,0,0,1,0,0,0
100_3BX7.A,0.397,0.11,1.0,1,3BX7.A,0.32324065400819946,0.20577918852979477,0.2813922242841758,1,0,1,1,1,1
11_1CLI.A,0.377,0.9,0.45588,1,1CLI.A,0.47445510481354775,0.5195039410704769,0.43616417723959444,1,0,1,1,1,1
73_3BX7.A,0.245,0.94,0.37461,1,3BX7.A,0.47640566637927295,0.4765402511832348,0.409533905655837,1,1,1,1,1,1
226_1B8A.A,0.0,0.87,0.62297,1,1B8A.A,0.36757272479789377,0.43744843088541646,0.3801248628590907,0,0,1,1,1,0
225_1B8A.A,0.0,0.0,0.05587,1,1B8A.A,0.02745692332455934,0.02891080312904642,0.014792949889152328,0,0,0,0,0,0
74_3BX7.A,0.191,0.64,0.15998,1,3BX7.A,0.22970138131669818,0.21159914939207758,0.26984956971364416,1,1,0,1,1,1
75_3BX7.A,0.365,0.67,0.47978,1,3BX7.A,0.3938604244981411,0.3653337056514727,0.3656299592477431,1,1,1,1,1,1
106_1CLI.A,0.265,0.98,0.00254,1,1CLI.A,0.4636809680364879,0.3809885494964692,0.3651998341375849,1,1,0,1,1,1
8_1CLI.A,0.16,0.88,0.21276,1,1CLI.A,0.3633854908744236,0.3537452687456808,0.3476135935700662,1,0,1,1,1,1
77_3BX7.A,0.543,0.98,0.76767,1,3BX7.A,0.6229296159713862,0.7232246934432471,0.5447376539174407,1,1,1,1,1,1
14_1CLI.A,0.202,0.92,0.16082,1,1CLI.A,0.3348918967847753,0.37521143749302033,0.35990080817839176,1,0,1,1,1,1
69_2UTG.A,0.68,0.99,0.62774,1,2UTG.A,0.5662966746731062,0.7241053769622465,0.5518771071356608,1,1,1,1,1,1
42_1B8A.A,0.402,0.86,0.49783,1,1B8A.A,0.4655129425147765,0.5142351330494791,0.43538484437452174,1,0,1,1,1,1
20_1CLI.A,0.0,0.85,0.06751,1,1CLI.A,0.1718309058125085,0.24990893480066903,0.2830989423964783,0,0,0,0,0,0
160_1B8A.A,0.0,0.56,0.57623,1,1B8A.A,0.2235918768403568,0.23274923281339438,0.27532878500690894,0,0,1,0,0,0
162_1B8A.A,0.0,0.86,0.46761,1,1B8A.A,0.3587467989077422,0.377300949308198,0.3516061526066913,0,0,1,0,0,0
10_1CLI.A,0.35,0.97,0.72414,1,1CLI.A,0.5798215797415172,0.650918028215771,0.4966395230939213,1,1,1,1,1,1
7_1CLI.A,0.0,0.97,0.42484,1,1CLI.A,0.4227690667726508,0.43744455624299805,0.3790937132334521,0,1,1,1,1,1
201_1B8A.A,0.262,0.96,0.16478,1,1B8A.A,0.41144126615503074,0.4220031224499098,0.38485181601447416,1,0,0,1,1,1
438_1B8A.A,0.0,0.95,0.74913,1,1B8A.A,0.4410694225530137,0.5384013618081657,0.4258116958430248,0,0,1,1,1,1
200_1B8A.A,0.387,0.66,0.10065,1,1B8A.A,0.23816068264757212,0.2511820214367185,0.3048637554902517,1,0,0,0,0,0
96_3BX7.A,0.146,0.39,0.72828,1,3BX7.A,0.3451512326371541,0.21943231245006153,0.2755254733892587,1,1,1,1,1,1
61_3VLB.B,0.0,0.99,0.18079,1,3VLB.B,0.4139742091378582,0.36755909529803965,0.3454862856480477,0,1,0,1,1,1
123_1B8A.A,0.0,0.98,0.1721,1,1B8A.A,0.418755369619188,0.3581741367148487,0.34093224520365906,0,1,0,0,0,1
178_1B8A.A,0.282,0.97,0.59348,1,1B8A.A,0.5075807191405065,0.586587383775308,0.4619544680805957,1,1,1,1,1,1
197_1B8A.A,0.262,0.95,0.20529,1,1B8A.A,0.43541683197745085,0.42920987330859883,0.3883366502858019,1,0,0,1,1,1
177_1B8A.A,0.199,0.95,0.13616,1,1B8A.A,0.33492766793571993,0.38598150443206386,0.3646856997819953,0,0,0,0,0,0
242_1B8A.A,0.0,0.21,0.01167,1,1B8A.A,0.0341017516668317,0.048127392234436024,0.07338852057688856,0,0,0,0,0,0
157_3VLB.B,0.0,0.01,0.50741,1,3VLB.B,0.09107996331394301,0.05505159506211102,0.09170503236311439,0,0,1,0,0,0
28_3VLB.B,0.068,0.88,0.83021,1,3VLB.B,0.33561453717025475,0.539658478939456,0.43045662507391846,0,1,1,1,1,1
66_2UTG.A,0.76,0.99,0.09726,1,2UTG.A,0.4624109139237621,0.5773326311877133,0.4808907947489047,1,1,0,1,1,1
5_1CLI.A,0.16,0.88,0.3377,1,1CLI.A,0.4032872707947693,0.39540089515688337,0.3680277603786355,1,0,1,1,1,1
238_1B8A.A,0.0,0.57,0.02768,1,1B8A.A,0.05156133521762448,0.12499778657431145,0.18883439970768354,0,0,0,0,0,0
6_1CLI.A,0.0,0.96,0.11167,1,1CLI.A,0.27811775838345076,0.32611624760704916,0.3247901489386298,0,0,0,0,0,0
236_1B8A.A,0.0,0.91,0.06159,1,1B8A.A,0.23086117998995456,0.2812596066260857,0.30093665933121494,0,0,0,0,0,0
235_1B8A.A,0.0,0.0,0.00964,1,1B8A.A,0.013279529798889356,0.02711844859148776,0.007239348708104166,0,0,0,0,0,0
72_1CLI.A,0.0,0.8,0.03333,1,1CLI.A,0.1550537695104008,0.21604410931603624,0.26184338181304495,0,0,0,0,0,0
163_1B8A.A,0.0,0.89,0.49703,1,1B8A.A,0.37055511467038044,0.40746289778965605,0.36581563634428116,0,0,1,0,0,0
3_2UTG.A,0.6,0.92,0.67883,1,2UTG.A,0.5094829132373256,0.6764894205765477,0.5225958802936016,1,0,1,1,1,1
104_1B8A.A,0.0,0.96,0.02051,1,1B8A.A,0.2554869692432497,0.2982505925494675,0.3098953558678024,0,0,0,0,0,0
42_3BX7.A,0.0,0.52,0.32668,1,3BX7.A,0.18587696299398396,0.15960682938338439,0.22201770655885167,0,1,1,1,1,1
133_3VLB.B,0.0,0.19,0.2357,1,3VLB.B,0.13135041111341236,0.061691587315081856,0.10372484507675142,0,1,0,1,0,1
52_3BX7.A,0.018,0.94,0.42126,1,3BX7.A,0.380491246257556,0.42110575247830984,0.3726364663424314,0,1,1,1,1,1
47_1CLI.A,0.16,0.95,0.01734,1,1CLI.A,0.32408001483893256,0.33549698465906425,0.3376227375364306,1,0,0,1,1,1
45_2UTG.A,0.275,0.98,0.19505,1,2UTG.A,0.4384304961026141,0.4505733537989287,0.39861560106325905,0,0,0,0,0,1
69_1B8A.A,0.0,0.0,0.0429,1,1B8A.A,0.025684086161195815,0.028396660686295417,0.012673758729338468,0,0,0,0,0,0
51_1CLI.A,0.0,0.97,0.04475,1,1CLI.A,0.2507290108355049,0.3115464318828645,0.3169901382192925,0,1,0,0,0,0
397_1B8A.A,0.416,0.96,0.07529,1,1B8A.A,0.37043855323925134,0.4391154990270539,0.4004326555365849,1,0,0,1,1,0
55_2UTG.A,0.0,0.98,0.02576,1,2UTG.A,0.26843651952026987,0.31179756780132,0.3170214946772782,0,1,0,0,0,0
49_1CLI.A,0.0,0.97,0.00668,1,1CLI.A,0.2530975071900869,0.30003685871307156,0.31076981382036317,0,1,0,0,0,0
129_1B8A.A,0.119,0.75,0.38304,1,1B8A.A,0.2647862167404745,0.3144406968387106,0.3266507877568792,0,0,1,0,0,0
125_3BX7.A,0.0,0.02,0.66659,1,3BX7.A,0.10396480995044534,0.06991976565214801,0.12084789914831935,0,0,1,0,0,0
398_1B8A.A,0.433,0.98,0.16688,1,1B8A.A,0.4236702099609891,0.4909785412144957,0.4250001109523611,1,1,0,1,1,1
129_3VLB.B,0.0,0.96,0.19172,1,3VLB.B,0.40901955734105705,0.3516512082732884,0.3378696595279204,0,1,0,1,1,1
110_1CLI.A,0.0,0.0,0.00059,1,1CLI.A,0.011848029093358583,0.026780439961609757,0.005760653257347388,0,0,0,0,0,0
37_2UTG.A,0.455,0.97,0.42012,1,2UTG.A,0.4976852639122281,0.5804353687697665,0.4675579560562027,1,0,1,1,1,1
39_1CLI.A,0.0,0.98,0.10185,1,1CLI.A,0.29017755903746073,0.3355130537462592,0.32945397388701114,0,1,0,1,0,0
131_3VLB.B,0.0,0.36,0.20034,1,3VLB.B,0.1391455623081855,0.09173860735543435,0.15122813483256783,0,1,0,1,1,1
136_3VLB.B,0.0,0.07,0.16393,1,3VLB.B,0.04822536839214842,0.04059111560325026,0.054388225943435745,0,0,0,0,0,0
48_1CLI.A,0.0,0.96,0.06032,1,1CLI.A,0.2562968993968449,0.3102520533050399,0.3163999819335071,0,1,0,0,0,0
135_3VLB.B,0.0,0.04,0.16104,1,3VLB.B,0.048021462521801485,0.03727165332479388,0.04451352566535726,0,0,0,0,0,0
13_3VLB.B,0.18,0.94,1.0,1,3VLB.B,0.5997145667530382,0.6711896460835379,0.49896955830884415,1,1,1,1,1,1
399_1B8A.A,0.282,0.97,0.07601,1,1B8A.A,0.3708815709201091,0.40440266767765837,0.37740413273218576,1,1,0,0,0,0
400_1B8A.A,0.262,0.0,0.04167,1,1B8A.A,0.1242864226114323,0.03920999308910397,0.06385671743014157,1,0,0,0,0,0
102_1B8A.A,0.0,0.85,0.18014,1,1B8A.A,0.3217871756203051,0.2811670863207328,0.3015017566084933,0,0,0,0,0,0
99_1B8A.A,0.0,0.85,0.51239,1,1B8A.A,0.3548108341226118,0.38569176937560196,0.3557886697039563,0,0,1,0,0,0
47_3BX7.A,0.0,0.96,0.42202,1,3BX7.A,0.42023590977617403,0.4295287270469018,0.3754987824350239,0,1,1,1,1,1
107_3VLB.B,0.0,0.08,0.4527,1,3VLB.B,0.10501311477024963,0.06161488760362831,0.1047050312329027,0,0,1,0,0,0
132_3VLB.B,0.0,0.16,0.18441,1,3VLB.B,0.11347369252977563,0.05316940748093613,0.08594198349296818,0,1,0,0,0,0
63_1CLI.A,0.16,0.97,0.00127,1,1CLI.A,0.35253637680066596,0.3430168194512503,0.3412653639690959,1,1,0,1,1,1
64_1CLI.A,0.285,0.96,0.00245,1,1CLI.A,0.4774056479483171,0.3737178373745379,0.3628392342706763,1,1,0,1,1,1
45_1CLI.A,0.0,0.79,0.05524,1,1CLI.A,0.1517684590867166,0.21655066740566836,0.26228912930160186,0,0,0,0,0,0
3_1B8A.A,0.572,0.96,0.41007,1,1B8A.A,0.5322438600163746,0.606326709268224,0.4857279618855478,1,0,1,1,1,1
140_1B8A.A,0.0,0.0,0.30652,1,1B8A.A,0.0828774126761254,0.04080836523765315,0.055747095163427074,0,0,0,0,0,0
66_1CLI.A,0.121,0.96,0.00017,1,1CLI.A,0.417990567664945,0.3252781446507907,0.3303027139786082,0,1,0,0,0,1
394_1B8A.A,0.262,0.98,0.22507,1,1B8A.A,0.4404284578191301,0.4570438606595534,0.40097103743275136,0,1,0,1,1,1
134_1B8A.A,0.0,0.96,0.28065,1,1B8A.A,0.40884130781048605,0.3810422910777578,0.35240008896834035,0,0,0,0,0,1
71_1B8A.A,0.262,0.98,0.35072,1,1B8A.A,0.48714407478305255,0.5016783220601179,0.42150121239270594,1,1,1,1,1,1
431_1B8A.A,0.262,0.95,0.58014,1,1B8A.A,0.503905025642907,0.561886260874792,0.4495840524643851,0,0,1,1,1,1
127_3BX7.A,0.218,0.02,0.7961,1,3BX7.A,0.2510772058315279,0.10676501286005984,0.18476333449469365,1,0,1,1,1,1
6_1B8A.A,0.855,0.63,0.45014,1,1B8A.A,0.34092452923300665,0.48008049911766726,0.4443500807700685,1,0,1,1,1,0
62_1CLI.A,0.0,0.97,0.00313,1,1CLI.A,0.2530975071900869,0.2989760480814709,0.3101897730634365,0,1,0,0,0,0
194_1B8A.A,0.0,0.94,0.33014,1,1B8A.A,0.3956866081493288,0.3843620268223493,0.3542180152389117,0,0,0,0,0,1
61_1CLI.A,0.0,0.0,0.00042,1,1CLI.A,0.011848029093358583,0.02677412999258686,0.005732876657719913,0,0,0,0,0,0
43_1CLI.A,0.0,0.79,0.05186,1,1CLI.A,0.15476655335682207,0.2157350366026612,0.26173686514430267,0,0,0,0,0,0
60_1CLI.A,0.0,0.97,0.00262,1,1CLI.A,0.2530975071900869,0.29882382674544616,0.31010644326455405,0,1,0,0,0,0
105_3VLB.B,0.0,0.0,0.14596,1,3VLB.B,0.045025575317570905,0.032739410468301484,0.02951291377408914,0,0,0,0,0,0
46_1CLI.A,0.0,0.96,0.03477,1,1CLI.A,0.2537339983068323,0.3025188505545724,0.31222532240126005,0,1,0,0,0,0
59_1CLI.A,0.0,0.96,0.00127,1,1CLI.A,0.253890139325758,0.29254702612432154,0.30675169835702226,0,1,0,0,0,0
141_1B8A.A,0.0,0.65,0.35196,1,1B8A.A,0.23564726821592108,0.22126378027432167,0.26689240868100256,0,0,1,0,0,0
169_1STF.E,0.0,0.11,0.04291,0,1STF.E,0.03647711214825653,0.03833641977917669,0.047151218956472105,0,0,0,0,0,0
168_1STF.E,0.007,0.07,0.04098,0,1STF.E,0.026580732582889826,0.03459232877518308,0.03567206184906768,0,0,0,0,0,0
120_1STF.E,0.039,0.01,0.0744,0,1STF.E,0.03460580175363907,0.03199565099802224,0.028603518300268797,1,0,0,0,0,0
167_1STF.E,0.0,0.0,0.01255,0,1STF.E,0.0136725739971429,0.027228012807500028,0.007714818737021539,0,0,0,0,0,0
159_1STF.E,0.065,0.0,0.06614,0,1STF.E,0.03127917017299438,0.03178945227178983,0.02921890499615107,1,0,0,0,0,0
80_3VLB.B,0.0,0.01,0.02166,0,3VLB.B,0.015549491932799813,0.028340594691878992,0.012337483721666325,0,0,0,0,0,0
114_1STF.E,0.086,0.01,0.2843,0,1STF.E,0.07894632955178954,0.04519702955561869,0.07211717725485652,1,0,1,0,0,0
166_1STF.E,0.0,0.0,0.01513,0,1STF.E,0.013965210178814675,0.027325511972882414,0.008136369484309108,0,0,0,0,0,0
119_1STF.E,0.065,0.01,0.06539,0,1STF.E,0.030744513660619338,0.03263579736094324,0.032230527202402284,1,0,0,0,0,0
115_1STF.E,0.0,0.01,0.45752,0,1STF.E,0.08966775852456546,0.05146984400008435,0.08355341733126294,0,0,1,0,0,0
117_1STF.E,0.096,0.02,0.10728,0,1STF.E,0.0496147119689994,0.036913181999864965,0.04828895220666208,1,0,0,0,0,0
160_1STF.E,0.0,0.0,0.03594,0,1STF.E,0.023853295957465194,0.02812443074681805,0.011536552062237124,0,0,0,0,0,0
161_1STF.E,0.0,0.0,0.0,0,1STF.E,0.011911687957688459,0.026758546855358632,0.005664252117463797,0,0,0,0,0,0
165_1STF.E,0.0,0.0,0.00139,0,1STF.E,0.011848029093358583,0.026810153354312978,0.005891366667359037,0,0,0,0,0,0
162_1STF.E,0.0,0.0,0.0,0,1STF.E,0.011911687957688459,0.026758546855358632,0.005664252117463797,0,0,0,0,0,0
116_1STF.E,0.096,0.04,0.70497,0,1STF.E,0.12055844025950302,0.08676001252937421,0.15221490680026437,1,0,1,0,0,1
164_1STF.E,0.0,0.0,5e-05,0,1STF.E,0.011911687957688459,0.026760401528124356,0.005672421705589526,0,0,0,0,0,0
163_1STF.E,0.0,0.0,0.0,0,1STF.E,0.011911687957688459,0.026758546855358632,0.005664252117463797,0,0,0,0,0,0
118_1STF.E,0.027,0.02,0.03519,0,1STF.E,0.024426520831135327,0.03069033483686103,0.022977630851414757,0,0,0,0,0,0
83_3VLB.B,0.0,0.01,0.02805,0,3VLB.B,0.016360771234268573,0.028592297869027793,0.013381557084134372,0,0,0,0,0,0
157_1STF.E,0.0,0.14,0.46937,0,1STF.E,0.13583091902377353,0.07376755629850773,0.12623376808284326,0,0,1,0,0,1
156_1STF.E,0.0,0.17,0.38424,0,1STF.E,0.13232202872906434,0.07130575947618491,0.12172672542439006,0,0,1,0,0,1
132_1STF.E,0.0,0.0,0.00445,0,1STF.E,0.012260284256119898,0.026924103193099496,0.006391345460653594,0,0,0,0,0,0
133_1STF.E,0.0,0.0,0.14961,0,1STF.E,0.045025575317570905,0.032904440128469714,0.030109293707267285,0,0,1,0,0,0
81_3VLB.B,0.0,0.01,0.03384,0,3VLB.B,0.021822602542935065,0.028822239629703872,0.014327595389093681,0,0,0,0,0,0
146_1STF.E,0.0,0.08,0.03632,0,1STF.E,0.025726734278656044,0.035016072053324396,0.03667196915708974,0,0,0,0,0,0
145_1STF.E,0.0,0.47,0.04726,0,1STF.E,0.053908375911055156,0.09973053116071055,0.16069195013634732,0,1,0,1,1,0
144_1STF.E,0.0,0.0,0.02371,0,1STF.E,0.015768783768895903,0.027652199910275028,0.00953827080668404,0,0,0,0,0,0
134_1STF.E,0.0,0.0,0.00113,0,1STF.E,0.011848029093358583,0.02680049298685975,0.005848884809105251,0,0,0,0,0,0
143_1STF.E,0.0,0.72,0.02966,0,1STF.E,0.12058480333054694,0.17948494026235792,0.23617040581951942,0,1,0,1,1,1
170_1STF.E,0.0,0.04,0.04297,0,1STF.E,0.027129191011654605,0.031685291730122384,0.02522186026526303,0,0,0,0,0,0
141_1STF.E,0.0,0.0,0.00204,0,1STF.E,0.012018055346559036,0.026834319089860465,0.005997571312993502,0,0,0,0,0,0
140_1STF.E,0.0,0.35,0.02215,0,1STF.E,0.03540670854642171,0.0707910046514357,0.11897919064196105,0,0,0,0,0,0
135_1STF.E,0.0,0.0,0.02344,0,1STF.E,0.015768783768895903,0.027641861929207274,0.009494155030805109,0,0,0,0,0,0
139_1STF.E,0.0,0.14,0.02639,0,1STF.E,0.029888123790289017,0.040654576301579,0.05385448512414297,0,0,0,0,0,0
138_1STF.E,0.0,0.02,0.01078,0,1STF.E,0.014476005186460868,0.028693025593559213,0.013693947373645037,0,0,0,0,0,0
82_3VLB.B,0.0,0.0,0.01376,0,3VLB.B,0.0136725739971429,0.027273696982948722,0.007912522769664157,0,0,0,0,0,0
136_1STF.E,0.0,0.0,0.01448,0,1STF.E,0.0136725739971429,0.02730091630137916,0.008030164838674643,0,0,0,0,0,0
137_1STF.E,0.0,0.01,0.04538,0,1STF.E,0.025527594219959183,0.02928589831432937,0.016213136328511714,0,0,0,0,0,0
131_1STF.E,0.0,0.0,0.0103,0,1STF.E,0.013279529798889356,0.027143260566777523,0.007347187271363777,0,0,0,0,0,0
147_1STF.E,0.0,0.14,0.03803,0,1STF.E,0.037017160999418756,0.041306125045918976,0.05575636523981246,0,0,0,0,0,0
148_1STF.E,0.0,0.13,0.04399,0,1STF.E,0.03873151857462937,0.04053188323667125,0.0535960141162621,0,0,0,0,0,0
151_1STF.E,0.0,0.17,0.02768,0,1STF.E,0.03141571701144106,0.044165172829425114,0.06346775858219815,0,0,0,0,0,0
155_1STF.E,0.0,0.87,0.38349,0,1STF.E,0.34211564015478296,0.3560353478534302,0.3409958035721036,0,1,1,1,1,1
154_1STF.E,0.0,0.89,0.0383,0,1STF.E,0.18545590123831843,0.26350505409315084,0.29086293312597655,0,1,0,1,1,1
121_1STF.E,0.0,0.0,0.00123,0,1STF.E,0.011848029093358583,0.026804208112145,0.005865223985356707,0,0,0,0,0,0
153_1STF.E,0.0,0.79,0.02746,0,1STF.E,0.1466620152039117,0.20991319701262667,0.25775010613894733,0,1,0,1,1,1
122_1STF.E,0.012,0.0,0.01727,0,1STF.E,0.016373215357848143,0.027819357022139935,0.010839490324885504,0,0,0,0,0,0
152_1STF.E,0.0,0.79,0.02854,0,1STF.E,0.1466620152039117,0.2101684269336568,0.2579265692424631,0,1,0,1,1,1
123_1STF.E,0.012,0.01,0.11152,0,1STF.E,0.04019301642180025,0.032566834138777145,0.029373329970020023,0,0,0,0,0,0
124_1STF.E,0.018,0.0,0.0523,0,1STF.E,0.02628197185659139,0.029419661440147724,0.017739835000168198,0,0,0,0,0,0
130_1STF.E,0.0,0.0,0.00016,0,1STF.E,0.011911687957688459,0.02676448224827334,0.005690394799466127,0,0,0,0,0,0
125_1STF.E,0.0,0.0,0.00021,0,1STF.E,0.011911687957688459,0.026766337321115368,0.005698564387591855,0,0,0,0,0,0
126_1STF.E,0.007,0.01,0.0251,0,1STF.E,0.01745407618981151,0.02872493808411285,0.014272404491513638,0,0,0,0,0,0
127_1STF.E,0.0,0.03,0.06791,0,1STF.E,0.03561200035454363,0.031910154132615436,0.026162684794239048,0,0,0,0,0,0
128_1STF.E,0.0,0.0,0.02612,0,1STF.E,0.016500711000505038,0.027744642517837773,0.009932044954344132,0,0,0,0,0,0
150_1STF.E,0.0,0.96,0.03857,0,1STF.E,0.2537339983068323,0.3036620747759886,0.3128462110988154,0,1,0,1,1,1
149_1STF.E,0.0,0.0,0.02146,0,1STF.E,0.015768783768895903,0.02756616472456233,0.009170639341026278,0,0,0,0,0,0
129_1STF.E,0.0,0.0,0.0,0,1STF.E,0.011911687957688459,0.026758546855358632,0.005664252117463797,0,0,0,0,0,0
142_1STF.E,0.0,0.18,0.03342,0,1STF.E,0.03792390432297133,0.0457272474918941,0.06753979332716886,0,0,0,0,0,0
97_2SIC.I,0.0,0.0,0.39135,0,2SIC.I,0.08716501096359627,0.045809101364366195,0.06960761837753729,0,0,1,0,0,0
171_1STF.E,0.0,0.0,0.0,0,1STF.E,0.011911687957688459,0.026758546855358632,0.005664252117463797,0,0,0,0,0,0
25_1TCO.A,0.0,0.78,0.11466,0,1TCO.A,0.18044812089798387,0.2262745044802903,0.2688637018020799,0,0,0,0,0,0
44_1TCO.A,0.0,0.03,0.00111,0,1TCO.A,0.013736795909734542,0.029098357393817796,0.015248115058266365,0,0,0,0,0,0
72_3VLB.B,0.0,0.0,0.12377,0,3VLB.B,0.04207509854541043,0.03175320165944995,0.025887250563891028,0,0,0,0,0,0
43_1TCO.A,0.0,0.0,0.00023,0,1TCO.A,0.011911687957688459,0.026767079385263085,0.005701832222842146,0,0,0,0,0,0
73_3VLB.B,0.031,0.13,0.26249,0,3VLB.B,0.10558422171137533,0.05660577775598152,0.09537689227008139,0,0,1,0,0,0
74_3VLB.B,0.031,0.05,0.20456,0,3VLB.B,0.07495856655699652,0.04222395931968582,0.06083827924251579,0,0,0,0,0,0
42_1TCO.A,0.0,0.03,0.00029,0,1TCO.A,0.013736795909734542,0.029065379853714154,0.015114133813004426,0,0,0,0,0,0
41_1TCO.A,0.0,0.0,6e-05,0,1TCO.A,0.011911687957688459,0.026760772477679055,0.005674055623214671,0,0,0,0,0,0
40_1TCO.A,0.0,0.08,0.00023,0,1TCO.A,0.014842303279924841,0.0333200855971593,0.03077516044793923,0,0,0,0,0,0
39_1TCO.A,0.0,0.08,0.00018,0,1TCO.A,0.014842303279924841,0.03331779185865729,0.0307669908598135,0,0,0,0,0,0
38_1TCO.A,0.0,0.07,0.00023,0,1TCO.A,0.014101511203297269,0.03242306149449208,0.027640994419802098,0,0,0,0,0,0
37_1TCO.A,0.0,0.08,0.00012,0,1TCO.A,0.014842303279924841,0.03331503957369863,0.030757187354062628,0,0,0,0,0,0
36_1TCO.A,0.0,0.03,0.00012,0,1TCO.A,0.013800454774064417,0.02905854758528311,0.01508635721337695,0,0,0,0,0,0
35_1TCO.A,0.0,0.0,0.00012,0,1TCO.A,0.011911687957688459,0.026762998280023546,0.005683859128965544,0,0,0,0,0,0
34_1TCO.A,0.0,0.0,0.0,0,1TCO.A,0.011911687957688459,0.026758546855358632,0.005664252117463797,0,0,0,0,0,0
33_1TCO.A,0.0,0.02,0.00439,0,1TCO.A,0.01345675964369141,0.028440461653146305,0.012649874011176992,0,0,0,0,0,0
32_1TCO.A,0.0,0.03,0.00076,0,1TCO.A,0.013736795909734542,0.029084277177130077,0.01519092794138627,0,0,0,0,0,0
31_1TCO.A,0.0,0.03,0.00023,0,1TCO.A,0.013800454774064417,0.029062968286934908,0.015104330307253552,0,0,0,0,0,0
30_1TCO.A,0.0,0.07,0.00327,0,1TCO.A,0.014450107501728706,0.03255917214207801,0.02813770537784636,0,0,0,0,0,0
29_1TCO.A,0.0,0.0,0.00088,0,1TCO.A,0.011848029093358583,0.026791207364273945,0.005808036868476611,0,0,0,0,0,0
28_1TCO.A,0.0,0.18,0.09496,0,1TCO.A,0.05113491751449916,0.049707965057113425,0.07759492239231496,0,0,0,0,0,0
27_1TCO.A,0.0,0.17,0.06105,0,1TCO.A,0.04265824090402362,0.046215614774984926,0.06892014169730906,0,0,0,0,0,0
71_3VLB.B,0.0,0.0,0.11956,0,3VLB.B,0.04074119871899448,0.03156936325434009,0.025199371243704725,0,0,0,0,0,0
45_1TCO.A,0.0,0.12,0.00123,0,1TCO.A,0.0247613386944936,0.0372045135676728,0.04347521632300233,0,0,0,0,0,0
46_1TCO.A,0.0,0.0,0.0,0,1TCO.A,0.011911687957688459,0.026758546855358632,0.005664252117463797,0,0,0,0,0,0
56_1TCO.A,0.0,0.0,0.00403,0,1TCO.A,0.012260284256119898,0.026908435181536367,0.006322720920397478,0,0,0,0,0,0
63_1TCO.A,0.0,0.02,0.00029,0,1TCO.A,0.013044504480930095,0.028279547614234332,0.01197996778486729,0,0,0,0,0,0
66_3VLB.B,0.0,0.0,0.01804,0,3VLB.B,0.015197141762671972,0.027435889176271547,0.00861183951322648,0,0,0,0,0,0
62_1TCO.A,0.0,0.0,0.00023,0,1TCO.A,0.011911687957688459,0.026767079385263085,0.005701832222842146,0,0,0,0,0,0
61_1TCO.A,0.0,0.0,0.0,0,1TCO.A,0.011911687957688459,0.026758546855358632,0.005664252117463797,0,0,0,0,0,0
60_1TCO.A,0.0,0.0,0.0,0,1TCO.A,0.011911687957688459,0.026758546855358632,0.005664252117463797,0,0,0,0,0,0
59_1TCO.A,0.0,0.05,0.00187,0,1TCO.A,0.013766983273798656,0.030768111747426843,0.021640624854051705,0,0,0,0,0,0
58_1TCO.A,0.0,0.05,0.01123,0,1TCO.A,0.015168296615265314,0.031168169519907522,0.023169971751187998,0,0,0,0,0,0
67_3VLB.B,0.046,0.0,0.26256,0,3VLB.B,0.07538377454209616,0.04066420483416194,0.05758599941366871,0,0,1,0,0,0
57_1TCO.A,0.0,0.03,0.01362,0,1TCO.A,0.015561340813518858,0.029605988559099676,0.017292146007323525,0,0,0,0,0,0
55_1TCO.A,0.0,0.13,0.15899,0,1TCO.A,0.06268725873679419,0.04740345187902166,0.07238606680543663,0,0,0,0,0,0
47_1TCO.A,0.0,0.06,0.00216,0,1TCO.A,0.013988661840038554,0.03163349622223424,0.02482217449331806,0,0,0,0,0,0
68_3VLB.B,0.0,0.0,0.00086,0,3VLB.B,0.011848029093358583,0.026790464649638916,0.00580476903322632,0,0,0,0,0,0
54_1TCO.A,0.0,0.0,0.00971,0,1TCO.A,0.013279529798889356,0.027121079119037373,0.007250786131480186,0,0,0,0,0,0
69_3VLB.B,0.0,0.0,0.15788,0,3VLB.B,0.045509430439913234,0.03328133473065072,0.03146054358326271,0,0,0,0,0,0
52_1TCO.A,0.0,0.25,0.03193,0,1TCO.A,0.038475646513549976,0.05505200027418656,0.08923550179798212,0,0,0,0,0,0
51_1TCO.A,0.0,0.04,0.0114,0,1TCO.A,0.01527323258994305,0.030334381811312663,0.020063582322678335,0,0,0,0,0,0
50_1TCO.A,0.0,0.0,0.00041,0,1TCO.A,0.011848029093358583,0.02677375886296809,0.005731242740094767,0,0,0,0,0,0
70_3VLB.B,0.0,0.0,0.00033,0,3VLB.B,0.011848029093358583,0.026770790006116693,0.005718171399093602,0,0,0,0,0,0
49_1TCO.A,0.0,0.0,0.00374,0,1TCO.A,0.012260284256119898,0.02689762196707915,0.006275337309268256,0,0,0,0,0,0
48_1TCO.A,0.0,0.09,0.00333,0,1TCO.A,0.015210731815481422,0.034387357503107285,0.0344158409398715,0,0,0,0,0,0
26_1TCO.A,0.0,0.39,0.23617,0,1TCO.A,0.14385605251288366,0.10368796064530744,0.16648495976787597,0,0,1,0,0,0
24_1TCO.A,0.0,0.86,0.32254,0,1TCO.A,0.3401529105629436,0.3301199771433628,0.32790290961870394,0,0,1,0,0,0
172_1STF.E,0.0,0.0,0.0089,0,1STF.E,0.013047041457815734,0.027090655323356614,0.007118438803843391,0,0,0,0,0,0
22_1TCO.A,0.0,0.94,0.33622,0,1TCO.A,0.39524514337788585,0.3864131955371906,0.35521143715500025,0,0,1,0,0,1
76_3VLB.B,0.0,0.01,0.18744,0,3VLB.B,0.06948625633478982,0.03561956746248029,0.039424570111330264,0,0,0,0,0,0
191_1STF.E,0.018,0.03,0.0236,0,1STF.E,0.01907778092319272,0.030695750098881404,0.022452989500411698,0,0,0,0,0,0
77_3VLB.B,0.0,0.01,0.03489,0,3VLB.B,0.022625222406377602,0.028864130688307038,0.01449915673973397,0,0,0,0,0,0
190_1STF.E,0.0,0.02,0.03363,0,1STF.E,0.02323836976660267,0.029614095953401223,0.017427449147102758,0,0,0,0,0,0
189_1STF.E,0.0,0.0,0.0,0,1STF.E,0.011911687957688459,0.026758546855358632,0.005664252117463797,0,0,0,0,0,0
188_1STF.E,0.0,0.1,0.04656,0,1STF.E,0.03642368731200061,0.03749673442713542,0.04461343286151312,0,0,0,0,0,0
187_1STF.E,0.0,0.0,5e-05,0,1STF.E,0.011911687957688459,0.026760401528124356,0.005672421705589526,0,0,0,0,0,0
186_1STF.E,0.0,0.0,0.01035,0,1STF.E,0.013279529798889356,0.02714514116086757,0.007355356859489504,0,0,0,0,0,0
185_1STF.E,0.0,0.0,0.00016,0,1STF.E,0.011911687957688459,0.02676448224827334,0.005690394799466127,0,0,0,0,0,0
184_1STF.E,0.0,0.16,0.02677,0,1STF.E,0.031336364941581436,0.04293587581730818,0.060184906050172765,0,0,0,0,0,0
183_1STF.E,0.0,0.51,0.03068,0,1STF.E,0.050231447474678316,0.10803561764786304,0.17051957882640442,0,1,0,1,1,0
182_1STF.E,0.0,0.35,0.0133,0,1STF.E,0.034063742775972884,0.06996632498751343,0.1175331735437072,0,0,0,0,0,0
181_1STF.E,0.0,0.0,0.02537,0,1STF.E,0.016500711000505038,0.027715841940324695,0.009809501132458213,0,0,0,0,0,0
78_3VLB.B,0.0,0.01,0.02851,0,3VLB.B,0.016360771234268573,0.02861050083273707,0.01345671729489107,0,0,0,0,0,0
179_1STF.E,0.0,0.18,0.02194,0,1STF.E,0.030604437709972294,0.045019031902542236,0.0656640558935017,0,0,0,0,0,0
178_1STF.E,0.0,0.0,0.01534,0,1STF.E,0.013965210178814675,0.027333462868620595,0.008170681754437165,0,0,0,0,0,0
79_3VLB.B,0.0,0.0,0.00435,0,3VLB.B,0.012260284256119898,0.026920371909755422,0.006375006284402138,0,0,0,0,0,0
176_1STF.E,0.0,0.0,0.00284,0,1STF.E,0.012099895023662594,0.026864090612328136,0.006128284723005151,0,0,0,0,0,0
175_1STF.E,0.0,0.0,0.00021,0,1STF.E,0.011911687957688459,0.026766337321115368,0.005698564387591855,0,0,0,0,0,0
174_1STF.E,0.0,0.0,0.00038,0,1STF.E,0.011848029093358583,0.026772645504128886,0.0057263409872193305,0,0,0,0,0,0
173_1STF.E,0.0,0.0,0.0,0,1STF.E,0.011911687957688459,0.026758546855358632,0.005664252117463797,0,0,0,0,0,0
192_1STF.E,0.039,0.03,0.02999,0,1STF.E,0.02380059249192119,0.03178518856263836,0.02761562218327141,1,0,0,0,0,0
193_1STF.E,0.039,0.08,0.04206,0,1STF.E,0.027988839509792654,0.03703432567921975,0.04525859089750784,1,0,0,0,0,0
194_1STF.E,0.065,0.12,0.06748,0,1STF.E,0.04083793118714553,0.044116971029631045,0.0670478422955662,1,0,0,0,0,0
204_1STF.E,0.0,0.01,0.55906,0,1STF.E,0.0946485611891631,0.059006161294030676,0.10014421689699148,0,0,1,0,0,0
21_1TCO.A,0.0,0.8,0.62525,0,1TCO.A,0.318344000658441,0.3903592743741591,0.358558233880664,0,0,1,0,0,0
212_1STF.E,0.0,0.24,0.0478,0,1STF.E,0.044702235748731625,0.054760659789236533,0.08869436304095106,0,0,0,0,0,0
211_1STF.E,0.0,0.02,0.01523,0,1STF.E,0.015161685566386187,0.028870195599353724,0.014421040716834834,0,0,0,0,0,0
210_1STF.E,0.0,0.02,0.03567,0,1STF.E,0.02483245950420189,0.029697707512424478,0.017760768342632464,0,0,0,0,0,0
209_1STF.E,0.0,0.0,0.0052,0,1STF.E,0.01272638021532879,0.026952103851277203,0.0065138892825395145,0,0,0,0,0,0
208_1STF.E,0.0,0.0,0.08315,0,1STF.E,0.035387757568140506,0.0300218452452051,0.019250277170549553,0,0,0,0,0,0
207_1STF.E,0.0,0.0,0.62665,0,1STF.E,0.10592770129503934,0.06289995064304321,0.10805370009721353,0,0,1,0,0,1
206_1STF.E,0.0,0.0,0.04935,0,1STF.E,0.02623503850369739,0.028651225342585466,0.013727635597557387,0,0,0,0,0,0
205_1STF.E,0.0,0.01,0.61163,0,1STF.E,0.1009440632017455,0.06330344632902767,0.10873372185238195,0,0,1,0,0,1
203_1STF.E,0.0,0.0,0.02414,0,1STF.E,0.016190783381551558,0.027668671857814964,0.009608529264565303,0,0,0,0,0,0
112_1STF.E,0.0,0.01,0.6627,0,1STF.E,0.09875000287938658,0.06775603996779414,0.11707813916400057,0,0,1,0,0,0
202_1STF.E,0.0,0.0,5e-05,0,1STF.E,0.011911687957688459,0.026760401528124356,0.005672421705589526,0,0,0,0,0,0
201_1STF.E,0.0,0.0,0.01572,0,1STF.E,0.014242179390557011,0.027347855919596178,0.008232770624192698,0,0,0,0,0,0
200_1STF.E,0.0,0.0,0.00697,0,1STF.E,0.012949580032353771,0.027018297707811518,0.006803092702190288,0,0,0,0,0,0
199_1STF.E,0.0,0.0,0.01046,0,1STF.E,0.013279529798889356,0.027149278913717694,0.007373329953366106,0,0,0,0,0,0
198_1STF.E,0.0,0.0,0.00998,0,1STF.E,0.013279529798889356,0.027131227763361306,0.007294901907359117,0,0,0,0,0,0
197_1STF.E,0.0,0.04,0.52274,0,1STF.E,0.10317866279260755,0.06086098391596511,0.10361232616687402,0,0,1,0,0,1
196_1STF.E,0.0,0.16,0.16034,0,1STF.E,0.06363072474335564,0.051469734001992604,0.08200914376924269,0,0,1,0,0,0
75_3VLB.B,0.0,0.02,0.16611,0,3VLB.B,0.04681984320715814,0.035545367705928414,0.039073589845031814,0,0,0,0,0,0
195_1STF.E,0.039,0.51,0.0773,0,1STF.E,0.06478057563688273,0.11977017006128031,0.1857856558184178,1,1,0,1,1,0
113_1STF.E,0.0,0.0,0.12338,0,1STF.E,0.04101538166259146,0.03173612807242893,0.025823527776510348,0,0,0,0,0,0
83_1STF.E,0.0,0.04,0.00939,0,1STF.E,0.01493580827419169,0.03025028706031786,0.019735164880024067,0,0,0,0,0,0
111_1STF.E,0.0,0.01,0.19461,0,1STF.E,0.07250024590915032,0.03597203278552097,0.040596089048559665,0,0,1,0,0,0
425_1SOX.A,0.0,0.0,0.00208,0,1SOX.A,0.012099895023662594,0.02683580690369846,0.006004106983494084,0,0,0,0,0,0
96_3VLB.B,0.0,0.1,0.04931,0,3VLB.B,0.03642368731200061,0.0376383512282435,0.045062760208428164,0,0,0,0,0,0
423_1SOX.A,0.0,0.03,0.00448,0,1SOX.A,0.014149051072495858,0.02923426852821483,0.015798745297940436,0,0,0,0,0,0
97_3VLB.B,0.0,0.06,0.08276,0,3VLB.B,0.03666887882642928,0.035345599475695405,0.03799155055199169,0,0,0,0,0,0
98_3VLB.B,0.0,0.0,0.05563,0,3VLB.B,0.02745692332455934,0.028901207794594406,0.014753735866148832,0,0,0,0,0,0
422_1SOX.A,0.0,0.04,0.00481,0,1SOX.A,0.014149051072495858,0.03005951100769063,0.018986830607707377,0,0,0,0,0,0
421_1SOX.A,0.0,0.07,0.00404,0,1SOX.A,0.014450107501728706,0.03259373508176039,0.028263517034982574,0,0,0,0,0,0
420_1SOX.A,0.0,0.29,0.00962,0,1SOX.A,0.033789400321537676,0.05942614614222602,0.09812689568883079,0,0,0,0,0,0
419_1SOX.A,0.0,0.0,0.00514,0,1SOX.A,0.01272638021532879,0.026949862757066907,0.006504085776788641,0,0,0,0,0,0
99_3VLB.B,0.0,0.08,0.10356,0,3VLB.B,0.04217907820773367,0.038400233329145064,0.04765843126856883,0,0,0,0,0,0
418_1SOX.A,0.0,0.18,0.02339,0,1SOX.A,0.030604437709972294,0.045107904222624014,0.06590097394914782,0,0,0,0,0,0
417_1SOX.A,0.0,0.0,0.01454,0,1SOX.A,0.0136725739971429,0.027303185769333698,0.008039968344425516,0,0,0,0,0,0
416_1SOX.A,0.0,0.82,0.05902,0,1SOX.A,0.16062130048112627,0.23221534455172604,0.27230924824831826,0,0,0,0,0,0
415_1SOX.A,0.0,0.17,0.04656,0,1SOX.A,0.0405584890921957,0.04531436897071466,0.06655259505847307,0,0,0,0,0,0
414_1SOX.A,0.0,0.4,0.06219,0,1SOX.A,0.05049355665077654,0.08498363438416752,0.1411922269537298,0,0,0,0,0,0
413_1SOX.A,0.0,0.0,0.00251,0,1SOX.A,0.012099895023662594,0.026851805969442682,0.006074365441375346,0,0,0,0,0,0
412_1SOX.A,0.0,0.0,0.03585,0,1SOX.A,0.023853295957465194,0.02812092718184091,0.011521846803610812,0,0,0,0,0,0
411_1SOX.A,0.0,0.28,0.0118,0,1SOX.A,0.034063742775972884,0.05803789607810882,0.09534892370297542,0,0,0,0,0,0
410_1SOX.A,0.0,0.0,0.0118,0,1SOX.A,0.0136725739971429,0.02719973351887427,0.007592274915135618,0,0,0,0,0,0
409_1SOX.A,0.052,0.09,0.00689,0,1SOX.A,0.017157146905805873,0.03684853147169478,0.04519585297920269,0,0,0,0,0,0
408_1SOX.A,0.0,0.0,0.0188,0,1SOX.A,0.015583791776891611,0.027464787494712244,0.008736017252737547,0,0,0,0,0,0
407_1SOX.A,0.0,0.0,0.01071,0,1SOX.A,0.013279529798889356,0.027158685177788085,0.007414177893994747,0,0,0,0,0,0
406_1SOX.A,0.0,0.14,0.05191,0,1SOX.A,0.04018987776724767,0.04209612175456313,0.058024242903514565,0,0,0,0,0,0
405_1SOX.A,0.0,0.21,0.0894,0,1SOX.A,0.053519934056993665,0.05346051377169062,0.0860889622771454,0,0,0,0,0,0
404_1SOX.A,0.0,0.31,0.16656,0,1SOX.A,0.07540618229310359,0.07714457554003396,0.1300379309541403,0,0,0,0,0,0
403_1SOX.A,0.0,0.7,0.06557,0,1SOX.A,0.11148075680421352,0.1787072714936988,0.23576947195514303,0,0,0,0,0,0
424_1SOX.A,0.0,0.05,0.01803,0,1SOX.A,0.01708590857904793,0.03146196237723842,0.024281035736287013,0,0,0,0,0,0
95_3VLB.B,0.0,0.08,0.03858,0,3VLB.B,0.025726734278656044,0.03512500157925069,0.03704123454037265,0,0,0,0,0,0
100_3VLB.B,0.0,0.0,0.00211,0,3VLB.B,0.012099895023662594,0.026836922816718557,0.0060090087363695215,0,0,0,0,0,0
426_1SOX.A,0.0,0.05,0.01738,0,1SOX.A,0.01708590857904793,0.031433763812588396,0.02417483109065255,0,0,0,0,0,0
452_1SOX.A,0.0,0.0,0.00776,0,1SOX.A,0.012949580032353771,0.027047892849438846,0.006932172194576792,0,0,0,0,0,0
451_1SOX.A,0.0,0.0,0.00033,0,1SOX.A,0.011848029093358583,0.026770790006116693,0.005718171399093602,0,0,0,0,0,0
450_1SOX.A,0.0,0.0,0.06962,0,1SOX.A,0.029585139233355665,0.02946572625190689,0.017039586623727544,0,0,0,0,0,0
449_1SOX.A,0.0,0.0,0.02142,0,1SOX.A,0.015768783768895903,0.027564637565614867,0.009164103670525697,0,0,0,0,0,0
448_1SOX.A,0.0,0.0,0.03628,0,1SOX.A,0.02408579955763844,0.02813767026245887,0.011592105261492075,0,0,0,0,0,0
447_1SOX.A,0.0,0.0,0.07519,0,1SOX.A,0.034210235808195356,0.029693448087415995,0.017949678740933648,0,0,0,0,0,0
446_1SOX.A,0.0,0.93,0.1671,0,1SOX.A,0.34551922729051937,0.32486367822956624,0.3244444562504006,0,1,0,1,1,1
89_3VLB.B,0.0,0.0,0.00033,0,3VLB.B,0.011848029093358583,0.026770790006116693,0.005718171399093602,0,0,0,0,0,0
444_1SOX.A,0.0,0.77,0.06492,0,1SOX.A,0.1499887594664291,0.20940252674623777,0.25760242950646856,0,0,0,0,0,0
443_1SOX.A,0.0,0.26,0.01049,0,1SOX.A,0.033789400321537676,0.054931492514530354,0.08886654843780706,0,0,0,0,0,0
90_3VLB.B,0.079,0.01,0.01251,0,3VLB.B,0.02620097761131386,0.03087194492283427,0.02633607701422673,0,0,0,0,0,0
440_1SOX.A,0.0,0.54,0.2906,0,1SOX.A,0.18302806635237379,0.16028501294645392,0.22239086382360057,0,0,1,0,0,0
439_1SOX.A,0.0,0.0,0.27738,0,1SOX.A,0.08248308769043243,0.039214382998310836,0.05098585920375276,0,0,1,0,0,0
438_1SOX.A,0.282,0.79,0.63235,0,1SOX.A,0.41442303809776165,0.4743511798271125,0.41189051738306826,1,0,1,1,1,1
91_3VLB.B,0.0,0.0,0.01383,0,3VLB.B,0.0136725739971429,0.027276342147597357,0.007923960193040178,0,0,0,0,0,0
92_3VLB.B,0.0,0.01,0.01758,0,3VLB.B,0.01497784992657588,0.028181009431368097,0.011670845330606916,0,0,0,0,0,0
93_3VLB.B,0.0,0.0,0.0291,0,3VLB.B,0.01706502352633818,0.02785936433292409,0.010418952406637524,0,0,0,0,0,0
434_1SOX.A,0.133,0.43,0.41333,0,1SOX.A,0.21341450344454438,0.16502026145769585,0.23405231755665135,0,0,1,0,0,0
433_1SOX.A,0.0,0.0,0.09148,0,1SOX.A,0.03626909807447098,0.030369275107229612,0.02061133055229585,0,0,0,0,0,0
432_1SOX.A,0.0,0.0,0.35213,0,1SOX.A,0.08800598447551249,0.04342841153582898,0.0631993934517162,0,0,1,0,0,0
431_1SOX.A,0.0,0.0,0.01967,0,1SOX.A,0.015768783768895903,0.027497904775811283,0.008878168086125213,0,0,0,0,0,0
94_3VLB.B,0.0,0.1,0.0266,0,3VLB.B,0.02811841780849196,0.036484097481045384,0.04135213328172248,0,0,0,0,0,0
429_1SOX.A,0.0,0.0,0.0,0,1SOX.A,0.011911687957688459,0.026758546855358632,0.005664252117463797,0,0,0,0,0,0
428_1SOX.A,0.0,0.0,0.00022,0,1SOX.A,0.011911687957688459,0.026766708350688388,0.005700198305217001,0,0,0,0,0,0
427_1SOX.A,0.0,0.0,0.0,0,1SOX.A,0.011911687957688459,0.026758546855358632,0.005664252117463797,0,0,0,0,0,0
402_1SOX.A,0.0,0.37,0.06251,0,1SOX.A,0.04937714572731787,0.07866094389117667,0.13184201423332303,0,0,0,0,0,0
400_1SOX.A,0.0,0.46,0.12765,0,1SOX.A,0.0713938852356798,0.10774917078159711,0.17069284789675576,0,0,0,0,0,0
455_1SOX.A,0.0,0.0,0.06262,0,1SOX.A,0.02745692332455934,0.029181941278762925,0.015895844286125616,0,0,0,0,0,0
369_1SOX.A,0.0,0.0,0.00022,0,1SOX.A,0.011911687957688459,0.026766708350688388,0.005700198305217001,0,0,0,0,0,0
367_1SOX.A,0.0,0.0,0.00033,0,1SOX.A,0.011848029093358583,0.026770790006116693,0.005718171399093602,0,0,0,0,0,0
366_1SOX.A,0.0,0.05,0.0423,0,1SOX.A,0.027129191011654605,0.03253254296043239,0.02824655381251541,0,0,0,0,0,0
365_1SOX.A,0.0,0.0,0.01497,0,1SOX.A,0.013852884232174028,0.02731945565634507,0.008110226802306778,0,0,0,0,0,0
364_1SOX.A,0.0,0.05,0.07224,0,1SOX.A,0.034407243873384064,0.03390179502714446,0.03313850318220137,0,0,0,0,0,0
363_1SOX.A,0.0,0.03,0.02546,0,1SOX.A,0.018389477816881,0.030094334221126045,0.019226704475495928,0,0,0,0,0,0
362_1SOX.A,0.0,0.03,0.03115,0,1SOX.A,0.02147774323044678,0.030331788879899523,0.02015640360420378,0,0,0,0,0,0
361_1SOX.A,0.0,0.12,0.04077,0,1SOX.A,0.036948671409161374,0.0392752136417074,0.04993572661282807,0,0,0,0,0,0
360_1SOX.A,0.0,0.0,0.00852,0,1SOX.A,0.012949580032353771,0.027076393867666016,0.007056349934087857,0,0,0,0,0,0
359_1SOX.A,0.0,0.02,0.02426,0,1SOX.A,0.017387258769123073,0.02923297934914935,0.01589646833234132,0,0,0,0,0,0
358_1SOX.A,0.0,0.02,0.02623,0,1SOX.A,0.017697186388076557,0.02931271042166067,0.016218350104495006,0,0,0,0,0,0
357_1SOX.A,0.0,0.03,0.0518,0,1SOX.A,0.027998394964426906,0.031208890817368506,0.023530443500129467,0,0,0,0,0,0
356_1SOX.A,0.0,0.05,0.05202,0,1SOX.A,0.02841025238530024,0.03297110692196295,0.029834721744156946,0,0,0,0,0,0
355_1SOX.A,0.0,0.04,0.03803,0,1SOX.A,0.02553090440809723,0.03147012741016214,0.0244147049584411,0,0,0,0,0,0
354_1SOX.A,0.0,0.0,0.00306,0,1SOX.A,0.012099895023662594,0.02687228341020992,0.006164230910758354,0,0,0,0,0,0
353_1SOX.A,0.0,0.11,0.02514,0,1SOX.A,0.028331880777263185,0.037414159212574495,0.04424774733658835,0,0,0,0,0,0
352_1SOX.A,0.0,0.0,0.00055,0,1SOX.A,0.011848029093358583,0.026778955132922805,0.005754117586846806,0,0,0,0,0,0
351_1SOX.A,0.0,0.0,0.0,0,1SOX.A,0.011911687957688459,0.026758546855358632,0.005664252117463797,0,0,0,0,0,0
350_1SOX.A,0.0,0.0,0.0,0,1SOX.A,0.011911687957688459,0.026758546855358632,0.005664252117463797,0,0,0,0,0,0
349_1SOX.A,0.0,0.0,0.0,0,1SOX.A,0.011911687957688459,0.026758546855358632,0.005664252117463797,0,0,0,0,0,0
348_1SOX.A,0.0,0.0,0.00011,0,1SOX.A,0.011911687957688459,0.026762627300463873,0.005682225211340399,0,0,0,0,0,0
347_1SOX.A,0.0,0.0,0.04481,0,1SOX.A,0.026105880259911896,0.028471813706102658,0.012985836995741282,0,0,0,0,0,0
104_3VLB.B,0.0,0.0,0.0,0,3VLB.B,0.011911687957688459,0.026758546855358632,0.005664252117463797,0,0,0,0,0,0
343_1SOX.A,0.0,0.06,0.03377,0,1SOX.A,0.023704311070324766,0.03304210972281555,0.029986988106403337,0,0,0,0,0,0
342_1SOX.A,0.0,0.0,0.04022,0,1SOX.A,0.02408579955763844,0.028291534969028097,0.012235868805799445,0,0,0,0,0,0
341_1SOX.A,0.0,0.0,0.02929,0,1SOX.A,0.01706502352633818,0.027866694416416923,0.010449996841515291,0,0,0,0,0,0
368_1SOX.A,0.0,0.04,0.0376,0,1SOX.A,0.02553090440809723,0.03145146555170121,0.024344446500559835,0,0,0,0,0,0
370_1SOX.A,0.0,0.0,0.0,0,1SOX.A,0.011911687957688459,0.026758546855358632,0.005664252117463797,0,0,0,0,0,0
399_1SOX.A,0.0,0.95,0.12732,0,1SOX.A,0.2743691477769185,0.32481488195897373,0.32421306399384553,0,1,0,1,1,1
371_1SOX.A,0.0,0.0,0.0,0,1SOX.A,0.011911687957688459,0.026758546855358632,0.005664252117463797,0,0,0,0,0,0
398_1SOX.A,0.0,0.97,0.11672,0,1SOX.A,0.27928041365318834,0.3339456367075841,0.3287494433674655,0,1,0,1,1,1
397_1SOX.A,0.0,0.89,0.15781,0,1SOX.A,0.27669155215326585,0.2978384053068223,0.31038988266409173,0,1,0,1,1,1
396_1SOX.A,0.0,0.44,0.19257,0,1SOX.A,0.14224203177037473,0.1112622642082197,0.1750319090629268,0,0,0,0,0,0
395_1SOX.A,0.0,0.0,0.10907,0,1SOX.A,0.041185807251393564,0.031115763920480155,0.02348539165492698,0,0,0,0,0,0
393_1SOX.A,0.0,0.32,0.16929,0,1SOX.A,0.07466053674670746,0.07946158441505882,0.13361815649394218,0,0,0,0,0,0
391_1SOX.A,0.0,0.11,0.2,0,1SOX.A,0.10255557352540469,0.04749268702385643,0.07281843092988452,0,0,0,0,0,0
390_1SOX.A,0.0,0.1,0.31322,0,1SOX.A,0.11171916015398295,0.05388655527871205,0.08818348025364599,0,0,1,0,0,0
389_1SOX.A,0.0,0.1,0.20634,0,1SOX.A,0.1025185567421622,0.04663217787595582,0.07072016867608968,0,0,0,0,0,0
388_1SOX.A,0.0,0.09,0.04492,0,1SOX.A,0.028121629033743187,0.03640947452484465,0.0412113043428521,0,0,0,0,0,0
387_1SOX.A,0.0,0.41,0.02568,0,1SOX.A,0.04107340758244346,0.08315239548051656,0.13836095973246026,0,0,0,0,0,0
386_1SOX.A,0.0,0.11,0.00251,0,1SOX.A,0.024213518217886986,0.03627050433702565,0.040550191750883834,0,0,0,0,0,0
385_1SOX.A,0.0,0.0,0.00022,0,1SOX.A,0.011911687957688459,0.026766708350688388,0.005700198305217001,0,0,0,0,0,0
384_1SOX.A,0.0,0.0,0.0023,0,1SOX.A,0.012099895023662594,0.0268439913137799,0.006040053171247288,0,0,0,0,0,0
101_3VLB.B,0.0,0.0,0.02377,0,3VLB.B,0.015768783768895903,0.027654497749482053,0.009548074312434915,0,0,0,0,0,0
382_1SOX.A,0.0,0.0,0.02404,0,1SOX.A,0.015960512011593944,0.027664840321858147,0.009592190088313846,0,0,0,0,0,0
102_3VLB.B,0.0,0.0,0.0,0,3VLB.B,0.011911687957688459,0.026758546855358632,0.005664252117463797,0,0,0,0,0,0
380_1SOX.A,0.282,0.65,0.44044,0,1SOX.A,0.37628789888275554,0.31624704590286884,0.33665567984497896,1,0,1,1,1,1
379_1SOX.A,0.133,0.0,0.06798,0,1SOX.A,0.06254054800293765,0.034670140021939834,0.042855833162350865,0,0,0,0,0,0
378_1SOX.A,0.133,0.52,0.25727,0,1SOX.A,0.2191024140888678,0.1694327422037251,0.23676089335186318,0,0,1,0,0,0
103_3VLB.B,0.0,0.0,0.0002,0,3VLB.B,0.011911687957688459,0.026765966296543976,0.005696930469966709,0,0,0,0,0,0
376_1SOX.A,0.0,0.0,0.02645,0,1SOX.A,0.016500711000505038,0.0277573239806005,0.009985964235973938,0,0,0,0,0,0
375_1SOX.A,0.0,0.05,0.03639,0,1SOX.A,0.02553090440809723,0.03226864668300498,0.027280908496054353,0,0,0,0,0,0
374_1SOX.A,0.0,0.0,0.0023,0,1SOX.A,0.012099895023662594,0.0268439913137799,0.006040053171247288,0,0,0,0,0,0
373_1SOX.A,0.0,0.0,0.00448,0,1SOX.A,0.012260284256119898,0.026925222676157684,0.006396247213529031,0,0,0,0,0,0
372_1SOX.A,0.0,0.0,0.0,0,1SOX.A,0.011911687957688459,0.026758546855358632,0.005664252117463797,0,0,0,0,0,0
454_1SOX.A,0.0,0.0,0.00175,0,1SOX.A,0.011878216457422697,0.026823534838123064,0.005950187701864279,0,0,0,0,0,0
456_1SOX.A,0.0,0.0,0.00295,0,1SOX.A,0.012099895023662594,0.0268681867076167,0.006146257816881753,0,0,0,0,0,0
110_1STF.E,0.0,0.01,0.14918,0,1STF.E,0.044618361620009435,0.033794313275103426,0.03317320127752316,0,0,0,0,0,0
82_1STF.E,0.0,0.02,0.01797,0,1STF.E,0.016393617150243484,0.028979812062559868,0.014868734146124732,0,0,0,0,0,0
80_1STF.E,0.0,0.0,0.00048,0,1STF.E,0.011848029093358583,0.026776356875363727,0.005742680163470786,0,0,0,0,0,0
79_1STF.E,0.0,0.0,0.01062,0,1STF.E,0.013279529798889356,0.027155298557829905,0.007399472635368436,0,0,0,0,0,0
78_1STF.E,0.0,0.01,0.1119,0,1STF.E,0.04114232055645846,0.032102823847413926,0.02708195637098032,0,0,0,0,0,0
77_1STF.E,0.0,0.02,0.16994,0,1STF.E,0.0494780800040824,0.035732851516984944,0.039699380295462584,0,0,1,0,0,0
76_1STF.E,0.0,0.0,0.03583,0,1STF.E,0.023853295957465194,0.028120148669404176,0.011518578968360522,0,0,0,0,0,0
75_1STF.E,0.0,0.0,0.00027,0,1STF.E,0.011848029093358583,0.026768563573580005,0.0057083678933427286,0,0,0,0,0,0
74_1STF.E,0.007,0.0,0.03288,0,1STF.E,0.02260602556275428,0.028250662274332178,0.012409426375739788,0,0,0,0,0,0
73_1STF.E,0.0,0.06,0.25598,0,1STF.E,0.08464008498796219,0.044792843082372226,0.06629427165476395,0,0,1,0,0,0
72_1STF.E,0.0,0.0,0.00064,0,1STF.E,0.011848029093358583,0.026782296110059705,0.005768822845473117,0,0,0,0,0,0
71_1STF.E,0.0,0.0,0.00027,0,1STF.E,0.011848029093358583,0.026768563573580005,0.0057083678933427286,0,0,0,0,0,0
70_1STF.E,0.0,0.0,0.14929,0,1STF.E,0.045025575317570905,0.03288993969620093,0.030057008343262626,0,0,0,0,0,0
69_1STF.E,0.012,0.19,0.95853,0,1STF.E,0.17568380219474833,0.15748811208990943,0.22418277524394686,0,0,1,1,1,1
68_1STF.E,0.007,0.0,0.15674,0,1STF.E,0.04736825644967443,0.03351839156903141,0.03264713008079333,0,0,1,0,0,0
84_3VLB.B,0.0,0.01,0.01593,0,3VLB.B,0.014256225733258193,0.028116719358729433,0.01140124892245789,0,0,0,0,0,0
85_3VLB.B,0.0,0.0,0.0,0,3VLB.B,0.011911687957688459,0.026758546855358632,0.005664252117463797,0,0,0,0,0,0
86_3VLB.B,0.0,0.02,0.01178,0,3VLB.B,0.014869049384714412,0.028732746938102113,0.013857339136159597,0,0,0,0,0,0
62_1STF.E,0.0,0.0,0.03047,0,1STF.E,0.019815326539153175,0.02791226005508092,0.010642799121282475,0,0,0,0,0,0
61_1STF.E,1.0,0.96,0.89223,0,1STF.E,0.6520082492502354,0.8411584891121678,0.6484490954865987,1,1,1,1,1,1
60_1STF.E,0.106,0.0,0.20835,0,1STF.E,0.08690567400286511,0.04065035279348222,0.06049584431173052,1,0,1,0,0,0
59_1STF.E,0.231,0.47,0.77454,0,1STF.E,0.381915307906984,0.29557336459001027,0.32482766370224564,1,1,1,1,1,1
58_1STF.E,0.138,0.46,0.37957,0,1STF.E,0.22002675806390393,0.17102718629526317,0.2389193191005692,1,1,1,1,1,1
57_1STF.E,0.0,0.0,0.03986,0,1STF.E,0.02408579955763844,0.02827744242208778,0.012177047771294202,0,0,0,0,0,0
56_1STF.E,0.225,0.0,0.03208,0,1STF.E,0.0972218952107858,0.03697356638350695,0.0550332811488416,1,0,0,0,0,0
55_1STF.E,0.016,0.0,0.02709,0,1STF.E,0.017756136665540836,0.028340893294762966,0.013228484922376906,0,0,0,0,0,0
54_1STF.E,0.0,0.0,0.00542,0,1STF.E,0.01272638021532879,0.026960322747105712,0.006549835470292718,0,0,0,0,0,0
81_1STF.E,0.0,0.0,0.00987,0,1STF.E,0.013279529798889356,0.027127092684928435,0.007276928813482516,0,0,0,0,0,0
65_1TCO.A,0.0,0.0,0.0,0,1TCO.A,0.011911687957688459,0.026758546855358632,0.005664252117463797,0,0,0,0,0,0
52_1STF.E,0.0,0.0,0.00268,0,1STF.E,0.012099895023662594,0.026858133739484598,0.0061021420410028206,0,0,0,0,0,0
84_1STF.E,0.0,0.02,0.01507,0,1STF.E,0.01504935961974554,0.02886380708470123,0.014394898034832505,0,0,0,0,0,0
109_1STF.E,0.0,0.01,0.04973,0,1STF.E,0.025798434826766484,0.029462545086708196,0.01692389049545006,0,0,0,0,0,0
108_1STF.E,0.0,0.01,0.05278,0,1STF.E,0.026528543857910543,0.029587016573784115,0.01742223537111947,0,0,0,0,0,0
107_1STF.E,0.0,0.0,0.00354,0,1STF.E,0.012260284256119898,0.02689016703969158,0.006242658956765344,0,0,0,0,0,0
106_1STF.E,0.0,0.01,0.04023,0,1STF.E,0.02364919588070754,0.029078092457207643,0.015371668751561726,0,0,0,0,0,0
105_1STF.E,0.0,0.02,0.01336,0,1STF.E,0.014869049384714412,0.028795615446405447,0.014115498120932605,0,0,0,0,0,0
104_1STF.E,0.0,0.01,0.01658,0,1STF.E,0.014925818876298257,0.028142028731517325,0.011507453568092355,0,0,0,0,0,0
103_1STF.E,0.0,0.02,0.05552,0,1STF.E,0.02843608687129604,0.03052331578589122,0.0210040948285465,0,0,0,0,0,0
102_1STF.E,0.0,0.03,0.03165,0,1STF.E,0.02147774323044678,0.030352741386350388,0.020238099485461063,0,0,0,0,0,0
101_1STF.E,0.007,0.02,0.02462,0,1STF.E,0.018751062780028704,0.029503189422526586,0.01732814247364378,0,0,0,0,0,0
100_1STF.E,0.007,0.07,0.011,0,1STF.E,0.01700093589999744,0.033194316805808415,0.03077357680888114,0,0,0,0,0,0
99_1STF.E,0.018,0.38,0.03299,0,1STF.E,0.040838926154405895,0.07933244745935597,0.13368304913522316,0,0,0,0,0,0
98_1STF.E,0.007,0.86,0.07612,0,1STF.E,0.1580003996326161,0.25929224047607197,0.28901276460666303,0,1,0,1,1,1
97_1STF.E,0.0,0.0,0.02864,0,1STF.E,0.016580063070364665,0.027841625570186147,0.010343792195880826,0,0,0,0,0,0
96_1STF.E,0.03,0.0,0.02049,0,1STF.E,0.01694485736407208,0.028576811751387356,0.014895805503375246,0,0,0,0,0,0
95_1STF.E,0.04,0.4,0.05085,0,1STF.E,0.045489889622020996,0.08775197597224324,0.14718423926279878,1,1,0,0,0,0
94_1STF.E,0.04,0.64,0.06099,0,1STF.E,0.07317609313502682,0.16114621882034189,0.22406101640998766,1,1,0,1,1,0
93_1STF.E,0.045,0.82,0.05273,0,1STF.E,0.12612932879388944,0.24100800314882556,0.2801069983200838,1,1,0,1,1,1
92_1STF.E,0.071,0.83,0.07617,0,1STF.E,0.13609601471880328,0.25879260037151874,0.2921702359439519,1,1,0,1,1,1
91_1STF.E,0.03,0.97,0.03101,0,1STF.E,0.2080258012918884,0.31560552433909284,0.32062879157433055,0,1,0,1,1,1
90_1STF.E,0.011,0.05,0.01872,0,1STF.E,0.018892788931188426,0.03192452630733523,0.026551116648817694,0,0,0,0,0,0
89_1STF.E,0.018,0.22,0.01856,0,1STF.E,0.03382372586059421,0.051004430550713145,0.08117864955194388,0,0,0,0,0,0
88_1STF.E,0.018,0.61,0.01293,0,1STF.E,0.04904609757808199,0.13811797927935596,0.20249122902633518,0,1,0,1,1,0
87_1STF.E,0.0,0.38,0.00713,0,1STF.E,0.03577563893193703,0.07506696441452648,0.12592754445340376,0,0,0,0,0,0
86_1STF.E,0.0,0.0,0.00048,0,1STF.E,0.011848029093358583,0.026776356875363727,0.005742680163470786,0,0,0,0,0,0
85_1STF.E,0.0,0.05,0.01073,0,1STF.E,0.015168296615265314,0.03114667220413841,0.023088275869930716,0,0,0,0,0,0
53_1STF.E,0.0,0.0,0.00011,0,1STF.E,0.011911687957688459,0.026762627300463873,0.005682225211340399,0,0,0,0,0,0
51_1STF.E,0.0,0.0,5e-05,0,1STF.E,0.011911687957688459,0.026760401528124356,0.005672421705589526,0,0,0,0,0,0
88_3VLB.B,0.031,0.01,0.01139,0,3VLB.B,0.014341247532647173,0.029039501110861052,0.01673922836502948,0,0,0,0,0,0
87_3VLB.B,0.0,0.0,0.00448,0,3VLB.B,0.012260284256119898,0.026925222676157684,0.006396247213529031,0,0,0,0,0,0
16_1STF.E,0.0,0.41,0.00933,0,1STF.E,0.03768417136160863,0.08139417104721972,0.1356895044153472,0,1,0,0,0,0
15_1STF.E,0.0,0.03,0.01121,0,1STF.E,0.015168296615265314,0.02950753234003264,0.016898371859663433,0,0,0,0,0,0
14_1STF.E,0.0,0.0,0.00703,0,1STF.E,0.012949580032353771,0.027020544334898852,0.006812896207941161,0,0,0,0,0,0
13_1STF.E,0.0,0.0,0.00703,0,1STF.E,0.012949580032353771,0.027020544334898852,0.006812896207941161,0,0,0,0,0,0
12_1STF.E,0.0,0.0,0.00054,0,1STF.E,0.011848029093358583,0.026778583938260672,0.00575248366922166,0,0,0,0,0,0
11_1STF.E,0.0,0.19,0.01143,0,1STF.E,0.03125139050053229,0.045592066987823046,0.0670809744976108,0,0,0,0,0,0
10_1STF.E,0.0,0.04,0.02409,0,1STF.E,0.017849278827969904,0.03087055955273979,0.022137023788988117,0,0,0,0,0,0
9_1STF.E,0.0,0.1,0.03884,0,1STF.E,0.03433060037051608,0.03710190897767934,0.043352048454900705,0,0,0,0,0,0
8_1STF.E,0.0,0.38,0.02586,0,1STF.E,0.038357362729503824,0.07694032620940759,0.1289878721653015,0,0,0,0,0,0
7_1STF.E,0.0,0.0,0.01695,0,1STF.E,0.015197141762671972,0.027394494478253498,0.008433742492085608,0,0,0,0,0,0
6_1STF.E,0.0,0.0,0.02414,0,1STF.E,0.016190783381551558,0.027668671857814964,0.009608529264565303,0,0,0,0,0,0
5_1STF.E,0.0,0.0,0.01464,0,1STF.E,0.0136725739971429,0.02730696862339857,0.008056307520676972,0,0,0,0,0,0
4_1STF.E,0.018,0.46,0.05541,0,1STF.E,0.052172326326091714,0.10031084683263582,0.16241962067589671,0,1,0,1,1,0
3_1STF.E,0.018,0.03,0.05396,0,1STF.E,0.028106308016231388,0.03200877990783447,0.027413563410353774,0,0,0,0,0,0
2_1STF.E,0.007,0.24,0.0464,0,1STF.E,0.042452749713582955,0.055122692323392244,0.0898384676802279,0,0,0,0,0,0
1_1STF.E,0.007,0.06,0.07767,0,1STF.E,0.036769380558460844,0.03540418465780745,0.03853273958758979,0,0,0,0,0,0
466_1SOX.A,0.0,0.02,0.02557,0,1SOX.A,0.017697186388076557,0.02928597502461163,0.016110511541235394,0,0,0,0,0,0
465_1SOX.A,0.0,0.04,0.03585,0,1SOX.A,0.025298400807923983,0.03137562652877135,0.024058510916159355,0,0,0,0,0,0
464_1SOX.A,0.0,0.0,0.00361,0,1SOX.A,0.012260284256119898,0.026892776035713464,0.006254096380141363,0,0,0,0,0,0
463_1SOX.A,0.0,0.06,0.01967,0,1SOX.A,0.017657550585271863,0.032406448370662366,0.027683164254948024,0,0,0,0,0,0
462_1SOX.A,0.0,0.0,0.00907,0,1SOX.A,0.013047041457815734,0.0270970378122406,0.007146215403470867,0,0,0,0,0,0
461_1SOX.A,0.0,0.06,0.04798,0,1SOX.A,0.02768014335415618,0.03369490641881264,0.03230878505173525,0,0,0,0,0,0
460_1SOX.A,0.0,0.0,0.00459,0,1SOX.A,0.012260284256119898,0.026929327834601748,0.006414220307405633,0,0,0,0,0,0
459_1SOX.A,0.0,0.13,0.06339,0,1SOX.A,0.040960428630242796,0.041620185610757914,0.056765814309044586,0,0,0,0,0,0
458_1SOX.A,0.0,0.0,0.00568,0,1SOX.A,0.01272638021532879,0.02697003912939895,0.0065923173285465046,0,0,0,0,0,0
17_1STF.E,0.0,0.0,0.0088,0,1STF.E,0.012949580032353771,0.0270869016008552,0.007102099627591935,0,0,0,0,0,0
22_1STF.E,0.0,0.0,0.02639,0,1STF.E,0.016500711000505038,0.027755017841342978,0.009976160730223064,0,0,0,0,0,0
50_1STF.E,0.0,0.0,5e-05,0,1STF.E,0.011911687957688459,0.026760401528124356,0.005672421705589526,0,0,0,0,0,0
23_1STF.E,0.231,0.09,0.04898,0,1STF.E,0.10073323999452567,0.048606990156820615,0.08717882742296952,1,0,0,0,0,0
49_1STF.E,0.0,0.0,0.0,0,1STF.E,0.011911687957688459,0.026758546855358632,0.005664252117463797,0,0,0,0,0,0
48_1STF.E,0.0,0.0,0.00606,0,1STF.E,0.01272638021532879,0.0269842461204752,0.006654406198302038,0,0,0,0,0,0
47_1STF.E,0.0,0.02,0.01137,0,1STF.E,0.014580941161138606,0.028716454736816194,0.013790348513528627,0,0,0,0,0,0
46_1STF.E,0.0,0.01,0.014,0,1STF.E,0.013453282161046808,0.02804170017372685,0.011085902820804789,0,0,0,0,0,0
45_1STF.E,0.0,0.03,0.01223,0,1STF.E,0.015561340813518858,0.029549163799653614,0.017065031457428284,0,0,0,0,0,0
44_1STF.E,0.0,0.01,0.01523,0,1STF.E,0.013745918342718584,0.028089487830351263,0.011286874688697698,0,0,0,0,0,0
43_1STF.E,0.0,0.02,0.01293,0,1STF.E,0.014869049384714412,0.028778492454236842,0.014045239663051344,0,0,0,0,0,0
42_1STF.E,0.0,0.01,0.01513,0,1STF.E,0.013745918342718584,0.02808559970336968,0.011270535512446242,0,0,0,0,0,0
41_1STF.E,0.0,0.01,0.04071,0,1STF.E,0.024126123041870957,0.02909740016904302,0.015450096797568716,0,0,0,0,0,0
40_1STF.E,0.0,0.01,0.02028,0,1STF.E,0.015549491932799813,0.028286519375979653,0.012112003089396231,0,0,0,0,0,0
39_1STF.E,0.0,0.06,0.01041,0,1STF.E,0.015168296615265314,0.031995432528370386,0.02617015653406319,0,0,0,0,0,0
38_1STF.E,0.0,0.0,0.00467,0,1STF.E,0.012260284256119898,0.026932313786616542,0.006427291648406798,0,0,0,0,0,0
37_1STF.E,0.0,0.0,0.0066,0,1STF.E,0.012949580032353771,0.027004447519979147,0.006742637750059901,0,0,0,0,0,0
36_1STF.E,0.0,0.0,0.0,0,1STF.E,0.011911687957688459,0.026758546855358632,0.005664252117463797,0,0,0,0,0,0
35_1STF.E,0.0,0.0,0.0,0,1STF.E,0.011911687957688459,0.026758546855358632,0.005664252117463797,0,0,0,0,0,0
34_1STF.E,0.0,0.0,0.0,0,1STF.E,0.011911687957688459,0.026758546855358632,0.005664252117463797,0,0,0,0,0,0
33_1STF.E,0.0,0.0,0.0,0,1STF.E,0.011911687957688459,0.026758546855358632,0.005664252117463797,0,0,0,0,0,0
32_1STF.E,0.0,0.0,0.0,0,1STF.E,0.011911687957688459,0.026758546855358632,0.005664252117463797,0,0,0,0,0,0
31_1STF.E,0.0,0.0,0.0,0,1STF.E,0.011911687957688459,0.026758546855358632,0.005664252117463797,0,0,0,0,0,0
30_1STF.E,0.0,0.0,0.0,0,1STF.E,0.011911687957688459,0.026758546855358632,0.005664252117463797,0,0,0,0,0,0
29_1STF.E,0.0,0.0,0.00091,0,1STF.E,0.011848029093358583,0.02679232147377072,0.005812938621352048,0,0,0,0,0,0
28_1STF.E,0.0,0.0,0.0008,0,1STF.E,0.011848029093358583,0.026788236625869776,0.005794965527475446,0,0,0,0,0,0
27_1STF.E,0.0,0.0,5e-05,0,1STF.E,0.011911687957688459,0.026760401528124356,0.005672421705589526,0,0,0,0,0,0
26_1STF.E,0.108,0.0,0.04624,0,1STF.E,0.037974035376934875,0.03262275559944088,0.03440064943529424,1,0,0,0,0,0
24_1STF.E,0.0,0.0,0.00638,0,1STF.E,0.012949580032353771,0.026996215545847163,0.006706691562306697,0,0,0,0,0,0
64_1TCO.A,0.0,0.0,0.0,0,1TCO.A,0.011911687957688459,0.026758546855358632,0.005664252117463797,0,0,0,0,0,0
89_1TCO.A,0.0,0.0,0.0,0,1TCO.A,0.011911687957688459,0.026758546855358632,0.005664252117463797,0,0,0,0,0,0
66_1TCO.A,0.0,0.02,0.00041,0,1TCO.A,0.013044504480930095,0.028284244711926494,0.011999574796369037,0,0,0,0,0,0
357_1TCO.A,0.454,0.98,0.43439,0,1TCO.A,0.49943842272277317,0.5918993023897505,0.47282760066302304,1,1,1,1,1,1
33_3VLB.B,0.117,0.92,0.06709,0,3VLB.B,0.19377451438235999,0.32031997762587355,0.32791573912393573,1,1,0,1,1,1
34_3VLB.B,0.079,0.76,0.05833,0,3VLB.B,0.1228858855842392,0.22012447371250676,0.26888513968292904,0,1,0,1,1,0
35_3VLB.B,0.117,0.22,0.04246,0,3VLB.B,0.05817974563596975,0.05937680797078092,0.10449977804360261,1,1,0,0,0,0
36_3VLB.B,0.083,0.06,0.03437,0,3VLB.B,0.032784338792436765,0.03664304538885548,0.046363138573079124,0,0,0,0,0,0
37_3VLB.B,0.0,0.0,0.01672,0,3VLB.B,0.015197141762671972,0.027385767575337314,0.008396162386707259,0,0,0,0,0,0
366_1TCO.A,0.307,0.98,0.00965,0,1TCO.A,0.38551493394781583,0.3961749369998826,0.3745986682098467,1,1,0,0,1,0
38_3VLB.B,0.416,0.89,0.0262,0,3VLB.B,0.3027080921325122,0.37467868823348704,0.3704725917177852,1,1,0,1,1,1
39_3VLB.B,0.0,0.0,0.00125,0,3VLB.B,0.011848029093358583,0.026804951197297235,0.005868491820606999,0,0,0,0,0,0
363_1TCO.A,0.307,0.97,0.13414,0,1TCO.A,0.368981144676545,0.4323336286312084,0.3918051426971473,1,1,0,1,1,0
40_3VLB.B,0.0,0.0,0.02186,0,3VLB.B,0.015768783768895903,0.027581440836292107,0.009235996046032103,0,0,0,0,0,0
359_1TCO.A,0.0,0.98,0.32692,0,1TCO.A,0.41973352894074467,0.41028469170768317,0.3662285578761634,0,1,1,1,0,1
358_1TCO.A,0.184,0.95,0.04842,0,1TCO.A,0.3161304608142381,0.35242036901593327,0.3474078784529736,1,0,0,0,0,0
356_1TCO.A,0.0,0.97,0.82131,0,1TCO.A,0.4713917738445334,0.577653945472796,0.4438736453176001,0,1,1,1,1,1
67_1TCO.A,0.0,0.02,0.00041,0,1TCO.A,0.013044504480930095,0.028284244711926494,0.011999574796369037,0,0,0,0,0,0
355_1TCO.A,0.0,0.98,0.2433,0,1TCO.A,0.4178254818605376,0.3818063921813363,0.35256573869469576,0,1,1,0,0,1
41_3VLB.B,0.279,0.78,0.12529,0,3VLB.B,0.2665849288110576,0.2979772884722813,0.32531855863709896,1,1,0,1,1,1
42_3VLB.B,0.368,0.08,0.10277,0,3VLB.B,0.12770559421595418,0.06007097197086615,0.11970220081923624,1,0,0,0,1,1
43_3VLB.B,0.068,0.04,0.09823,0,3VLB.B,0.04444844031727323,0.03718718394091155,0.04758717638499069,0,0,0,0,0,0
351_1TCO.A,0.508,0.97,0.17764,0,1TCO.A,0.4441829640781972,0.5117696909443801,0.4383331807188509,1,1,0,1,1,1
44_3VLB.B,0.281,0.07,0.24814,0,3VLB.B,0.19380549741824485,0.06399074117606947,0.12325769240907541,1,0,1,1,1,1
45_3VLB.B,0.068,0.01,0.16031,0,3VLB.B,0.054690468828705964,0.03732226835969176,0.04832803891748323,0,0,0,0,0,0
46_3VLB.B,0.051,0.01,0.12496,0,3VLB.B,0.04085207180443213,0.03481561562543469,0.039218068281800245,0,0,0,0,0,0
347_1TCO.A,0.307,0.98,0.39574,0,1TCO.A,0.4924205668840094,0.5320751105514839,0.43768259379909363,1,1,1,1,1,1
47_3VLB.B,0.051,0.03,0.05359,0,3VLB.B,0.027808122425964577,0.03332775161275517,0.03382513024741029,0,0,0,0,0,0
346_1TCO.A,0.0,0.0,0.09397,0,1TCO.A,0.03626909807447098,0.03047388268700319,0.021018176040957105,0,0,0,0,0,0
345_1TCO.A,0.0,0.39,0.2919,0,1TCO.A,0.14497210354334544,0.11130037054477865,0.17559078269281247,0,0,1,0,0,0
32_3VLB.B,0.079,0.98,0.23082,0,3VLB.B,0.370349453400167,0.4016800591488778,0.3660202374180827,0,1,0,1,1,1
31_3VLB.B,0.117,0.98,0.48252,0,3VLB.B,0.4125462983457177,0.5021750675947989,0.41459857519418264,1,1,1,1,1,1
370_1TCO.A,0.671,0.98,0.00836,0,1TCO.A,0.4721811298181661,0.5107465010347247,0.44577625438965846,1,1,0,1,1,1
30_3VLB.B,0.173,0.51,0.26216,0,3VLB.B,0.28115794141447825,0.1736941754260312,0.24227058793840636,1,1,1,1,1,1
527_1TMQ.B,0.0,0.07,0.34172,0,1TMQ.B,0.094115438368196,0.051683831077799794,0.08343764740089958,0,0,0,0,0,0
526_1TMQ.B,0.0,0.0,0.22903,0,1TMQ.B,0.08046612663723578,0.036700559637748625,0.04308586748617373,0,0,0,0,0,0
525_1TMQ.B,0.0,0.0,0.01917,0,1TMQ.B,0.015583791776891611,0.02747886711634465,0.008796472204867933,0,0,0,0,0,0
524_1TMQ.B,0.0,0.0,0.00183,0,1TMQ.B,0.011878216457422697,0.02682650938309537,0.005963259042865444,0,0,0,0,0,0
523_1TMQ.B,0.0,0.0,0.05256,0,1TMQ.B,0.026965147534841444,0.02877873970845557,0.01425212315522913,0,0,0,0,0,0
522_1TMQ.B,0.088,0.07,0.83344,0,1TMQ.B,0.12481329337074996,0.10944064111167835,0.18103936963572462,0,0,1,0,0,0
521_1TMQ.B,0.016,0.0,0.4805,0,1TMQ.B,0.09651907593235715,0.052704496943008834,0.08731194396410405,0,0,0,0,0,0
520_1TMQ.B,0.0,0.0,0.00691,0,1TMQ.B,0.012949580032353771,0.027016051262333664,0.006793289196439414,0,0,0,0,0,0
519_1TMQ.B,0.0,0.07,0.25303,0,1TMQ.B,0.08655495665443494,0.0458317221837489,0.06894643198348314,0,0,0,0,0,0
518_1TMQ.B,0.0,0.32,0.57989,0,1TMQ.B,0.1791232813717455,0.13413641356841402,0.20070681418242098,0,0,1,0,0,0
517_1TMQ.B,0.0,0.0,0.03352,0,1TMQ.B,0.022259206219865976,0.028030371155841158,0.011141143996951885,0,0,0,0,0,0
516_1TMQ.B,0.0,0.0,0.03848,0,1TMQ.B,0.02408579955763844,0.028223484103914113,0.011951567139024108,0,0,0,0,0,0
515_1TMQ.B,0.0,0.76,0.46146,0,1TMQ.B,0.3020489552080236,0.3117481565823848,0.31925963298585547,0,0,0,0,0,0
514_1TMQ.B,0.0,0.96,0.42259,0,1TMQ.B,0.42023590977617403,0.42972766846268595,0.37559191573965717,0,1,0,1,1,1
513_1TMQ.B,0.0,0.45,0.30194,0,1TMQ.B,0.16220740857077248,0.1307982641249924,0.19603623215728144,0,0,0,0,0,0
512_1TMQ.B,0.0,0.0,0.19877,0,1TMQ.B,0.0790200850139373,0.03520690537102494,0.03814163275248311,0,0,0,0,0,0
511_1TMQ.B,0.042,0.98,0.46772,0,1TMQ.B,0.3857273651919915,0.4729142939579009,0.3974712366789969,0,1,0,1,1,1
510_1TMQ.B,0.13,0.96,0.60871,0,1TMQ.B,0.42081365639995605,0.5370937526119576,0.43149823399081566,1,1,1,1,1,1
509_1TMQ.B,0.042,0.96,0.45807,0,1TMQ.B,0.37808164908765846,0.4554610343873158,0.3896261741144571,0,1,0,1,1,1
508_1TMQ.B,0.042,0.0,0.13134,0,1TMQ.B,0.042028802842467995,0.033799920692498896,0.035361244846909584,0,0,0,0,0,0
507_1TMQ.B,0.322,0.97,0.20047,0,1TMQ.B,0.43295483220990866,0.4604207452268377,0.40558474639073216,1,1,0,1,1,1
506_1TMQ.B,0.523,0.0,0.13056,0,1TMQ.B,0.1679975359185068,0.06077389124091519,0.1295684198963573,1,0,0,0,0,0
505_1TMQ.B,0.103,0.29,0.50802,0,1TMQ.B,0.17412779876235024,0.1278669065475902,0.19976190298324714,1,0,1,0,0,0
503_1TMQ.B,0.523,0.98,0.26412,0,1TMQ.B,0.4922362413659871,0.554209159167437,0.4585392944552414,1,1,0,1,1,1
29_3VLB.B,0.0,0.0,0.27138,0,3VLB.B,0.08248308769043243,0.03889367245586554,0.050005508628665395,0,0,1,0,0,0
48_3VLB.B,0.197,0.01,0.02238,0,3VLB.B,0.07940184915009671,0.036216866587710735,0.05109113465339861,1,0,0,0,0,0
49_3VLB.B,0.0,0.0,0.00342,0,3VLB.B,0.012260284256119898,0.026885695047670393,0.006223051945263596,0,0,0,0,0,0
50_3VLB.B,0.0,0.0,0.00481,0,3VLB.B,0.012260284256119898,0.026937539977284007,0.006450166495158836,0,0,0,0,0,0
318_1TCO.A,0.0,0.24,0.01257,0,1TCO.A,0.034063742775972884,0.052220636669739175,0.08293807124756307,0,0,0,0,0,0
316_1TCO.A,0.0,0.92,0.12531,0,1TCO.A,0.2643874776482911,0.30592327549649295,0.3144821484667799,0,0,0,0,0,0
315_1TCO.A,0.0,0.94,0.30242,0,1TCO.A,0.395882954788698,0.375063284846855,0.3496887955820081,0,0,1,0,0,1
314_1TCO.A,0.0,0.99,0.4427,0,1TCO.A,0.4339685582212177,0.45768497678252595,0.3882802221682364,0,1,1,1,1,1
313_1TCO.A,0.0,0.78,0.34388,0,1TCO.A,0.3016656805200358,0.28843609334272824,0.3063163616056676,0,0,1,0,0,0
312_1TCO.A,0.0,0.99,0.35399,0,1TCO.A,0.42719542321415305,0.4265319324875387,0.37378573891556965,0,1,1,1,1,1
311_1TCO.A,0.0,0.0,0.10233,0,1TCO.A,0.0370694606919121,0.030827654128406018,0.022384131175578838,0,0,0,0,0,0
310_1TCO.A,0.0,0.92,0.10969,0,1TCO.A,0.2572177931627126,0.30121987887787766,0.3119299691363025,0,0,0,0,0,0
309_1TCO.A,0.0,0.0,0.00181,0,1TCO.A,0.011878216457422697,0.026825765716782062,0.005959991207615153,0,0,0,0,0,0
308_1TCO.A,0.0,0.0,0.0,0,1TCO.A,0.011911687957688459,0.026758546855358632,0.005664252117463797,0,0,0,0,0,0
307_1TCO.A,0.0,0.0,0.0,0,1TCO.A,0.011911687957688459,0.026758546855358632,0.005664252117463797,0,0,0,0,0,0
306_1TCO.A,0.0,0.0,0.01076,0,1TCO.A,0.013279529798889356,0.027160566810721355,0.007422347482120475,0,0,0,0,0,0
305_1TCO.A,0.0,0.0,0.0,0,1TCO.A,0.011911687957688459,0.026758546855358632,0.005664252117463797,0,0,0,0,0,0
304_1TCO.A,0.0,0.0,6e-05,0,1TCO.A,0.011911687957688459,0.026760772477679055,0.005674055623214671,0,0,0,0,0,0
303_1TCO.A,0.0,0.0,0.00275,0,1TCO.A,0.012099895023662594,0.026860739713292465,0.00611357946437884,0,0,0,0,0,0
302_1TCO.A,0.0,0.0,0.0,0,1TCO.A,0.011911687957688459,0.026758546855358632,0.005664252117463797,0,0,0,0,0,0
301_1TCO.A,0.0,0.0,0.0,0,1TCO.A,0.011911687957688459,0.026758546855358632,0.005664252117463797,0,0,0,0,0,0
300_1TCO.A,0.0,0.0,0.01491,0,1TCO.A,0.013852884232174028,0.027317184874001234,0.008100423296555904,0,0,0,0,0,0
56_3VLB.B,0.282,0.01,0.01238,0,3VLB.B,0.11980551335839618,0.039669105168074315,0.06612757618221926,1,0,0,0,0,0
299_1TCO.A,0.0,0.23,0.01953,0,1TCO.A,0.03540670854642171,0.05132205229554367,0.08094111188652729,0,0,0,0,0,0
298_1TCO.A,0.0,0.79,0.01859,0,1TCO.A,0.14450683495040065,0.20782561642506386,0.2563008212054432,0,0,0,0,0,0
297_1TCO.A,0.0,0.68,0.00965,0,1TCO.A,0.09716192071035619,0.15959924749304608,0.22036427253905452,0,0,0,0,0,0
296_1TCO.A,0.0,0.83,0.00748,0,1TCO.A,0.15405949865944854,0.22425600473589716,0.26702220283645495,0,0,0,0,0,0
295_1TCO.A,0.0,0.48,0.00795,0,1TCO.A,0.04128561062269902,0.09726469590051469,0.15740318598003705,0,0,0,0,0,0
294_1TCO.A,0.0,0.0,0.00333,0,1TCO.A,0.012260284256119898,0.02688234152824341,0.006208346686637285,0,0,0,0,0,0
293_1TCO.A,0.0,0.38,0.02017,0,1TCO.A,0.03762543549789468,0.0763667293488461,0.12805817303659361,0,0,0,0,0,0
317_1TCO.A,0.0,0.0,0.01029,0,1TCO.A,0.013279529798889356,0.02714288446315793,0.007345553353738632,0,0,0,0,0,0
319_1TCO.A,0.0,0.0,0.0,0,1TCO.A,0.011911687957688459,0.026758546855358632,0.005664252117463797,0,0,0,0,0,0
344_1TCO.A,0.184,0.9,0.5231,0,1TCO.A,0.4340579337535024,0.4816524536791921,0.4092958501426998,1,0,1,1,1,1
320_1TCO.A,0.0,0.0,0.00023,0,1TCO.A,0.011911687957688459,0.026767079385263085,0.005701832222842146,0,0,0,0,0,0
51_3VLB.B,0.0,0.0,0.00026,0,3VLB.B,0.011848029093358583,0.026768192518997928,0.005706733975717583,0,0,0,0,0,0
52_3VLB.B,0.4,0.0,0.01732,0,3VLB.B,0.12299327277532297,0.04492749016918243,0.08694294640405721,1,0,0,0,0,1
343_1TCO.A,0.271,0.0,0.59514,0,1TCO.A,0.2517509933065795,0.0832495888759512,0.1560542530806721,1,0,1,0,0,0
53_3VLB.B,0.0,0.0,0.00013,0,3VLB.B,0.011911687957688459,0.026763369264584256,0.00568549304659069,0,0,0,0,0,0
54_3VLB.B,0.386,0.01,0.0077,0,3VLB.B,0.12451655039307628,0.04478110755880263,0.08575957746320984,1,0,0,0,0,1
55_3VLB.B,0.0,0.0,0.00527,0,3VLB.B,0.01272638021532879,0.026954718690209694,0.006525326705915534,0,0,0,0,0,0
339_1TCO.A,0.05,0.8,0.19974,0,1TCO.A,0.23946214831748494,0.27134546462347514,0.29883949863307324,1,0,0,0,0,0
338_1TCO.A,0.087,0.51,0.0949,0,1TCO.A,0.07990329252846648,0.12919938925137162,0.198075200713855,1,0,0,0,0,0
337_1TCO.A,0.0,0.23,0.03883,0,1TCO.A,0.04254884609524168,0.05267705984128323,0.08409457290305833,0,0,0,0,0,0
336_1TCO.A,0.0,0.74,0.06812,0,1TCO.A,0.138130820723563,0.19645074973221632,0.2487227850621037,0,0,0,0,0,0
335_1TCO.A,0.0,0.31,0.01865,0,1TCO.A,0.03540670854642171,0.06341982677388805,0.10587065536061155,0,0,0,0,0,0
334_1TCO.A,0.0,0.0,0.00234,0,1TCO.A,0.012099895023662594,0.026845479649095515,0.0060465888417478705,0,0,0,0,0,0
333_1TCO.A,0.0,0.38,0.01321,0,1TCO.A,0.03628246972744586,0.07567044123454954,0.1269209663694923,0,0,0,0,0,0
332_1TCO.A,0.0,0.33,0.00889,0,1TCO.A,0.03355691198046405,0.06599370708292689,0.11054428381474371,0,0,0,0,0,0
331_1TCO.A,0.0,0.91,0.01807,0,1TCO.A,0.22893068790765217,0.2689006509230931,0.2938258498265812,0,0,0,0,0,0
330_1TCO.A,0.0,0.94,0.01637,0,1TCO.A,0.24245125439717252,0.28537072058920115,0.3029505819147179,0,0,0,0,0,0
329_1TCO.A,0.0,0.4,0.02099,0,1TCO.A,0.039980107437402844,0.08053025798745886,0.13446048633812988,0,0,0,0,0,0
328_1TCO.A,0.0,0.66,0.0176,0,1TCO.A,0.0666428073290321,0.15364090079653073,0.215394904994771,0,0,0,0,0,0
327_1TCO.A,0.0,0.31,0.01742,0,1TCO.A,0.035428793769671556,0.06331584852365842,0.10566968349271864,0,0,0,0,0,0
326_1TCO.A,0.0,0.14,0.00789,0,1TCO.A,0.027028181477073487,0.03963924924947755,0.050831737517623585,0,0,0,0,0,0
325_1TCO.A,0.0,0.05,0.00257,0,1TCO.A,0.013988661840038554,0.03079785779683544,0.021754999087811897,0,0,0,0,0,0
324_1TCO.A,0.0,0.0,0.00941,0,1TCO.A,0.013047041457815734,0.02710980717574705,0.007201768602725817,0,0,0,0,0,0
323_1TCO.A,0.0,0.11,0.00187,0,1TCO.A,0.023991839651647084,0.03623865468606508,0.040445621022874516,0,0,0,0,0,0
322_1TCO.A,0.0,0.0,0.00035,0,1TCO.A,0.011848029093358583,0.026771532190313977,0.005721439234343893,0,0,0,0,0,0
321_1TCO.A,0.0,0.0,0.0,0,1TCO.A,0.011911687957688459,0.026758546855358632,0.005664252117463797,0,0,0,0,0,0
528_1TMQ.B,0.0,0.1,0.37368,0,1TMQ.B,0.11118907724528793,0.05844928920881596,0.09806214621527636,0,0,0,0,0,0
529_1TMQ.B,0.0,0.71,0.46015,0,1TMQ.B,0.3007018596557232,0.28192868270031013,0.3033747596362757,0,0,0,0,0,0
530_1TMQ.B,0.0,0.26,0.47633,0,1TMQ.B,0.16093027298689994,0.10140794998741702,0.1649809670875902,0,0,0,0,0,0
612_1TMQ.B,0.035,0.92,0.54598,0,1TMQ.B,0.3340631414661116,0.45629730150484954,0.39008042673776644,0,1,1,1,1,1
610_1TMQ.B,0.523,0.83,0.90335,0,1TMQ.B,0.5395804774599405,0.6692675513793178,0.5159717203853672,1,0,1,1,1,1
14_3VLB.B,0.652,0.25,0.34031,0,3VLB.B,0.2788137062570765,0.1724358273309707,0.26749371432676367,1,1,1,1,1,1
607_1TMQ.B,0.0,0.0,0.37342,0,1TMQ.B,0.08758507347254316,0.04470569580988165,0.0666780040756512,0,0,0,0,0,0
606_1TMQ.B,0.04,0.05,0.35646,0,1TMQ.B,0.0882310940876604,0.052463509274428326,0.08742258482007405,0,0,0,0,0,0
605_1TMQ.B,0.024,0.0,0.10995,0,1TMQ.B,0.03950879631790961,0.032094963460374736,0.02833610134353027,0,0,0,0,0,0
604_1TMQ.B,0.016,0.07,0.20869,0,1TMQ.B,0.08156629694098512,0.044001952304259004,0.06483959119198116,0,0,0,0,0,0
603_1TMQ.B,0.0,0.0,0.03874,0,1TMQ.B,0.02408579955763844,0.02823364251488581,0.011994048997277894,0,0,0,0,0,0
602_1TMQ.B,0.0,0.0,0.1093,0,1TMQ.B,0.041185807251393564,0.031125641406717298,0.023522971760305326,0,0,0,0,0,0
601_1TMQ.B,0.0,0.04,0.27573,0,1TMQ.B,0.08425244626816085,0.04359721096069678,0.06325292690815226,0,0,0,0,0,0
600_1TMQ.B,0.016,0.04,0.62515,0,1TMQ.B,0.11280890346304902,0.07109335247604763,0.12348322652438386,0,0,1,0,0,0
599_1TMQ.B,0.0,0.06,0.3339,0,1TMQ.B,0.09220056670172325,0.04978857833568287,0.07902575778989857,0,0,0,0,0,0
598_1TMQ.B,0.0,0.0,0.01969,0,1TMQ.B,0.015768783768895903,0.027498666548715203,0.008881435921375505,0,0,0,0,0,0
597_1TMQ.B,0.0,0.0,0.00183,0,1TMQ.B,0.011878216457422697,0.02682650938309537,0.005963259042865444,0,0,0,0,0,0
596_1TMQ.B,0.0,0.07,0.43668,0,1TMQ.B,0.097513208039998,0.058729298469745485,0.09895332916928229,0,0,0,0,0,0
595_1TMQ.B,0.027,0.37,0.22512,0,1TMQ.B,0.13321387157223244,0.10024621555596727,0.16370643929060508,0,0,0,0,0,0
594_1TMQ.B,0.0,0.0,0.00091,0,1TMQ.B,0.011848029093358583,0.02679232147377072,0.005812938621352048,0,0,0,0,0,0
593_1TMQ.B,0.0,0.0,0.21116,0,1TMQ.B,0.08046612663723578,0.03581126907362808,0.04016605669003852,0,0,0,0,0,0
592_1TMQ.B,0.0,0.13,0.27455,0,1TMQ.B,0.11704139078428,0.0554144932808766,0.09126761888161931,0,0,0,0,0,0
591_1TMQ.B,0.0,0.09,0.17856,0,1TMQ.B,0.06832487199365905,0.04370956098782303,0.06304697948529805,0,0,0,0,0,0
590_1TMQ.B,0.0,0.0,0.01396,0,1TMQ.B,0.0136725739971429,0.02728125525778615,0.00794520112216707,0,0,0,0,0,0
589_1TMQ.B,0.0,0.14,0.34942,0,1TMQ.B,0.12744446951584196,0.06291141316762325,0.10663492616922164,0,0,0,0,0,0
588_1TMQ.B,0.0,0.02,0.27442,0,1TMQ.B,0.08092432443296793,0.041229895607878105,0.056770551642983925,0,0,0,0,0,0
587_1TMQ.B,0.0,0.0,0.10017,0,1TMQ.B,0.0370694606919121,0.03073586990797129,0.022031204968547383,0,0,0,0,0,0
586_1TMQ.B,0.0,0.03,0.31694,0,1TMQ.B,0.08816732529591115,0.04488582748251957,0.0668521354132402,0,0,0,0,0,0
585_1TMQ.B,0.0,0.0,0.20399,0,1TMQ.B,0.0797479445391552,0.035460321022277405,0.038994537752809116,0,0,0,0,0,0
611_1TMQ.B,0.103,0.0,0.6468,0,1TMQ.B,0.11341098236422441,0.07305989685188968,0.13154659696904103,1,0,1,0,0,0
613_1TMQ.B,0.147,0.97,1.0,0,1TMQ.B,0.5249922835633432,0.6804746036875394,0.5019000346040687,1,1,1,1,1,1
15_3VLB.B,0.281,0.06,0.51913,0,3VLB.B,0.21529764640101484,0.08906252663090292,0.1644010601047592,1,0,1,1,1,1
614_1TMQ.B,0.091,0.0,0.32281,0,1TMQ.B,0.08891212238950379,0.04664429769414308,0.07625583736315314,1,0,0,0,0,0
21_1YPI.A,0.0,0.12,0.00582,0,1YPI.A,0.025639689816463807,0.037439399119307014,0.04422518451294417,0,0,0,0,0,0
20_1YPI.A,0.0,0.0,0.00152,0,1YPI.A,0.011848029093358583,0.02681498480778139,0.00591260759648593,0,0,0,0,0,0
19_1YPI.A,0.0,0.19,0.04434,0,1YPI.A,0.0426146743637418,0.0476756930143019,0.072458197401965,0,0,0,0,0,0
18_1YPI.A,0.0,0.78,0.05658,0,1YPI.A,0.1499363025154296,0.2121204007793033,0.2593739082352342,0,0,0,0,0,0
174_3BX7.A,0.0,0.07,0.09639,0,3BX7.A,0.03753329260822006,0.03700607818430446,0.043352746303202294,0,0,0,0,0,0
175_3BX7.A,0.0,0.0,0.0945,0,3BX7.A,0.03626909807447098,0.03049619356386824,0.021104773675089825,0,0,0,0,0,0
176_3BX7.A,0.0,0.0,0.00945,0,3BX7.A,0.013047041457815734,0.02711130983834365,0.007208304273226399,0,0,0,0,0,0
177_3BX7.A,0.0,0.02,0.09594,0,3BX7.A,0.03745637154843485,0.03227373151537699,0.02760838986938506,0,0,0,0,0,0
178_3BX7.A,0.0,0.01,0.19732,0,3BX7.A,0.07315724737804766,0.036106124346028105,0.04103888072497413,0,0,0,0,0,0
7_3VLB.B,0.0,0.02,0.16835,0,3VLB.B,0.0494780800040824,0.03565490348740957,0.03943958739306443,0,0,0,0,0,0
11_1YPI.A,0.0,0.0,0.01938,0,1YPI.A,0.015583791776891611,0.02748686137281432,0.008830784474995992,0,0,0,0,0,0
8_3VLB.B,0.416,0.01,0.10257,0,3VLB.B,0.12975128198531405,0.05281978534384956,0.10714421014495433,1,0,0,0,0,1
9_3VLB.B,0.872,0.0,0.12535,0,3VLB.B,0.17320200528411367,0.09126618435253439,0.19716368228111789,1,0,0,1,1,1
10_3VLB.B,0.81,0.15,0.08302,0,3VLB.B,0.1636159755337837,0.11766703694813394,0.22510024330715817,1,1,0,1,1,1
9_1YPI.A,0.0,0.0,0.0,0,1YPI.A,0.011911687957688459,0.026758546855358632,0.005664252117463797,0,0,0,0,0,0
8_1YPI.A,0.0,0.0,0.0,0,1YPI.A,0.011911687957688459,0.026758546855358632,0.005664252117463797,0,0,0,0,0,0
7_1YPI.A,0.0,0.0,0.0,0,1YPI.A,0.011911687957688459,0.026758546855358632,0.005664252117463797,0,0,0,0,0,0
6_1YPI.A,0.0,0.0,0.00215,0,1YPI.A,0.012099895023662594,0.026838410770937453,0.006015544406870104,0,0,0,0,0,0
5_1YPI.A,0.0,0.0,0.00186,0,1YPI.A,0.011878216457422697,0.026827624920154877,0.005968160795740881,0,0,0,0,0,0
4_1YPI.A,0.0,0.17,0.00945,0,1YPI.A,0.02875464114401465,0.04308195730493435,0.0604891267515577,0,0,0,0,0,0
3_1YPI.A,0.0,0.34,0.00382,0,1YPI.A,0.03366101248868713,0.06729977213887309,0.11285005360693202,0,0,0,0,0,0
2_1YPI.A,0.0,0.6,0.0047,0,1YPI.A,0.05013669687954633,0.13078829260890817,0.19448215508951033,0,0,0,0,0,0
11_3VLB.B,0.12,0.5,0.14188,0,3VLB.B,0.0961388556900482,0.13858528909927195,0.20908920147783885,1,1,0,1,1,0
12_3VLB.B,0.708,0.9,0.56363,0,3VLB.B,0.4947848780868222,0.6582512602844839,0.518685979414807,1,1,1,1,1,1
615_1TMQ.B,0.322,0.98,0.91274,0,1TMQ.B,0.5987863981141652,0.7076609078315941,0.5250979631051158,1,1,1,1,1,1
584_1TMQ.B,0.0,0.09,0.51389,0,1TMQ.B,0.10422037426748469,0.06863258473691373,0.11783713920930583,0,0,1,0,0,0
16_3VLB.B,0.117,0.02,0.16782,0,3VLB.B,0.06293098416653717,0.04115245252883061,0.06229924882968527,1,0,0,0,0,0
531_1TMQ.B,0.088,0.42,0.56293,0,1TMQ.B,0.18175124971346854,0.1833034414534586,0.24653607494271046,0,0,1,0,0,0
558_1TMQ.B,0.322,0.98,0.14908,0,1TMQ.B,0.39898836391905496,0.44926880993847246,0.40032220974324606,1,1,0,1,1,1
556_1TMQ.B,0.091,0.0,0.24534,0,1TMQ.B,0.08458376965158998,0.04197589469658048,0.06359787752115009,1,0,0,0,0,0
555_1TMQ.B,0.0,0.0,0.06261,0,1TMQ.B,0.02745692332455934,0.02918153777402034,0.01589421036850047,0,0,0,0,0,0
25_3VLB.B,0.0,0.0,0.01225,0,3VLB.B,0.0136725739971429,0.027216697664221984,0.007665801208267171,0,0,0,0,0,0
26_3VLB.B,1.0,0.63,0.62526,0,3VLB.B,0.38896749620996973,0.5879354110264309,0.5014009177195609,1,1,1,1,1,1
27_3VLB.B,0.0,0.0,0.07361,0,3VLB.B,0.03394493819744625,0.029628679171371023,0.01769151975616064,0,0,0,0,0,0
551_1TMQ.B,0.0,0.0,0.23321,0,1TMQ.B,0.08214569741074376,0.0369116206804478,0.04376884505348459,0,0,0,0,0,0
550_1TMQ.B,0.0,0.03,0.40329,0,1TMQ.B,0.09052770108897099,0.050463626288327484,0.08096101410637255,0,0,0,0,0,0
549_1TMQ.B,0.016,0.05,0.29738,0,1TMQ.B,0.08395136773435537,0.04703719615669821,0.0730624745531233,0,0,0,0,0,0
548_1TMQ.B,0.0,0.0,0.00117,0,1TMQ.B,0.011848029093358583,0.026801978976880695,0.005855420479605833,0,0,0,0,0,0
547_1TMQ.B,0.0,0.17,0.19082,0,1TMQ.B,0.11041783792950895,0.05508126297557204,0.09012349071882365,0,0,0,0,0,0
546_1TMQ.B,0.0,0.12,0.2469,0,1TMQ.B,0.10792765534542209,0.05198058410183967,0.08361567061995456,0,0,0,0,0,0
545_1TMQ.B,0.0,0.38,0.01813,0,1TMQ.B,0.03764752072114454,0.07616203827169667,0.1277248538410639,0,0,0,0,0,0
544_1TMQ.B,0.0,0.0,0.00222,0,1TMQ.B,0.012099895023662594,0.02684101488386016,0.0060269818302461226,0,0,0,0,0,0
543_1TMQ.B,0.0,0.65,0.37616,0,1TMQ.B,0.2352272057069742,0.2272598244694067,0.2708464893338549,0,0,0,0,0,0
542_1TMQ.B,0.0,0.44,0.02739,0,1TMQ.B,0.04478393472009234,0.09003752393388376,0.14804285773077158,0,0,0,0,0,0
541_1TMQ.B,0.0,0.31,0.05608,0,1TMQ.B,0.04680198756055955,0.06666106999854866,0.11198640903153158,0,0,0,0,0,0
540_1TMQ.B,0.0,0.0,0.12352,0,1TMQ.B,0.04101538166259146,0.03174225603050356,0.025846402623262387,0,0,0,0,0,0
539_1TMQ.B,0.0,0.29,0.12378,0,1TMQ.B,0.06280878686277591,0.06919259676096955,0.11677969929749309,0,0,0,0,0,0
538_1TMQ.B,0.0,0.23,0.10252,0,1TMQ.B,0.05605514856026416,0.05739193813823099,0.09450099425761072,0,0,0,0,0,0
537_1TMQ.B,0.0,0.23,0.18364,0,1TMQ.B,0.11211780559241553,0.06397151362609324,0.10775533403279192,0,0,0,0,0,0
536_1TMQ.B,0.0,0.42,0.10265,0,1TMQ.B,0.0728072097542163,0.09428347633068683,0.15407138972134318,0,0,0,0,0,0
535_1TMQ.B,0.148,0.74,0.47124,0,1TMQ.B,0.31373019758781534,0.3441424849088639,0.34361530948211483,1,0,0,1,1,1
534_1TMQ.B,0.148,0.93,0.78531,0,1TMQ.B,0.44491674840860473,0.5838458516009495,0.45448091486966863,1,1,1,1,1,1
533_1TMQ.B,0.218,0.32,0.70614,0,1TMQ.B,0.3070061970114888,0.19689573681481604,0.2640895923829978,1,0,1,0,0,0
532_1TMQ.B,0.061,0.17,0.59723,0,1TMQ.B,0.1473388828441836,0.10107785115530629,0.16849097113874223,0,0,1,0,0,0
557_1TMQ.B,0.0,0.0,0.05217,0,1TMQ.B,0.026965147534841444,0.02876321796804994,0.01418840036784845,0,0,0,0,0,0
559_1TMQ.B,0.0,0.0,0.00013,0,1TMQ.B,0.011911687957688459,0.026763369264584256,0.00568549304659069,0,0,0,0,0,0
17_3VLB.B,0.079,0.01,0.36033,0,3VLB.B,0.08739263333822396,0.04968213525708193,0.08316699985204137,0,0,1,0,0,0
560_1TMQ.B,0.0,0.0,0.0,0,1TMQ.B,0.011911687957688459,0.026758546855358632,0.005664252117463797,0,0,0,0,0,0
18_3VLB.B,0.0,0.0,0.15821,0,3VLB.B,0.045509430439913234,0.03329646022511876,0.03151446286489251,0,0,0,0,0,0
19_3VLB.B,0.131,0.01,0.1908,0,3VLB.B,0.09366660256156122,0.0420472998867618,0.0656655317177272,1,0,0,0,0,0
583_1TMQ.B,0.0,0.17,0.7454,0,1TMQ.B,0.16503396062976353,0.11380963831841368,0.18073729437414895,0,0,1,0,0,0
582_1TMQ.B,0.0,0.1,0.60337,0,1TMQ.B,0.1325670671112934,0.0792761608672509,0.1355916001472459,0,0,1,0,0,0
581_1TMQ.B,0.0,0.19,0.4325,0,1TMQ.B,0.14147659933821852,0.08005277980275813,0.13588034393961704,0,0,0,0,0,0
580_1TMQ.B,0.0,0.22,0.38268,0,1TMQ.B,0.14330298830923519,0.08106719842603682,0.137142664415553,0,0,0,0,0,0
579_1TMQ.B,0.0,0.0,0.01304,0,1TMQ.B,0.0136725739971429,0.027246504042314792,0.0077948807006536745,0,0,0,0,0,0
578_1TMQ.B,0.0,0.64,0.40016,0,1TMQ.B,0.23224255199303226,0.22830907487707275,0.27163372560606724,0,0,0,0,0,0
577_1TMQ.B,0.0,0.52,0.26021,0,1TMQ.B,0.18161962036465584,0.147313477325697,0.2111570561045088,0,0,0,0,0,0
576_1TMQ.B,0.0,0.32,0.14686,0,1TMQ.B,0.06699821610759024,0.07715592242764792,0.12995327926074057,0,0,0,0,0,0
575_1TMQ.B,0.0,0.0,0.18377,0,1TMQ.B,0.07460627165199635,0.0344883749042018,0.03569075631476469,0,0,0,0,0,0
574_1TMQ.B,0.0,0.57,0.28368,0,1TMQ.B,0.1886351433667764,0.17060986168852327,0.23066269091141117,0,0,0,0,0,0
573_1TMQ.B,0.0,0.57,0.26999,0,1TMQ.B,0.18631291525319094,0.16786846485284296,0.22842585768258686,0,0,0,0,0,0
572_1TMQ.B,0.0,0.99,0.13786,0,1TMQ.B,0.33237009084260216,0.35346391744006583,0.3384718772832976,0,1,0,1,1,1
571_1TMQ.B,0.0,0.71,0.18117,0,1TMQ.B,0.2512090752964026,0.20878508883731264,0.25779172572996345,0,0,0,0,0,0
20_3VLB.B,0.051,0.01,0.11627,0,3VLB.B,0.04021526220371002,0.03440208772123592,0.03779819386554871,0,0,0,0,0,0
21_3VLB.B,0.0,0.0,0.05846,0,3VLB.B,0.02745692332455934,0.029014549630008272,0.01521613455406504,0,0,0,0,0,0
22_3VLB.B,0.031,0.02,0.29989,0,3VLB.B,0.07510898543564735,0.044340546065228324,0.06701191787861749,0,0,1,0,0,0
23_3VLB.B,0.0,0.0,0.0102,0,3VLB.B,0.013279529798889356,0.027139499758543236,0.007330848095112321,0,0,0,0,0,0
566_1TMQ.B,0.0,0.0,0.08047,0,1TMQ.B,0.035387757568140506,0.029910888240121558,0.01881238724701053,0,0,0,0,0,0
565_1TMQ.B,0.0,0.33,0.11621,0,1TMQ.B,0.061042211092380956,0.0760639381731823,0.12807948776780642,0,0,0,0,0,0
564_1TMQ.B,0.0,0.0,0.03222,0,1TMQ.B,0.019815326539153175,0.02797996948406729,0.010928734705682955,0,0,0,0,0,0
563_1TMQ.B,0.0,0.0,0.00261,0,1TMQ.B,0.012099895023662594,0.02685552801152577,0.006090704617626802,0,0,0,0,0,0
562_1TMQ.B,0.0,0.0,0.01461,0,1TMQ.B,0.0136725739971429,0.027305833713695223,0.008051405767801535,0,0,0,0,0,0
24_3VLB.B,0.11,0.22,0.64066,0,3VLB.B,0.1798300532395736,0.12790696127776693,0.20086787727301583,1,1,1,1,1,1
292_1TCO.A,0.0,0.27,0.00579,0,1TCO.A,0.033333712163439076,0.05605964189678298,0.09123277318212576,0,0,0,0,0,0
291_1TCO.A,0.0,0.0,0.00708,0,1TCO.A,0.012949580032353771,0.027022416662877753,0.00682106579606689,0,0,0,0,0,0
290_1TCO.A,0.0,0.48,0.02058,0,1TCO.A,0.04374950118604588,0.09885567526343218,0.15946682394059594,0,0,0,0,0,0
149_1TCO.A,0.0,0.0,0.0,0,1TCO.A,0.011911687957688459,0.026758546855358632,0.005664252117463797,0,0,0,0,0,0
147_1TCO.A,0.0,0.0,0.0,0,1TCO.A,0.011911687957688459,0.026758546855358632,0.005664252117463797,0,0,0,0,0,0
146_1TCO.A,0.0,0.0,0.0,0,1TCO.A,0.011911687957688459,0.026758546855358632,0.005664252117463797,0,0,0,0,0,0
145_1TCO.A,0.0,0.0,0.0,0,1TCO.A,0.011911687957688459,0.026758546855358632,0.005664252117463797,0,0,0,0,0,0
144_1TCO.A,0.0,0.0,0.0,0,1TCO.A,0.011911687957688459,0.026758546855358632,0.005664252117463797,0,0,0,0,0,0
143_1TCO.A,0.0,0.08,0.00029,0,1TCO.A,0.014778644415594965,0.033322838284619495,0.0307849639536901,0,0,0,0,0,0
142_1TCO.A,0.0,0.35,0.00064,0,1TCO.A,0.03324875732592581,0.06880205235291242,0.11546463383027285,0,0,0,0,0,0
141_1TCO.A,0.0,0.49,0.00035,0,1TCO.A,0.04546134101328538,0.09880263843045022,0.15929557461306354,0,0,0,0,0,0
140_1TCO.A,0.0,0.53,0.00035,0,1TCO.A,0.04584725825183481,0.10931782902959858,0.17183223872561207,0,0,0,0,0,0
139_1TCO.A,0.0,0.41,0.00023,0,1TCO.A,0.046635099369145186,0.08043032549694346,0.13420263937646468,0,0,0,0,0,0
138_1TCO.A,0.0,0.0,0.00018,0,1TCO.A,0.011911687957688459,0.026765224262405796,0.005693662634716418,0,0,0,0,0,0
137_1TCO.A,0.0,0.0,0.0,0,1TCO.A,0.011911687957688459,0.026758546855358632,0.005664252117463797,0,0,0,0,0,0
136_1TCO.A,0.0,0.0,0.0,0,1TCO.A,0.011911687957688459,0.026758546855358632,0.005664252117463797,0,0,0,0,0,0
135_1TCO.A,0.0,0.0,0.0,0,1TCO.A,0.011911687957688459,0.026758546855358632,0.005664252117463797,0,0,0,0,0,0
134_1TCO.A,0.0,0.0,0.0,0,1TCO.A,0.011911687957688459,0.026758546855358632,0.005664252117463797,0,0,0,0,0,0
133_1TCO.A,0.0,0.0,0.0,0,1TCO.A,0.011911687957688459,0.026758546855358632,0.005664252117463797,0,0,0,0,0,0
132_1TCO.A,0.0,0.0,0.00023,0,1TCO.A,0.011911687957688459,0.026767079385263085,0.005701832222842146,0,0,0,0,0,0
131_1TCO.A,0.0,0.0,0.0,0,1TCO.A,0.011911687957688459,0.026758546855358632,0.005664252117463797,0,0,0,0,0,0
130_1TCO.A,0.0,0.0,0.0,0,1TCO.A,0.011911687957688459,0.026758546855358632,0.005664252117463797,0,0,0,0,0,0
129_1TCO.A,0.0,0.0,0.0,0,1TCO.A,0.011911687957688459,0.026758546855358632,0.005664252117463797,0,0,0,0,0,0
128_1TCO.A,0.0,0.0,0.0031,0,1TCO.A,0.012099895023662594,0.026873773270831774,0.006170766581258936,0,0,0,0,0,0
127_1TCO.A,0.0,0.0,0.0,0,1TCO.A,0.011911687957688459,0.026758546855358632,0.005664252117463797,0,0,0,0,0,0
126_1TCO.A,0.0,0.0,0.00029,0,1TCO.A,0.011848029093358583,0.02676930569775022,0.00571163572859302,0,0,0,0,0,0
125_1TCO.A,0.0,0.0,0.01737,0,1TCO.A,0.015197141762671972,0.027410437536054433,0.008502367032341723,0,0,0,0,0,0
124_1TCO.A,0.143,0.97,0.25178,0,1TCO.A,0.3821552654471924,0.4219301441714073,0.37886256256582534,1,1,1,1,1,0
123_1TCO.A,0.0,0.0,0.02356,0,1TCO.A,0.015768783768895903,0.027646456123790776,0.009513762042306858,0,0,0,0,0,0
148_1TCO.A,0.0,0.0,0.0,0,1TCO.A,0.011911687957688459,0.026758546855358632,0.005664252117463797,0,0,0,0,0,0
150_1TCO.A,0.0,0.0,0.02345,0,1TCO.A,0.015768783768895903,0.027642244750423695,0.009495788948430256,0,0,0,0,0,0
121_1TCO.A,0.0,0.0,0.00719,0,1TCO.A,0.012949580032353771,0.02702653622843884,0.006839038889943492,0,0,0,0,0,0
151_1TCO.A,0.0,0.0,0.04643,0,1TCO.A,0.02623503850369739,0.02853570734938339,0.01325053165101487,0,0,0,0,0,0
176_1TCO.A,0.0,0.07,0.00152,0,1TCO.A,0.014037852338967392,0.032480751676437165,0.02785176979344588,0,0,0,0,0,0
175_1TCO.A,0.0,0.0,0.00088,0,1TCO.A,0.011848029093358583,0.026791207364273945,0.005808036868476611,0,0,0,0,0,0
174_1TCO.A,0.0,0.0,6e-05,0,1TCO.A,0.011911687957688459,0.026760772477679055,0.005674055623214671,0,0,0,0,0,0
173_1TCO.A,0.0,0.07,0.00327,0,1TCO.A,0.014450107501728706,0.03255917214207801,0.02813770537784636,0,0,0,0,0,0
172_1TCO.A,0.0,0.08,0.00555,0,1TCO.A,0.015656995537565173,0.03356501241014717,0.03164440462451669,0,0,0,0,0,0
171_1TCO.A,0.0,0.21,0.01228,0,1TCO.A,0.0341017516668317,0.04816720946345109,0.07348818955202245,0,0,0,0,0,0
170_1TCO.A,0.0,0.0,0.02602,0,1TCO.A,0.016500711000505038,0.027740800761671437,0.009915705778092677,0,0,0,0,0,0
169_1TCO.A,0.0,0.0,0.05268,0,1TCO.A,0.026965147534841444,0.02878351726357433,0.014271730166730875,0,0,0,0,0,0
168_1TCO.A,0.0,0.84,0.11028,0,1TCO.A,0.19270965500814813,0.25608850815515805,0.28695304205108896,0,0,0,0,0,0
167_1TCO.A,0.0,0.24,0.04584,0,1TCO.A,0.044702235748731625,0.05461633985741417,0.08837411518642252,0,0,0,0,0,0
166_1TCO.A,0.0,0.0,0.00018,0,1TCO.A,0.011911687957688459,0.026765224262405796,0.005693662634716418,0,0,0,0,0,0
165_1TCO.A,0.0,0.0,0.00088,0,1TCO.A,0.011848029093358583,0.026791207364273945,0.005808036868476611,0,0,0,0,0,0
164_1TCO.A,0.0,0.55,0.04812,0,1TCO.A,0.05939304297750251,0.12203983284494944,0.18590579527720694,0,0,0,0,0,0
163_1TCO.A,0.0,0.83,0.01251,0,1TCO.A,0.15414393833198903,0.2255047876495313,0.26784406340190314,0,0,0,0,0,0
162_1TCO.A,0.0,0.0,0.00094,0,1TCO.A,0.011848029093358583,0.026793435628322114,0.005817840374227484,0,0,0,0,0,0
161_1TCO.A,0.0,0.0,0.14946,0,1TCO.A,0.045025575317570905,0.03289764228209405,0.030084784942890103,0,0,0,0,0,0
160_1TCO.A,0.0,0.97,0.36341,0,1TCO.A,0.41633397394887967,0.4160441286507925,0.36905655726218256,0,1,1,1,1,1
159_1TCO.A,0.0,0.98,0.41229,0,1TCO.A,0.423566399645212,0.4399914746250806,0.3801773126420315,0,1,1,1,1,1
158_1TCO.A,0.0,0.37,0.09835,0,1TCO.A,0.058735263759456674,0.08244095003890979,0.13769797500184489,0,0,0,0,0,0
157_1TCO.A,0.0,0.0,0.0024,0,1TCO.A,0.012099895023662594,0.0268477123025251,0.006056392347498744,0,0,0,0,0,0
156_1TCO.A,0.0,0.0,0.09975,0,1TCO.A,0.0370694606919121,0.030718053729190783,0.02196258042829127,0,0,0,0,0,0
155_1TCO.A,0.0,0.45,0.09958,0,1TCO.A,0.06538152752303088,0.10136590596461383,0.16297227509483486,0,0,0,0,0,0
154_1TCO.A,0.0,0.09,0.00889,0,1TCO.A,0.0159000275917153,0.03465128102007918,0.03532429913945247,0,0,0,0,0,0
153_1TCO.A,0.0,0.0,0.00117,0,1TCO.A,0.011848029093358583,0.026801978976880695,0.005855420479605833,0,0,0,0,0,0
152_1TCO.A,0.0,0.0,0.0,0,1TCO.A,0.011911687957688459,0.026758546855358632,0.005664252117463797,0,0,0,0,0,0
122_1TCO.A,0.0,0.89,0.29423,0,1TCO.A,0.35464430142820524,0.33999637811591726,0.33267978690632816,0,0,1,0,0,0
120_1TCO.A,0.0,0.0,0.0,0,1TCO.A,0.011911687957688459,0.026758546855358632,0.005664252117463797,0,0,0,0,0,0
178_1TCO.A,0.0,0.0,0.0,0,1TCO.A,0.011911687957688459,0.026758546855358632,0.005664252117463797,0,0,0,0,0,0
94_1TCO.A,0.0,0.0,0.00515,0,1TCO.A,0.01272638021532879,0.02695023626018571,0.006505719694413787,0,0,0,0,0,0
92_1TCO.A,0.0,0.0,0.00871,0,1TCO.A,0.012949580032353771,0.027083523682930287,0.007087394368965625,0,0,0,0,0,0
91_1TCO.A,0.0,0.0,0.0,0,1TCO.A,0.011911687957688459,0.026758546855358632,0.005664252117463797,0,0,0,0,0,0
90_1TCO.A,0.0,0.0,0.00561,0,1TCO.A,0.01272638021532879,0.026967422845442058,0.006580879905170485,0,0,0,0,0,0
339_1SOX.A,0.0,0.0,0.08852,0,1SOX.A,0.03578106259522849,0.030245374802249276,0.020127690935252747,0,0,0,0,0,0
88_1TCO.A,0.0,0.0,0.0,0,1TCO.A,0.011911687957688459,0.026758546855358632,0.005664252117463797,0,0,0,0,0,0
87_1TCO.A,0.0,0.0,0.0,0,1TCO.A,0.011911687957688459,0.026758546855358632,0.005664252117463797,0,0,0,0,0,0
86_1TCO.A,0.0,0.0,0.0,0,1TCO.A,0.011911687957688459,0.026758546855358632,0.005664252117463797,0,0,0,0,0,0
85_1TCO.A,0.0,0.0,0.0,0,1TCO.A,0.011911687957688459,0.026758546855358632,0.005664252117463797,0,0,0,0,0,0
84_1TCO.A,0.0,0.41,0.00035,0,1TCO.A,0.038915336918479156,0.08044296751444069,0.13422224638796643,0,0,0,0,0,0
83_1TCO.A,0.0,0.05,0.00035,0,1TCO.A,0.013736795909734542,0.03070361608137239,0.021392269375029572,0,0,0,0,0,0
82_1TCO.A,0.0,0.11,0.00053,0,1TCO.A,0.02396165228758297,0.03617205663233924,0.040226676061105006,0,0,0,0,0,0
81_1TCO.A,0.0,0.0,0.0,0,1TCO.A,0.011911687957688459,0.026758546855358632,0.005664252117463797,0,0,0,0,0,0
80_1TCO.A,0.0,0.14,0.00029,0,1TCO.A,0.025926630538078296,0.03922922465393878,0.04958996012251292,0,0,0,0,0,0
79_1TCO.A,0.0,0.0,0.0,0,1TCO.A,0.011911687957688459,0.026758546855358632,0.005664252117463797,0,0,0,0,0,0
78_1TCO.A,0.0,0.0,6e-05,0,1TCO.A,0.011911687957688459,0.026760772477679055,0.005674055623214671,0,0,0,0,0,0
77_1TCO.A,0.0,0.0,0.00018,0,1TCO.A,0.011911687957688459,0.026765224262405796,0.005693662634716418,0,0,0,0,0,0
76_1TCO.A,0.0,0.6,0.00053,0,1TCO.A,0.05503776840523544,0.13011457570481122,0.1938008114398246,0,0,0,0,0,0
75_1TCO.A,0.0,0.0,0.00023,0,1TCO.A,0.011911687957688459,0.026767079385263085,0.005701832222842146,0,0,0,0,0,0
74_1TCO.A,0.0,0.56,0.00058,0,1TCO.A,0.047562628640788515,0.11787108309116995,0.18127231691540185,0,0,0,0,0,0
73_1TCO.A,0.0,0.25,0.00105,0,1TCO.A,0.03245536104146887,0.05280826187629362,0.08418996417153247,0,0,0,0,0,0
72_1TCO.A,0.0,0.0,0.0,0,1TCO.A,0.011911687957688459,0.026758546855358632,0.005664252117463797,0,0,0,0,0,0
71_1TCO.A,0.0,0.21,0.00029,0,1TCO.A,0.03249336993232768,0.04739027890800761,0.07152912231947287,0,0,0,0,0,0
70_1TCO.A,0.0,0.05,0.00058,0,1TCO.A,0.013736795909734542,0.030713366881486296,0.021429849480407923,0,0,0,0,0,0
69_1TCO.A,0.0,0.0,6e-05,0,1TCO.A,0.011911687957688459,0.026760772477679055,0.005674055623214671,0,0,0,0,0,0
68_1TCO.A,0.0,0.0,0.0,0,1TCO.A,0.011911687957688459,0.026758546855358632,0.005664252117463797,0,0,0,0,0,0
93_1TCO.A,0.0,0.0,0.00064,0,1TCO.A,0.011848029093358583,0.026782296110059705,0.005768822845473117,0,0,0,0,0,0
95_1TCO.A,0.0,0.0,0.00012,0,1TCO.A,0.011911687957688459,0.026762998280023546,0.005683859128965544,0,0,0,0,0,0
119_1TCO.A,0.0,0.0,0.0,0,1TCO.A,0.011911687957688459,0.026758546855358632,0.005664252117463797,0,0,0,0,0,0
96_1TCO.A,0.034,0.0,0.01281,0,1TCO.A,0.01484864759231907,0.028415832112123066,0.01442544425686183,1,0,0,0,0,0
118_1TCO.A,0.0,0.0,0.00526,0,1TCO.A,0.01272638021532879,0.026954345126689747,0.006523692788290389,0,0,0,0,0,0
117_1TCO.A,0.0,0.0,0.0,0,1TCO.A,0.011911687957688459,0.026758546855358632,0.005664252117463797,0,0,0,0,0,0
116_1TCO.A,0.0,0.0,0.0,0,1TCO.A,0.011911687957688459,0.026758546855358632,0.005664252117463797,0,0,0,0,0,0
115_1TCO.A,0.0,0.0,0.0,0,1TCO.A,0.011911687957688459,0.026758546855358632,0.005664252117463797,0,0,0,0,0,0
114_1TCO.A,0.0,0.0,0.0,0,1TCO.A,0.011911687957688459,0.026758546855358632,0.005664252117463797,0,0,0,0,0,0
113_1TCO.A,0.0,0.0,0.0,0,1TCO.A,0.011911687957688459,0.026758546855358632,0.005664252117463797,0,0,0,0,0,0
112_1TCO.A,0.0,0.02,0.00029,0,1TCO.A,0.013044504480930095,0.028279547614234332,0.01197996778486729,0,0,0,0,0,0
111_1TCO.A,0.0,0.02,0.00018,0,1TCO.A,0.01310816334525997,0.028275242606653515,0.011961994690990688,0,0,0,0,0,0
110_1TCO.A,0.0,0.02,0.00058,0,1TCO.A,0.013044504480930095,0.02829090023029678,0.012027351395996512,0,0,0,0,0,0
109_1TCO.A,0.0,0.02,0.00029,0,1TCO.A,0.013044504480930095,0.028279547614234332,0.01197996778486729,0,0,0,0,0,0
108_1TCO.A,0.0,0.0,6e-05,0,1TCO.A,0.011911687957688459,0.026760772477679055,0.005674055623214671,0,0,0,0,0,0
107_1TCO.A,0.0,0.01,0.00035,0,1TCO.A,0.011628737257262491,0.0275166463235791,0.008855605262481029,0,0,0,0,0,0
106_1TCO.A,0.0,0.09,0.00035,0,1TCO.A,0.014798476652720107,0.03424670111345089,0.03392893348757811,0,0,0,0,0,0
105_1TCO.A,0.0,0.0,0.00018,0,1TCO.A,0.011911687957688459,0.026765224262405796,0.005693662634716418,0,0,0,0,0,0
63_3VLB.B,0.0,0.89,0.27869,0,3VLB.B,0.35291660461188107,0.33504736989697204,0.3301406789168519,0,1,1,1,1,1
104_1TCO.A,0.0,0.0,0.00129,0,1TCO.A,0.011848029093358583,0.02680643742770096,0.005875027491107581,0,0,0,0,0,0
103_1TCO.A,0.0,0.05,0.00374,0,1TCO.A,0.014149051072495858,0.03084763836733129,0.021946167449953934,0,0,0,0,0,0
102_1TCO.A,0.0,0.0,0.00023,0,1TCO.A,0.011911687957688459,0.026767079385263085,0.005701832222842146,0,0,0,0,0,0
101_1TCO.A,0.0,0.0,0.0,0,1TCO.A,0.011911687957688459,0.026758546855358632,0.005664252117463797,0,0,0,0,0,0
64_3VLB.B,0.031,0.0,0.22378,0,3VLB.B,0.07452517931047455,0.03785722497744103,0.04830783877735998,0,0,0,0,0,0
100_1TCO.A,0.0,0.11,0.00462,0,1TCO.A,0.024373907450344286,0.036375699572655754,0.04089494836978956,0,0,0,0,0,0
99_1TCO.A,0.0,0.0,0.00152,0,1TCO.A,0.011848029093358583,0.02681498480778139,0.00591260759648593,0,0,0,0,0,0
65_3VLB.B,0.0,0.0,0.01455,0,3VLB.B,0.0136725739971429,0.027303564031819095,0.00804160226205066,0,0,0,0,0,0
98_1TCO.A,0.0,0.0,0.0,0,1TCO.A,0.011911687957688459,0.026758546855358632,0.005664252117463797,0,0,0,0,0,0
97_1TCO.A,0.0,0.0,0.00327,0,1TCO.A,0.012260284256119898,0.02688010607459433,0.006198543180886412,0,0,0,0,0,0
177_1TCO.A,0.0,0.02,6e-05,0,1TCO.A,0.01310816334525997,0.028270546960426222,0.011942387679488941,0,0,0,0,0,0
179_1TCO.A,0.0,0.0,0.00047,0,1TCO.A,0.011848029093358583,0.026775985715726276,0.005741046245845641,0,0,0,0,0,0
289_1TCO.A,0.0,0.76,0.0124,0,1TCO.A,0.13888964757608863,0.19285691038021469,0.24588692811106663,0,0,0,0,0,0
261_1TCO.A,0.0,0.0,0.0,0,1TCO.A,0.011911687957688459,0.026758546855358632,0.005664252117463797,0,0,0,0,0,0
259_1TCO.A,0.0,0.0,0.02602,0,1TCO.A,0.016500711000505038,0.027740800761671437,0.009915705778092677,0,0,0,0,0,0
258_1TCO.A,0.0,0.41,0.02549,0,1TCO.A,0.04107340758244346,0.08313176658100722,0.13832991529758248,0,0,0,0,0,0
257_1TCO.A,0.0,0.0,0.01579,0,1TCO.A,0.014242179390557011,0.027350508074387037,0.008244208047568717,0,0,0,0,0,0
256_1TCO.A,0.0,0.86,0.07432,0,1TCO.A,0.17431433729565918,0.25708389865149145,0.2873458063273396,0,0,0,0,0,0
255_1TCO.A,0.0,0.81,0.16869,0,1TCO.A,0.25288222074968575,0.25581030022317913,0.28709425681515305,0,0,0,0,0,0
254_1TCO.A,0.0,0.51,0.19588,0,1TCO.A,0.16420768229833457,0.13288679612376436,0.19751189799380992,0,0,0,0,0,0
253_1TCO.A,0.0,0.98,0.23255,0,1TCO.A,0.417258860757974,0.37819909429966875,0.35080927724766425,0,1,1,0,0,1
252_1TCO.A,0.0,0.96,0.1653,0,1TCO.A,0.3428031644371135,0.34312051028089785,0.3335528491622857,0,0,0,0,0,0
251_1TCO.A,0.0,0.0,0.02719,0,1TCO.A,0.016580063070364665,0.027785781674336086,0.010106874140234715,0,0,0,0,0,0
250_1TCO.A,0.0,0.18,0.04672,0,1TCO.A,0.04109502739238866,0.04656100369663416,0.06971290376861253,0,0,0,0,0,0
249_1TCO.A,0.0,0.04,0.00801,0,1TCO.A,0.01483834684872973,0.030192681177606876,0.019509684247753973,0,0,0,0,0,0
248_1TCO.A,0.0,0.09,0.00912,0,1TCO.A,0.0159000275917153,0.034662240680341856,0.035361879244830814,0,0,0,0,0,0
247_1TCO.A,0.0,0.03,0.00474,0,1TCO.A,0.014149051072495858,0.02924477979987523,0.015841227156194224,0,0,0,0,0,0
246_1TCO.A,0.0,0.01,0.01053,0,1TCO.A,0.013060237962793264,0.02790730976973681,0.01051893340487926,0,0,0,0,0,0
245_1TCO.A,0.0,0.01,0.00193,0,1TCO.A,0.011658924621326606,0.027576929500182007,0.009113764247254035,0,0,0,0,0,0
244_1TCO.A,0.0,0.01,0.00263,0,1TCO.A,0.011880603187566502,0.027603678238471575,0.009228138481014229,0,0,0,0,0,0
243_1TCO.A,0.0,0.05,0.00246,0,1TCO.A,0.013988661840038554,0.03079318157435752,0.021737025993935295,0,0,0,0,0,0
242_1TCO.A,0.0,0.03,0.00105,0,1TCO.A,0.013736795909734542,0.02909594317287256,0.015238311552515493,0,0,0,0,0,0
241_1TCO.A,0.0,0.18,0.00479,0,1TCO.A,0.028065345367780766,0.043980468076042896,0.06286188716637697,0,0,0,0,0,0
240_1TCO.A,0.0,0.08,0.00193,0,1TCO.A,0.01480883177965908,0.0333981634857781,0.031052926444213983,0,0,0,0,0,0
239_1TCO.A,0.0,0.0,0.00158,0,1TCO.A,0.011848029093358583,0.02681721499494065,0.005922411102236804,0,0,0,0,0,0
238_1TCO.A,0.0,0.06,0.00748,0,1TCO.A,0.01483834684872973,0.03186643406574313,0.025691418669895525,0,0,0,0,0,0
237_1TCO.A,0.0,0.11,0.06806,0,1TCO.A,0.04018594824916765,0.03967908304473081,0.05126052178371331,0,0,0,0,0,0
236_1TCO.A,0.0,0.0,0.00269,0,1TCO.A,0.012099895023662594,0.026858506006404666,0.006103775958627967,0,0,0,0,0,0
235_1TCO.A,0.0,0.0,0.00222,0,1TCO.A,0.012099895023662594,0.02684101488386016,0.0060269818302461226,0,0,0,0,0,0
260_1TCO.A,0.0,0.0,0.0,0,1TCO.A,0.011911687957688459,0.026758546855358632,0.005664252117463797,0,0,0,0,0,0
262_1TCO.A,0.0,0.0,0.00088,0,1TCO.A,0.011848029093358583,0.026791207364273945,0.005808036868476611,0,0,0,0,0,0
233_1TCO.A,0.0,0.0,0.0,0,1TCO.A,0.011911687957688459,0.026758546855358632,0.005664252117463797,0,0,0,0,0,0
263_1TCO.A,0.0,0.0,0.00035,0,1TCO.A,0.011848029093358583,0.026771532190313977,0.005721439234343893,0,0,0,0,0,0
288_1TCO.A,0.0,0.58,0.02006,0,1TCO.A,0.050840324828043994,0.12690943721833758,0.1907235205054597,0,0,0,0,0,0
287_1TCO.A,0.0,0.0,0.0,0,1TCO.A,0.011911687957688459,0.026758546855358632,0.005664252117463797,0,0,0,0,0,0
286_1TCO.A,0.0,0.82,0.00731,0,1TCO.A,0.1517011928132319,0.21934381985907053,0.2638602602086903,0,0,0,0,0,0
285_1TCO.A,0.0,0.88,0.03731,0,1TCO.A,0.17817933208467046,0.25779556615991855,0.28756700925295,1,0,0,0,0,0
284_1TCO.A,0.0,0.88,0.01164,0,1TCO.A,0.17616210834908894,0.2508621459829887,0.2833727427092012,0,0,0,0,0,0
283_1TCO.A,0.0,0.98,0.04444,0,1TCO.A,0.2635162870088941,0.31753502789197524,0.32007365280105016,0,1,0,0,0,0
282_1TCO.A,0.0,0.22,0.03321,0,1TCO.A,0.04117867549699436,0.05089849147107505,0.08004214516958935,0,0,0,0,0,0
281_1TCO.A,0.0,0.0,0.02579,0,1TCO.A,0.016500711000505038,0.0277319666835834,0.009878125672714328,0,0,0,0,0,0
280_1TCO.A,0.0,0.0,0.0,0,1TCO.A,0.011911687957688459,0.026758546855358632,0.005664252117463797,0,0,0,0,0,0
279_1TCO.A,0.0,0.0,0.00023,0,1TCO.A,0.011911687957688459,0.026767079385263085,0.005701832222842146,0,0,0,0,0,0
278_1TCO.A,0.0,0.0,0.0,0,1TCO.A,0.011911687957688459,0.026758546855358632,0.005664252117463797,0,0,0,0,0,0
277_1TCO.A,0.0,0.0,0.0,0,1TCO.A,0.011911687957688459,0.026758546855358632,0.005664252117463797,0,0,0,0,0,0
276_1TCO.A,0.0,0.0,0.0,0,1TCO.A,0.011911687957688459,0.026758546855358632,0.005664252117463797,0,0,0,0,0,0
275_1TCO.A,0.0,0.2,0.00748,0,1TCO.A,0.03375891761213906,0.046585276225971375,0.06956974306381543,0,0,0,0,0,0
274_1TCO.A,0.0,0.0,0.0007,0,1TCO.A,0.011848029093358583,0.026784523653343943,0.00577862635122399,0,0,0,0,0,0
273_1TCO.A,0.0,0.83,0.00111,0,1TCO.A,0.1530830446242347,0.2226816110038074,0.26598139730923714,0,0,0,0,0,0
272_1TCO.A,0.0,0.29,6e-05,0,1TCO.A,0.0350896534066648,0.058669620437676644,0.09656487043919158,0,0,0,0,0,0
271_1TCO.A,0.0,0.96,0.00146,0,1TCO.A,0.25137346419455775,0.2926030367952432,0.30678274279190004,0,0,0,0,0,0
270_1TCO.A,0.0,0.22,0.00041,0,1TCO.A,0.03229849905999104,0.04868847196999379,0.07468289535911174,0,0,0,0,0,0
269_1TCO.A,0.0,0.0,6e-05,0,1TCO.A,0.011911687957688459,0.026760772477679055,0.005674055623214671,0,0,0,0,0,0
268_1TCO.A,0.0,0.0,0.00023,0,1TCO.A,0.011911687957688459,0.026767079385263085,0.005701832222842146,0,0,0,0,0,0
267_1TCO.A,0.0,0.23,0.0024,0,1TCO.A,0.03270722697177288,0.05014707343222461,0.07814221099465286,0,0,0,0,0,0
266_1TCO.A,0.0,0.0,0.00029,0,1TCO.A,0.011848029093358583,0.02676930569775022,0.00571163572859302,0,0,0,0,0,0
265_1TCO.A,0.0,0.0,0.0,0,1TCO.A,0.011911687957688459,0.026758546855358632,0.005664252117463797,0,0,0,0,0,0
264_1TCO.A,0.0,0.0,0.00041,0,1TCO.A,0.011848029093358583,0.02677375886296809,0.005731242740094767,0,0,0,0,0,0
234_1TCO.A,0.0,0.0,0.01216,0,1TCO.A,0.0136725739971429,0.02721330401260929,0.007651095949640861,0,0,0,0,0,0
232_1TCO.A,0.0,0.0,0.10923,0,1TCO.A,0.041185807251393564,0.03112263489403179,0.023511534336929308,0,0,0,0,0,0
180_1TCO.A,0.0,0.02,0.00129,0,1TCO.A,0.013044504480930095,0.02831871324679718,0.012143359547381851,0,0,0,0,0,0
207_1TCO.A,0.0,0.15,0.00544,0,1TCO.A,0.02777947565610655,0.04059140160921041,0.05356559372760004,0,0,0,0,0,0
205_1TCO.A,0.0,0.05,0.02292,0,1TCO.A,0.017657550585271863,0.03167488835756925,0.025080021454983215,0,0,0,0,0,0
204_1TCO.A,0.0,0.06,0.01082,0,1TCO.A,0.015168296615265314,0.0320135237325018,0.02623714715669416,0,0,0,0,0,0
203_1TCO.A,0.0,0.0,0.00105,0,1TCO.A,0.011848029093358583,0.026797521247172152,0.005835813468104086,0,0,0,0,0,0
202_1TCO.A,0.0,0.0,0.0,0,1TCO.A,0.011911687957688459,0.026758546855358632,0.005664252117463797,0,0,0,0,0,0
201_1TCO.A,0.0,0.0,0.0,0,1TCO.A,0.011911687957688459,0.026758546855358632,0.005664252117463797,0,0,0,0,0,0
200_1TCO.A,0.0,0.0,0.0,0,1TCO.A,0.011911687957688459,0.026758546855358632,0.005664252117463797,0,0,0,0,0,0
199_1TCO.A,0.0,0.0,0.00047,0,1TCO.A,0.011848029093358583,0.026775985715726276,0.005741046245845641,0,0,0,0,0,0
198_1TCO.A,0.0,0.0,0.0,0,1TCO.A,0.011911687957688459,0.026758546855358632,0.005664252117463797,0,0,0,0,0,0
197_1TCO.A,0.0,0.0,0.0,0,1TCO.A,0.011911687957688459,0.026758546855358632,0.005664252117463797,0,0,0,0,0,0
196_1TCO.A,0.0,0.0,0.0,0,1TCO.A,0.011911687957688459,0.026758546855358632,0.005664252117463797,0,0,0,0,0,0
195_1TCO.A,0.0,0.0,0.00462,0,1TCO.A,0.012260284256119898,0.026930447528884273,0.006419122060281069,0,0,0,0,0,0
194_1TCO.A,0.0,0.05,0.0052,0,1TCO.A,0.014615147031704745,0.030909866978436003,0.022184719423225193,0,0,0,0,0,0
193_1TCO.A,0.0,0.06,0.00064,0,1TCO.A,0.013736795909734542,0.031567245630887086,0.024573819014295926,0,0,0,0,0,0
192_1TCO.A,0.0,0.02,0.00129,0,1TCO.A,0.013044504480930095,0.02831871324679718,0.012143359547381851,0,0,0,0,0,0
191_1TCO.A,0.0,0.0,0.0,0,1TCO.A,0.011911687957688459,0.026758546855358632,0.005664252117463797,0,0,0,0,0,0
190_1TCO.A,0.0,0.0,0.0,0,1TCO.A,0.011911687957688459,0.026758546855358632,0.005664252117463797,0,0,0,0,0,0
189_1TCO.A,0.0,0.0,0.0,0,1TCO.A,0.011911687957688459,0.026758546855358632,0.005664252117463797,0,0,0,0,0,0
188_1TCO.A,0.0,0.0,0.0,0,1TCO.A,0.011911687957688459,0.026758546855358632,0.005664252117463797,0,0,0,0,0,0
187_1TCO.A,0.0,0.0,0.0,0,1TCO.A,0.011911687957688459,0.026758546855358632,0.005664252117463797,0,0,0,0,0,0
186_1TCO.A,0.0,0.0,0.0,0,1TCO.A,0.011911687957688459,0.026758546855358632,0.005664252117463797,0,0,0,0,0,0
185_1TCO.A,0.0,0.0,0.0,0,1TCO.A,0.011911687957688459,0.026758546855358632,0.005664252117463797,0,0,0,0,0,0
184_1TCO.A,0.0,0.0,0.00058,0,1TCO.A,0.011848029093358583,0.02678006874693212,0.005759019339722242,0,0,0,0,0,0
183_1TCO.A,0.0,0.0,0.00129,0,1TCO.A,0.011848029093358583,0.02680643742770096,0.005875027491107581,0,0,0,0,0,0
182_1TCO.A,0.0,0.0,0.0,0,1TCO.A,0.011911687957688459,0.026758546855358632,0.005664252117463797,0,0,0,0,0,0
181_1TCO.A,0.0,0.0,0.0,0,1TCO.A,0.011911687957688459,0.026758546855358632,0.005664252117463797,0,0,0,0,0,0
206_1TCO.A,0.0,0.0,0.00041,0,1TCO.A,0.011848029093358583,0.02677375886296809,0.005731242740094767,0,0,0,0,0,0
208_1TCO.A,0.0,0.22,0.00099,0,1TCO.A,0.03229849905999104,0.04872674901029151,0.0747776625813702,0,0,0,0,0,0
231_1TCO.A,0.0,0.0,0.00012,0,1TCO.A,0.011911687957688459,0.026762998280023546,0.005683859128965544,0,0,0,0,0,0
209_1TCO.A,0.0,0.0,0.0,0,1TCO.A,0.011911687957688459,0.026758546855358632,0.005664252117463797,0,0,0,0,0,0
230_1TCO.A,0.0,0.0,0.0,0,1TCO.A,0.011911687957688459,0.026758546855358632,0.005664252117463797,0,0,0,0,0,0
229_1TCO.A,0.0,0.0,0.00538,0,1TCO.A,0.01272638021532879,0.02695882822117673,0.006543299799792136,0,0,0,0,0,0
228_1TCO.A,0.0,0.0,0.01123,0,1TCO.A,0.013279529798889356,0.027178260355717625,0.007499141610502319,0,0,0,0,0,0
227_1TCO.A,0.0,0.0,0.0017,0,1TCO.A,0.011878216457422697,0.02682167591038821,0.005942018113738551,0,0,0,0,0,0
226_1TCO.A,0.0,0.19,0.00836,0,1TCO.A,0.030913966184780928,0.04540217856873728,0.0665793617866911,0,0,0,0,0,0
225_1TCO.A,0.0,0.0,0.01678,0,1TCO.A,0.015197141762671972,0.02738804389819656,0.008405965892458133,0,0,0,0,0,0
224_1TCO.A,0.0,0.87,0.05315,0,1TCO.A,0.18128962665627524,0.2567146290826664,0.2870209687430435,0,0,0,0,0,0
223_1TCO.A,0.0,0.89,0.05701,0,1TCO.A,0.1894356317184587,0.2687092287816076,0.293919993002624,0,0,0,0,0,0
222_1TCO.A,0.0,0.67,0.02877,0,1TCO.A,0.06849192118913351,0.1594671145799766,0.2203541570101958,0,0,0,0,0,0
221_1TCO.A,0.0,0.0,0.0121,0,1TCO.A,0.0136725739971429,0.027211041806713982,0.0076412924438899864,0,0,0,0,0,0
220_1TCO.A,0.0,0.48,0.01497,0,1TCO.A,0.04197275165323897,0.09814615264031928,0.15855019615288926,0,0,0,0,0,0
219_1TCO.A,0.0,0.33,0.01029,0,1TCO.A,0.033789400321537676,0.06611672142724362,0.1107730322822641,0,0,0,0,0,0
57_3VLB.B,0.0,0.0,0.03035,0,3VLB.B,0.019815326539153175,0.027907622957838347,0.010623192109780726,0,0,0,0,0,0
218_1TCO.A,0.0,0.52,0.00211,0,1TCO.A,0.04455980397073004,0.1068394272831622,0.16898564219950057,0,0,0,0,0,0
217_1TCO.A,0.0,0.0,0.00029,0,1TCO.A,0.011848029093358583,0.02676930569775022,0.00571163572859302,0,0,0,0,0,0
58_3VLB.B,0.117,0.07,0.03325,0,3VLB.B,0.04329663048278097,0.03920239317956585,0.055982449488786466,1,0,0,0,0,0
59_3VLB.B,0.079,0.16,0.05609,0,3VLB.B,0.04870157952689632,0.04920941471894296,0.08046918044666834,0,1,0,0,0,0
216_1TCO.A,0.0,0.09,0.0055,0,1TCO.A,0.015676827774690313,0.03449013217483897,0.0347704010645281,0,0,0,0,0,0
215_1TCO.A,0.0,0.08,0.00374,0,1TCO.A,0.015190899578356282,0.03348148761580256,0.03134866553436534,0,0,0,0,0,0
214_1TCO.A,0.0,0.03,0.00322,0,1TCO.A,0.014149051072495858,0.02918338117377402,0.015592871677172089,0,0,0,0,0,0
213_1TCO.A,0.0,0.03,0.00035,0,1TCO.A,0.013736795909734542,0.029067791614607985,0.015123937318755299,0,0,0,0,0,0
212_1TCO.A,0.0,0.0,0.0,0,1TCO.A,0.011911687957688459,0.026758546855358632,0.005664252117463797,0,0,0,0,0,0
211_1TCO.A,0.0,0.05,0.00275,0,1TCO.A,0.013988661840038554,0.030805511280376438,0.02178440960506452,0,0,0,0,0,0
210_1TCO.A,0.0,0.09,0.00029,0,1TCO.A,0.014798476652720107,0.034243874812277704,0.03391912998182724,0,0,0,0,0,0
60_3VLB.B,0.0,0.64,0.10481,0,3VLB.B,0.08961752159689157,0.1626626061799121,0.2233759685473916,0,1,0,1,1,0
106_3VLB.B,0.0,0.0,0.00467,0,3VLB.B,0.012260284256119898,0.026932313786616542,0.006427291648406798,0,0,0,0,0,0
303_1SOX.A,0.0,0.0,0.00142,0,1SOX.A,0.011848029093358583,0.026811268229971517,0.005896268420234474,0,0,0,0,0,0
338_1SOX.A,0.133,0.97,0.09967,0,1SOX.A,0.2679560515688669,0.3671847100635826,0.35204782284573943,1,1,0,1,1,1
115_1QOR.A,0.0,0.01,0.02833,0,1QOR.A,0.016360771234268573,0.028603376594798235,0.013427306777638448,0,0,0,0,0,0
85_1QOR.A,0.0,0.0,7e-05,0,1QOR.A,0.011911687957688459,0.026761143432234433,0.005675689540839817,0,0,0,0,0,0
84_1QOR.A,0.0,0.03,0.03561,0,1QOR.A,0.02502654639686428,0.030519181187788406,0.020885130865018725,0,0,0,0,0,0
83_1QOR.A,0.0,0.01,0.02759,0,1QOR.A,0.016360771234268573,0.028574106145983557,0.013306396873377674,0,0,0,0,0,0
82_1QOR.A,0.0,0.01,0.02867,0,1QOR.A,0.016360771234268573,0.02861683493443232,0.0134828599768934,0,0,0,0,0,0
81_1QOR.A,0.0,0.01,0.01909,0,1QOR.A,0.01536449994079552,0.028239969659283593,0.011917566892003904,0,0,0,0,0,0
80_1QOR.A,0.0,0.01,0.02846,0,1QOR.A,0.016360771234268573,0.028608521705023458,0.013448547706765342,0,0,0,0,0,0
79_1QOR.A,0.0,0.0,0.01005,0,1QOR.A,0.013279529798889356,0.02713385949593589,0.0073063393307351366,0,0,0,0,0,0
78_1QOR.A,0.0,0.01,0.01976,0,1QOR.A,0.015549491932799813,0.028266169166138513,0.01202703937288866,0,0,0,0,0,0
77_1QOR.A,0.0,0.02,0.01228,0,1QOR.A,0.014869049384714412,0.02875262761601333,0.013939035017416878,0,0,0,0,0,0
76_1QOR.A,0.0,0.0,0.00654,0,1QOR.A,0.012949580032353771,0.02700220219412121,0.006732834244309027,0,0,0,0,0,0
75_1QOR.A,0.0,0.12,0.00911,0,1QOR.A,0.02586288963348879,0.037608635585741346,0.04476274341161707,0,0,0,0,0,0
161_3VLB.B,0.0,0.06,0.03252,0,3VLB.B,0.02328509755569651,0.032985273676979614,0.029782748403260135,0,0,0,0,0,0
74_1QOR.A,0.0,0.03,0.01032,0,1QOR.A,0.015168296615265314,0.02947125331552697,0.016752953191025474,0,0,0,0,0,0
73_1QOR.A,0.0,0.0,0.00526,0,1QOR.A,0.01272638021532879,0.026954345126689747,0.006523692788290389,0,0,0,0,0,0
72_1QOR.A,0.0,0.01,0.00742,0,1QOR.A,0.01273028819625768,0.0277873936325267,0.010010785023458976,0,0,0,0,0,0
71_1QOR.A,0.0,0.01,0.00911,0,1QOR.A,0.01282774962171964,0.027852494834141556,0.010286917102108585,0,0,0,0,0,0
70_1QOR.A,0.0,0.02,0.0116,0,1QOR.A,0.014869049384714412,0.028725593160097276,0.013827928618906977,0,0,0,0,0,0
69_1QOR.A,0.0,0.0,0.00614,0,1QOR.A,0.012835006956377057,0.026987237993003003,0.006667477539303203,0,0,0,0,0,0
162_3VLB.B,0.0,0.0,0.03345,0,3VLB.B,0.022259206219865976,0.028027654975024633,0.011129706573575867,0,0,0,0,0,0
163_3VLB.B,0.0,0.0,0.0318,0,3VLB.B,0.019815326539153175,0.027963704687072998,0.010860110165426842,0,0,0,0,0,0
164_3VLB.B,0.0,0.0,0.00586,0,3VLB.B,0.01272638021532879,0.026976767849973163,0.006621727845799125,0,0,0,0,0,0
165_3VLB.B,0.0,0.0,0.0,0,3VLB.B,0.011911687957688459,0.026758546855358632,0.005664252117463797,0,0,0,0,0,0
166_3VLB.B,0.0,0.0,0.02923,0,3VLB.B,0.01706502352633818,0.027864379450849037,0.010440193335764418,0,0,0,0,0,0
167_3VLB.B,0.0,0.0,0.02416,0,3VLB.B,0.016190783381551558,0.027669438226871318,0.009611797099815595,0,0,0,0,0,0
168_3VLB.B,0.0,0.05,0.05932,0,3VLB.B,0.02890202817501814,0.03330423055701008,0.03102748161051324,0,0,0,0,0,0
86_1QOR.A,0.0,0.0,7e-05,0,1QOR.A,0.011911687957688459,0.026761143432234433,0.005675689540839817,0,0,0,0,0,0
87_1QOR.A,0.0,0.0,0.0,0,1QOR.A,0.011911687957688459,0.026758546855358632,0.005664252117463797,0,0,0,0,0,0
88_1QOR.A,0.0,0.0,0.00782,0,1QOR.A,0.012949580032353771,0.02705014186900705,0.006941975700327665,0,0,0,0,0,0
102_1QOR.A,0.0,0.02,0.063,0,1QOR.A,0.02843608687129604,0.03084015850175383,0.022226265212155417,0,0,0,0,0,0
113_1QOR.A,0.0,0.0,0.01342,0,1QOR.A,0.0136725739971429,0.027260852586516865,0.007856969570409208,0,0,0,0,0,0
112_1QOR.A,0.0,0.01,0.03298,0,1QOR.A,0.021687330054098383,0.028787972809704118,0.014187078473331158,0,0,0,0,0,0
111_1QOR.A,0.0,0.01,0.04391,0,1QOR.A,0.025669276582980988,0.02922643641301354,0.01597295043761531,0,0,0,0,0,0
110_1QOR.A,0.0,0.01,0.03217,0,1QOR.A,0.01959603470305708,0.028755734400251365,0.014054731145694364,0,0,0,0,0,0
109_1QOR.A,0.0,0.0,0.02327,0,1QOR.A,0.015768783768895903,0.02763535475658258,0.009466378431177635,0,0,0,0,0,0
108_1QOR.A,0.0,0.01,0.02921,0,1QOR.A,0.016845731690242092,0.02863822257719768,0.013571091528651262,0,0,0,0,0,0
107_1QOR.A,0.0,0.0,0.00992,0,1QOR.A,0.013279529798889356,0.027128972190079797,0.0072850984016082435,0,0,0,0,0,0
106_1QOR.A,0.0,0.0,0.00283,0,1QOR.A,0.012099895023662594,0.026863718270140523,0.006126650805380005,0,0,0,0,0,0
105_1QOR.A,0.0,0.03,0.05888,0,1QOR.A,0.02890202817501814,0.03151522500818934,0.02468725717873256,0,0,0,0,0,0
104_1QOR.A,0.0,0.02,0.03568,0,1QOR.A,0.02483245950420189,0.02969811793611631,0.01776240226025761,0,0,0,0,0,0
103_1QOR.A,0.0,0.0,0.00108,0,1QOR.A,0.011848029093358583,0.02679863561200108,0.0058407152209795235,0,0,0,0,0,0
101_1QOR.A,0.0,0.0,0.00843,0,1QOR.A,0.012949580032353771,0.027073017223662007,0.0070416446754615475,0,0,0,0,0,0
89_1QOR.A,0.0,0.46,0.07905,0,1QOR.A,0.06298627064683478,0.10127277684762671,0.16275200823854807,0,1,0,0,0,0
100_1QOR.A,0.0,0.03,0.02347,0,1QOR.A,0.017657550585271863,0.030011713589326642,0.018901554868091953,0,0,0,0,0,0
99_1QOR.A,0.0,0.0,0.02104,0,1QOR.A,0.015768783768895903,0.027550133655059407,0.009102014800770164,0,0,0,0,0,0
98_1QOR.A,0.0,0.0,0.01018,0,1QOR.A,0.013279529798889356,0.027138747657683336,0.00732758025986203,0,0,0,0,0,0
97_1QOR.A,0.0,0.05,0.0085,0,1QOR.A,0.01483834684872973,0.031050968782874677,0.022723912239523244,0,0,0,0,0,0
96_1QOR.A,0.0,0.0,0.00459,0,1QOR.A,0.012260284256119898,0.026929327834601748,0.006414220307405633,0,0,0,0,0,0
95_1QOR.A,0.0,0.0,0.0,0,1QOR.A,0.011911687957688459,0.026758546855358632,0.005664252117463797,0,0,0,0,0,0
94_1QOR.A,0.0,0.0,0.0,0,1QOR.A,0.011911687957688459,0.026758546855358632,0.005664252117463797,0,0,0,0,0,0
93_1QOR.A,0.0,0.0,0.0087,0,1QOR.A,0.012949580032353771,0.02708314838399651,0.007085760451340479,0,0,0,0,0,0
92_1QOR.A,0.0,0.6,0.10313,0,1QOR.A,0.07768084908436727,0.14756684109711926,0.21056480627381857,0,1,0,1,1,0
91_1QOR.A,0.0,0.07,0.08586,0,1QOR.A,0.03704525712897757,0.03647530233772963,0.04163223104392397,0,0,0,0,0,0
90_1QOR.A,0.0,0.0,0.06253,0,1QOR.A,0.02745692332455934,0.029178309930892845,0.015881139027499304,0,0,0,0,0,0
169_3VLB.B,0.0,0.01,0.05162,0,3VLB.B,0.025798434826766484,0.029539616634145085,0.017232700926602576,0,0,0,0,0,0
170_3VLB.B,0.0,0.01,0.05675,0,3VLB.B,0.027020319647628438,0.029749797449320742,0.018070900668302275,0,0,0,0,0,0
171_3VLB.B,0.0,0.0,0.01396,0,3VLB.B,0.0136725739971429,0.02728125525778615,0.00794520112216707,0,0,0,0,0,0
30_1QOR.A,0.0,0.01,0.04081,0,1QOR.A,0.02461903012706592,0.029101424174025187,0.015466435973820171,0,0,0,0,0,0
41_1QOR.A,0.0,0.0,0.00081,0,1QOR.A,0.011848029093358583,0.026788607950650842,0.005796599445100591,0,0,0,0,0,0
40_1QOR.A,0.0,0.0,0.0,0,1QOR.A,0.011911687957688459,0.026758546855358632,0.005664252117463797,0,0,0,0,0,0
39_1QOR.A,0.0,0.0,0.0,0,1QOR.A,0.011911687957688459,0.026758546855358632,0.005664252117463797,0,0,0,0,0,0
38_1QOR.A,0.0,0.0,0.0,0,1QOR.A,0.011911687957688459,0.026758546855358632,0.005664252117463797,0,0,0,0,0,0
37_1QOR.A,0.0,0.0,0.00229,0,1QOR.A,0.012099895023662594,0.02684361924248841,0.006038419253622142,0,0,0,0,0,0
36_1QOR.A,0.0,0.03,0.02927,0,1QOR.A,0.018953790342714143,0.030253132768844358,0.019849227090676408,0,0,0,0,0,0
35_1QOR.A,0.0,0.0,0.00533,0,1QOR.A,0.01272638021532879,0.026956960177042282,0.006535130211666408,0,0,0,0,0,0
34_1QOR.A,0.0,0.01,0.01963,0,1QOR.A,0.015549491932799813,0.02826108383513701,0.012005798443761767,0,0,0,0,0,0
33_1QOR.A,0.0,0.0,7e-05,0,1QOR.A,0.011911687957688459,0.026761143432234433,0.005675689540839817,0,0,0,0,0,0
32_1QOR.A,0.0,0.0,0.00297,0,1QOR.A,0.012099895023662594,0.026868931517459747,0.006149525652132044,0,0,0,0,0,0
31_1QOR.A,0.0,0.0,0.0,0,1QOR.A,0.011911687957688459,0.026758546855358632,0.005664252117463797,0,0,0,0,0,0
29_1QOR.A,0.0,0.01,0.05281,0,1QOR.A,0.026528543857910543,0.02958824341197799,0.017427137123994907,0,0,0,0,0,0
43_1QOR.A,0.079,0.3,0.11952,0,1QOR.A,0.06940414707232521,0.07757115782980832,0.13471144433688684,1,0,0,0,0,0
174_3VLB.B,0.0,0.0,0.01672,0,3VLB.B,0.015197141762671972,0.027385767575337314,0.008396162386707259,0,0,0,0,0,0
28_1QOR.A,0.0,0.01,0.01497,0,1QOR.A,0.013633592396077936,0.0280793797872663,0.011244392830443912,0,0,0,0,0,0
175_3VLB.B,0.0,0.01,0.02633,0,3VLB.B,0.01628141916440895,0.028524334154350583,0.013100523252609327,0,0,0,0,0,0
27_1QOR.A,0.0,0.01,0.02725,0,1QOR.A,0.016360771234268573,0.028560667310625256,0.013250843674122723,0,0,0,0,0,0
26_1QOR.A,0.0,0.01,0.00965,0,1QOR.A,0.013060237962793264,0.027873327616382195,0.010375148653866448,0,0,0,0,0,0
25_1QOR.A,0.0,0.01,0.0201,0,1QOR.A,0.015549491932799813,0.02827947346334075,0.01208259257214361,0,0,0,0,0,0
24_1QOR.A,0.0,0.02,0.02981,0,1QOR.A,0.021923063469922503,0.02945814259792328,0.016803292614297135,0,0,0,0,0,0
23_1QOR.A,0.0,0.01,0.02199,0,1QOR.A,0.015549491932799813,0.028353540607401074,0.012391403003296131,0,0,0,0,0,0
22_1QOR.A,0.0,0.03,0.03136,0,1QOR.A,0.02147774323044678,0.03034058722551642,0.02019071587433184,0,0,0,0,0,0
21_1QOR.A,0.0,0.02,0.03433,0,1QOR.A,0.023701189376393542,0.029642760443121342,0.01754182338086295,0,0,0,0,0,0
20_1QOR.A,0.0,0.02,0.02084,0,1QOR.A,0.01696525915646742,0.02909506225033937,0.015337668504541522,0,0,0,0,0,0
42_1QOR.A,0.026,0.18,0.01673,0,1QOR.A,0.028572884255794243,0.04614502608024705,0.06991195349319052,0,0,0,0,0,0
44_1QOR.A,0.0,0.0,0.00391,0,1QOR.A,0.012260284256119898,0.02690396023541192,0.006303113908895731,0,0,0,0,0,0
172_3VLB.B,0.0,0.01,0.03239,0,3VLB.B,0.020530404542446548,0.028764487044408895,0.014090677333447568,0,0,0,0,0,0
58_1QOR.A,0.0,0.48,0.04755,0,1QOR.A,0.053908375911055156,0.10233076836852172,0.16387349977561366,0,1,0,0,0,0
68_1QOR.A,0.0,0.09,0.0257,0,1QOR.A,0.019353697134404612,0.03546115166317528,0.038070914667322237,0,0,0,0,0,0
173_3VLB.B,0.0,0.01,0.01982,0,3VLB.B,0.015549491932799813,0.028268516541627185,0.012036842878639533,0,0,0,0,0,0
67_1QOR.A,0.0,0.0,0.0,0,1QOR.A,0.011911687957688459,0.026758546855358632,0.005664252117463797,0,0,0,0,0,0
66_1QOR.A,0.0,0.0,7e-05,0,1QOR.A,0.011911687957688459,0.026761143432234433,0.005675689540839817,0,0,0,0,0,0
65_1QOR.A,0.0,0.0,0.0,0,1QOR.A,0.011911687957688459,0.026758546855358632,0.005664252117463797,0,0,0,0,0,0
64_1QOR.A,0.0,0.0,0.0,0,1QOR.A,0.011911687957688459,0.026758546855358632,0.005664252117463797,0,0,0,0,0,0
63_1QOR.A,0.0,0.47,0.04553,0,1QOR.A,0.054086866456467375,0.09950951809677563,0.16040928238719712,0,1,0,0,0,0
62_1QOR.A,0.0,0.0,0.00263,0,1QOR.A,0.012099895023662594,0.026856272480142943,0.006093972452877093,0,0,0,0,0,0
61_1QOR.A,0.0,0.0,0.00088,0,1QOR.A,0.011848029093358583,0.026791207364273945,0.005808036868476611,0,0,0,0,0,0
60_1QOR.A,0.0,0.0,0.01315,0,1QOR.A,0.0136725739971429,0.02725065681318674,0.007812853794530276,0,0,0,0,0,0
59_1QOR.A,0.0,0.0,0.02104,0,1QOR.A,0.015768783768895903,0.027550133655059407,0.009102014800770164,0,0,0,0,0,0
57_1QOR.A,0.0,0.91,0.1094,0,1QOR.A,0.2522887010722115,0.29522795189912104,0.3087484194970361,0,1,0,1,1,1
45_1QOR.A,0.0,0.0,0.01545,0,1QOR.A,0.013965210178814675,0.02733762852082945,0.008188654848313767,0,0,0,0,0,0
56_1QOR.A,0.0,0.85,0.15142,0,1QOR.A,0.24709838585544042,0.2729740272064562,0.29680914518907514,0,1,0,1,1,1
55_1QOR.A,0.0,0.95,0.31789,0,1QOR.A,0.3993587755893388,0.3869137470265648,0.35535063217624546,0,1,1,1,1,1
54_1QOR.A,0.0,0.0,0.2733,0,1QOR.A,0.08248308769043243,0.03899602504925971,0.05031922081269335,0,0,1,0,0,0
53_1QOR.A,0.014,0.84,0.4364,0,1QOR.A,0.29531729516882854,0.3580183945351751,0.34298406985593205,0,1,1,1,1,1
52_1QOR.A,0.296,0.84,0.46789,0,1QOR.A,0.41622156669294463,0.45564144449126315,0.40343564447420366,1,1,1,1,1,1
51_1QOR.A,0.173,0.72,0.36726,0,1QOR.A,0.38852986454578625,0.30631616595230476,0.32526054876956656,1,1,1,1,1,1
50_1QOR.A,0.037,0.65,0.18953,0,1QOR.A,0.166723696752944,0.19119400989932797,0.2476091939745477,1,1,0,1,1,1
49_1QOR.A,0.014,0.15,0.08836,0,1QOR.A,0.0458258525225967,0.04623301053421545,0.06985974488890188,0,0,0,0,0,0
48_1QOR.A,0.0,0.0,0.01423,0,1QOR.A,0.0136725739971429,0.02729146215826233,0.007989316898046002,0,0,0,0,0,0
47_1QOR.A,0.024,0.0,0.09531,0,1QOR.A,0.035412492174634075,0.03145349108218527,0.02594404594031709,0,0,0,0,0,0
46_1QOR.A,0.029,0.0,0.05342,0,1QOR.A,0.02628197185659139,0.029870867032401265,0.020080174370580142,0,0,0,0,0,0
114_1QOR.A,0.0,0.01,0.02172,0,1QOR.A,0.015549491932799813,0.028342948067790766,0.0123472872274172,0,0,0,0,0,0
116_1QOR.A,0.0,0.02,0.01976,0,1QOR.A,0.01696525915646742,0.029051640759786383,0.015161205401025795,0,0,0,0,0,0
177_3VLB.B,0.0,0.02,0.02581,0,3VLB.B,0.017697186388076557,0.02929569424981933,0.01614972556423889,0,0,0,0,0,0
117_1QOR.A,0.0,0.03,0.01147,0,1QOR.A,0.015354839128556326,0.029518138876960715,0.016940853717917218,0,0,0,0,0,0
191_1QOR.A,0.0,0.0,0.00621,0,1QOR.A,0.012835006956377057,0.02698985614603224,0.006678914962679222,0,0,0,0,0,0
190_1QOR.A,0.0,0.0,0.00277,0,1QOR.A,0.012099895023662594,0.026861484322396566,0.006116847299629131,0,0,0,0,0,0
189_1QOR.A,0.0,0.0,0.02098,0,1QOR.A,0.015768783768895903,0.027547844241885607,0.00909221129501929,0,0,0,0,0,0
188_1QOR.A,0.0,0.02,0.0578,0,1QOR.A,0.02843608687129604,0.030619558019335535,0.0213766280470797,0,0,0,0,0,0
187_1QOR.A,0.0,0.03,0.06954,0,1QOR.A,0.03103024408381446,0.03198195070612561,0.026429013367137783,0,0,0,0,0,0
186_1QOR.A,0.0,0.0,0.03555,0,1QOR.A,0.023581441546405492,0.02810925169260573,0.011472829274856444,0,0,0,0,0,0
185_1QOR.A,0.0,0.05,0.02894,0,1QOR.A,0.018953790342714143,0.0319389328257653,0.026063639865320874,0,0,0,0,0,0
184_1QOR.A,0.0,0.0,0.01025,0,1QOR.A,0.013279529798889356,0.02714138009933875,0.007339017683238048,0,0,0,0,0,0
183_1QOR.A,0.0,0.07,0.03966,0,1QOR.A,0.025513977683557537,0.03423192256096631,0.03408353161575124,0,0,0,0,0,0
182_1QOR.A,0.0,0.07,0.05679,0,1QOR.A,0.028885101450478446,0.03504775837502334,0.03688243250762567,0,0,0,0,0,0
181_1QOR.A,0.0,0.0,0.0,0,1QOR.A,0.011911687957688459,0.026758546855358632,0.005664252117463797,0,0,0,0,0,0
152_3VLB.B,0.0,0.0,0.00217,0,3VLB.B,0.012099895023662594,0.026839154778130366,0.006018812242120395,0,0,0,0,0,0
153_3VLB.B,0.0,0.02,0.10007,0,3VLB.B,0.038256734165875966,0.03245795566841256,0.0282831978485702,0,0,0,0,0,0
180_1QOR.A,0.0,0.02,0.00432,0,1QOR.A,0.01345675964369141,0.028437706896663282,0.012638436587800972,0,0,0,0,0,0
179_1QOR.A,0.0,0.05,0.04398,0,1QOR.A,0.027550985110370685,0.03260793908779867,0.028521051973539872,0,0,0,0,0,0
178_1QOR.A,0.0,0.0,0.00884,0,1QOR.A,0.012949580032353771,0.027088403029175045,0.007108635298092518,0,0,0,0,0,0
177_1QOR.A,0.0,0.0,0.00216,0,1QOR.A,0.012099895023662594,0.026838782772026896,0.006017178324495249,0,0,0,0,0,0
154_3VLB.B,0.0,0.02,0.03081,0,3VLB.B,0.021011801926724683,0.02949889096827043,0.016966684376811696,0,0,0,0,0,0
176_1QOR.A,0.0,0.19,0.00789,0,1QOR.A,0.030913966184780928,0.045373174270588214,0.06650256765830925,0,0,0,0,0,0
175_1QOR.A,0.0,0.02,0.01201,0,1QOR.A,0.014869049384714412,0.028741890392619745,0.013894919241537946,0,0,0,0,0,0
174_1QOR.A,0.0,0.03,0.00681,0,1QOR.A,0.01483834684872973,0.029328596553651356,0.016179448104599363,0,0,0,0,0,0
173_1QOR.A,0.0,0.0,0.00304,0,1QOR.A,0.012099895023662594,0.026871538510017726,0.006160963075508063,0,0,0,0,0,0
172_1QOR.A,0.0,0.0,0.00047,0,1QOR.A,0.011848029093358583,0.026775985715726276,0.005741046245845641,0,0,0,0,0,0
171_1QOR.A,0.0,0.0,0.0,0,1QOR.A,0.011911687957688459,0.026758546855358632,0.005664252117463797,0,0,0,0,0,0
170_1QOR.A,0.0,0.0,7e-05,0,1QOR.A,0.011911687957688459,0.026761143432234433,0.005675689540839817,0,0,0,0,0,0
192_1QOR.A,0.0,0.0,0.00344,0,1QOR.A,0.012260284256119898,0.026886440329450537,0.006226319780513887,0,0,0,0,0,0
193_1QOR.A,0.0,0.03,0.01079,0,1QOR.A,0.015168296615265314,0.02949040650905073,0.01682974731940732,0,0,0,0,0,0
194_1QOR.A,0.0,0.04,0.01039,0,1QOR.A,0.015168296615265314,0.030292096975242384,0.019898556642538628,0,0,0,0,0,0
208_1QOR.A,0.0,0.03,0.03008,0,1QOR.A,0.022507445942846184,0.030286997580419327,0.019981574418313202,0,0,0,0,0,0
215_1QOR.A,0.0,0.0,0.00142,0,1QOR.A,0.011848029093358583,0.026811268229971517,0.005896268420234474,0,0,0,0,0,0
214_1QOR.A,0.0,0.0,0.00067,0,1QOR.A,0.011848029093358583,0.026783409859181376,0.005773724598348553,0,0,0,0,0,0
148_3VLB.B,0.0,0.05,0.02337,0,3VLB.B,0.017657550585271863,0.031694552666845684,0.02515354774811477,0,0,0,0,0,0
149_3VLB.B,0.0,0.02,0.03614,0,3VLB.B,0.02483245950420189,0.02971700337089921,0.017837562471014305,0,0,0,0,0,0
150_3VLB.B,0.0,0.0,0.00237,0,3VLB.B,0.012099895023662594,0.026846595953241213,0.006051490594623307,0,0,0,0,0,0
151_3VLB.B,0.0,0.02,0.06729,0,3VLB.B,0.028479392384154867,0.031023311589963368,0.022927215873342885,0,0,0,0,0,0
213_1QOR.A,0.0,0.0,0.0,0,1QOR.A,0.011911687957688459,0.026758546855358632,0.005664252117463797,0,0,0,0,0,0
212_1QOR.A,0.0,0.0,0.01261,0,1QOR.A,0.0136725739971429,0.027230276384795717,0.007724622242772413,0,0,0,0,0,0
211_1QOR.A,0.079,0.05,0.16039,0,1QOR.A,0.06000119880145286,0.042166311918840134,0.06303511496742857,1,0,0,0,0,0
210_1QOR.A,0.0,0.0,0.00378,0,1QOR.A,0.012260284256119898,0.026899113193696218,0.006281872979768838,0,0,0,0,0,0
209_1QOR.A,0.0,0.04,0.01106,0,1QOR.A,0.015168296615265314,0.03032014093154221,0.020008029123423386,0,0,0,0,0,0
207_1QOR.A,0.0,0.02,0.0141,0,1QOR.A,0.014869049384714412,0.028825106069617447,0.01423640802519338,0,0,0,0,0,0
195_1QOR.A,0.0,0.01,0.01518,0,1QOR.A,0.013745918342718584,0.02808754370152615,0.011278705100571971,0,0,0,0,0,0
206_1QOR.A,0.0,0.01,0.0259,0,1QOR.A,0.01628141916440895,0.0285073677415863,0.013030264794728064,0,0,0,0,0,0
205_1QOR.A,0.0,0.0,0.01679,0,1QOR.A,0.015197141762671972,0.027388423303216718,0.008407599810083278,0,0,0,0,0,0
204_1QOR.A,0.0,0.0,0.03103,0,1QOR.A,0.019815326539153175,0.02793390973912338,0.010734298508290628,0,0,0,0,0,0
203_1QOR.A,0.0,0.01,0.03352,0,1QOR.A,0.021822602542935065,0.028809484564018266,0.01427531002508902,0,0,0,0,0,0
202_1QOR.A,0.0,0.01,0.00728,0,1QOR.A,0.01273028819625768,0.02778200726807958,0.009987910176706936,0,0,0,0,0,0
201_1QOR.A,0.0,0.0,0.0,0,1QOR.A,0.011911687957688459,0.026758546855358632,0.005664252117463797,0,0,0,0,0,0
200_1QOR.A,0.0,0.07,0.03359,0,1QOR.A,0.023907906074095656,0.03394725081337902,0.03309174361728785,0,0,0,0,0,0
199_1QOR.A,0.0,0.02,0.00506,0,1QOR.A,0.013922855602900299,0.028466841716694447,0.012759346492061747,0,0,0,0,0,0
198_1QOR.A,0.0,0.0,0.00182,0,1QOR.A,0.011878216457422697,0.026826137547432797,0.005961625125240298,0,0,0,0,0,0
197_1QOR.A,0.0,0.0,0.00081,0,1QOR.A,0.011848029093358583,0.026788607950650842,0.005796599445100591,0,0,0,0,0,0
196_1QOR.A,0.0,0.02,0.00479,0,1QOR.A,0.01345675964369141,0.02845620808880138,0.012715230716182815,0,0,0,0,0,0
169_1QOR.A,0.0,0.0,0.0,0,1QOR.A,0.011911687957688459,0.026758546855358632,0.005664252117463797,0,0,0,0,0,0
168_1QOR.A,0.0,0.0,0.00135,0,1QOR.A,0.011848029093358583,0.0268086669235623,0.005884830996858455,0,0,0,0,0,0
167_1QOR.A,0.0,0.03,0.05241,0,1QOR.A,0.02841025238530024,0.031235170174583125,0.02363011247526335,0,0,0,0,0,0
130_1QOR.A,0.0,0.0,0.0172,0,1QOR.A,0.015197141762671972,0.02740398330766184,0.008474590432714249,0,0,0,0,0,0
139_1QOR.A,0.0,0.1,0.13362,0,1QOR.A,0.05714281226740748,0.042237774038278,0.0588383197060308,0,0,0,0,0,0
138_1QOR.A,0.0,0.0,0.01133,0,1QOR.A,0.01338446577356709,0.02718202638506071,0.007515480786753775,0,0,0,0,0,0
158_3VLB.B,0.0,0.03,0.40628,0,3VLB.B,0.09052770108897099,0.05066807874722772,0.08144955547629108,0,0,1,0,0,0
137_1QOR.A,0.0,0.06,0.30979,0,1QOR.A,0.08923592339613359,0.04818886630823238,0.0750863823956725,0,0,1,0,0,0
136_1QOR.A,0.079,0.05,0.40915,0,1QOR.A,0.09701163350519881,0.05903667679472533,0.1036804498105508,1,0,1,0,0,0
159_3VLB.B,0.0,0.02,0.35144,0,3VLB.B,0.08735795391068163,0.04579128609611235,0.06935498519185541,0,0,1,0,0,0
134_1QOR.A,0.0,0.02,0.4285,0,1QOR.A,0.08836966336130453,0.05083331180990539,0.0819459544112275,0,0,1,0,0,0
160_3VLB.B,0.0,0.0,0.21595,0,3VLB.B,0.08046612663723578,0.03604758481498915,0.04094870323248327,0,0,0,0,0,0
133_1QOR.A,0.0,0.02,0.10084,0,1QOR.A,0.038256734165875966,0.03249241477118406,0.02840900950570641,0,0,0,0,0,0
132_1QOR.A,0.0,0.0,0.0002,0,1QOR.A,0.011911687957688459,0.026765966296543976,0.005696930469966709,0,0,0,0,0,0
131_1QOR.A,0.0,0.0,0.00054,0,1QOR.A,0.011848029093358583,0.026778583938260672,0.00575248366922166,0,0,0,0,0,0
129_1QOR.A,0.0,0.0,0.02219,0,1QOR.A,0.015768783768895903,0.027594049820315773,0.009289915327661909,0,0,0,0,0,0
141_1QOR.A,0.0,0.05,0.04816,0,1QOR.A,0.02768014335415618,0.03279626521079679,0.02920402954085074,0,0,0,0,0,0
128_1QOR.A,0.0,0.0,0.0,0,1QOR.A,0.011911687957688459,0.026758546855358632,0.005664252117463797,0,0,0,0,0,0
127_1QOR.A,0.0,0.0,0.00061,0,1QOR.A,0.011848029093358583,0.026781182405977186,0.0057639210925976795,0,0,0,0,0,0
126_1QOR.A,0.0,0.0,0.0,0,1QOR.A,0.011911687957688459,0.026758546855358632,0.005664252117463797,0,0,0,0,0,0
125_1QOR.A,0.0,0.0,0.0,0,1QOR.A,0.011911687957688459,0.026758546855358632,0.005664252117463797,0,0,0,0,0,0
124_1QOR.A,0.0,0.0,7e-05,0,1QOR.A,0.011911687957688459,0.026761143432234433,0.005675689540839817,0,0,0,0,0,0
123_1QOR.A,0.0,0.0,0.00411,0,1QOR.A,0.012260284256119898,0.026911418881020246,0.006335792261398643,0,0,0,0,0,0
122_1QOR.A,0.0,0.0,0.00067,0,1QOR.A,0.011848029093358583,0.026783409859181376,0.005773724598348553,0,0,0,0,0,0
121_1QOR.A,0.0,0.0,0.0,0,1QOR.A,0.011911687957688459,0.026758546855358632,0.005664252117463797,0,0,0,0,0,0
120_1QOR.A,0.0,0.0,0.0,0,1QOR.A,0.011911687957688459,0.026758546855358632,0.005664252117463797,0,0,0,0,0,0
119_1QOR.A,0.0,0.0,0.0,0,1QOR.A,0.011911687957688459,0.026758546855358632,0.005664252117463797,0,0,0,0,0,0
118_1QOR.A,0.0,0.0,0.0,0,1QOR.A,0.011911687957688459,0.026758546855358632,0.005664252117463797,0,0,0,0,0,0
140_1QOR.A,0.0,0.09,0.03689,0,1QOR.A,0.026101548331469732,0.03601033870924654,0.039899268489860175,0,0,0,0,0,0
142_1QOR.A,0.0,0.0,0.05814,0,1QOR.A,0.02745692332455934,0.02900171200042739,0.015163849190060379,0,0,0,0,0,0
166_1QOR.A,0.0,0.0,0.01335,0,1QOR.A,0.0136725739971429,0.02725820888189855,0.007845532147033188,0,0,0,0,0,0
156_1QOR.A,0.0,0.0,0.0,0,1QOR.A,0.011911687957688459,0.026758546855358632,0.005664252117463797,0,0,0,0,0,0
165_1QOR.A,0.0,0.17,0.03366,0,1QOR.A,0.03738736602277837,0.04452612551794825,0.06444484132203523,0,0,0,0,0,0
164_1QOR.A,0.0,0.02,0.02604,0,1QOR.A,0.017697186388076557,0.02930501144267335,0.01618730566961724,0,0,0,0,0,0
163_1QOR.A,0.0,0.01,0.02954,0,1QOR.A,0.017607433655018642,0.028651300439499316,0.013625010810281068,0,0,0,0,0,0
162_1QOR.A,0.0,0.02,0.05025,0,1QOR.A,0.027214202050434087,0.03030198110433074,0.020143020240094765,0,0,0,0,0,0
161_1QOR.A,0.0,0.0,0.00189,0,1QOR.A,0.011878216457422697,0.02682874050232335,0.005973062548616318,0,0,0,0,0,0
160_1QOR.A,0.0,0.0,0.00931,0,1QOR.A,0.013047041457815734,0.027106050873470296,0.007185429426474361,0,0,0,0,0,0
155_3VLB.B,0.0,0.0,0.04793,0,3VLB.B,0.02623503850369739,0.02859499220610289,0.013495619294786711,0,0,0,0,0,0
159_1QOR.A,0.0,0.0,0.00661,0,1QOR.A,0.012949580032353771,0.027004821758603283,0.006744271667685046,0,0,0,0,0,0
158_1QOR.A,0.0,0.0,0.00034,0,1QOR.A,0.011848029093358583,0.026771161095714105,0.005719805316718748,0,0,0,0,0,0
156_3VLB.B,0.0,0.03,0.2093,0,3VLB.B,0.08137353923909366,0.03875312944408729,0.04926464609617284,0,0,0,0,0,0
157_1QOR.A,0.0,0.0,0.0,0,1QOR.A,0.011911687957688459,0.026758546855358632,0.005664252117463797,0,0,0,0,0,0
155_1QOR.A,0.0,0.02,0.00162,0,1QOR.A,0.013044504480930095,0.028331649458373426,0.012197278829011657,0,0,0,0,0,0
143_1QOR.A,0.0,0.05,0.02448,0,1QOR.A,0.018079550197927518,0.03174310846306523,0.025334912604505933,0,0,0,0,0,0
154_1QOR.A,0.0,0.0,0.0,0,1QOR.A,0.011911687957688459,0.026758546855358632,0.005664252117463797,0,0,0,0,0,0
153_1QOR.A,0.0,0.04,0.0,0,1QOR.A,0.013800454774064417,0.02986040977366728,0.01820091623001234,0,0,0,0,0,0
152_1QOR.A,0.0,0.03,7e-05,0,1QOR.A,0.013800454774064417,0.02905653839108362,0.015078187625251222,0,0,0,0,0,0
151_1QOR.A,0.0,0.1,0.0,0,1QOR.A,0.023811848183141627,0.035175421232467675,0.037005912398835154,0,0,0,0,0,0
150_1QOR.A,0.0,0.0,0.0,0,1QOR.A,0.011911687957688459,0.026758546855358632,0.005664252117463797,0,0,0,0,0,0
149_1QOR.A,0.0,0.0,0.0,0,1QOR.A,0.011911687957688459,0.026758546855358632,0.005664252117463797,0,0,0,0,0,0
148_1QOR.A,0.0,0.14,7e-05,0,1QOR.A,0.02599028940240817,0.03921741630936592,0.049554013934759715,0,0,0,0,0,0
147_1QOR.A,0.0,0.0,0.0,0,1QOR.A,0.011911687957688459,0.026758546855358632,0.005664252117463797,0,0,0,0,0,0
146_1QOR.A,0.0,0.0,0.0,0,1QOR.A,0.011911687957688459,0.026758546855358632,0.005664252117463797,0,0,0,0,0,0
145_1QOR.A,0.0,0.0,0.0,0,1QOR.A,0.011911687957688459,0.026758546855358632,0.005664252117463797,0,0,0,0,0,0
144_1QOR.A,0.0,0.0,0.00088,0,1QOR.A,0.011848029093358583,0.026791207364273945,0.005808036868476611,0,0,0,0,0,0
176_3VLB.B,0.0,0.01,0.01955,0,3VLB.B,0.01536449994079552,0.028257954842201862,0.011992727102760602,0,0,0,0,0,0
178_3VLB.B,0.0,0.0,0.0,0,3VLB.B,0.011911687957688459,0.026758546855358632,0.005664252117463797,0,0,0,0,0,0
217_1QOR.A,0.0,0.0,0.00155,0,1QOR.A,0.011848029093358583,0.026816099878815405,0.005917509349361367,0,0,0,0,0,0
771_1QFH.A,0.282,0.95,0.03356,0,1QFH.A,0.36074392110668446,0.3765891626122857,0.3641998203571683,1,1,0,1,1,1
738_1QFH.A,0.0,0.0,0.00464,0,1QFH.A,0.012260284256119898,0.02693119401688765,0.006422389895531361,0,0,0,0,0,0
737_1QFH.A,0.0,0.01,0.00704,0,1QFH.A,0.01273028819625768,0.0277727758600941,0.009948696153703442,0,0,0,0,0,0
736_1QFH.A,0.0,0.01,0.00704,0,1QFH.A,0.01273028819625768,0.0277727758600941,0.009948696153703442,0,0,0,0,0,0
735_1QFH.A,0.001,0.03,0.00584,0,1QFH.A,0.02878331345532957,0.02932573178158112,0.01621707996735984,0,0,0,0,0,0
734_1QFH.A,0.001,0.03,0.00844,0,1QFH.A,0.02900651327235455,0.029431328977275167,0.0166418985498977,0,0,0,0,0,0
733_1QFH.A,0.0,0.0,0.00219,0,1QFH.A,0.012099895023662594,0.026839898805379597,0.006022080077370686,0,0,0,0,0,0
732_1QFH.A,0.0,0.0,0.00203,0,1QFH.A,0.012018055346559036,0.026833947148934254,0.005995937395368356,0,0,0,0,0,0
731_1QFH.A,0.0,0.0,0.0,0,1QFH.A,0.011911687957688459,0.026758546855358632,0.005664252117463797,0,0,0,0,0,0
730_1QFH.A,0.001,0.02,0.00323,0,1QFH.A,0.027359685797260627,0.028430205207179243,0.012656461439059703,0,0,0,0,0,0
729_1QFH.A,0.0,0.0,0.0,0,1QFH.A,0.011911687957688459,0.026758546855358632,0.005664252117463797,0,0,0,0,0,0
728_1QFH.A,0.0,0.04,0.00396,0,1QFH.A,0.014149051072495858,0.030024233459889808,0.018847947609570002,0,0,0,0,0,0
727_1QFH.A,0.0,0.0,0.00063,0,1QFH.A,0.011848029093358583,0.02678192487036126,0.005767188927847971,0,0,0,0,0,0
218_3VLB.B,0.368,0.01,0.02357,0,3VLB.B,0.11440271363640178,0.04476172537446975,0.08482241103112306,1,0,0,0,0,0
726_1QFH.A,0.0,0.12,0.00412,0,1QFH.A,0.025173593857254914,0.037352238751447324,0.04394741851666941,0,0,0,0,0,0
725_1QFH.A,0.0,0.04,0.00245,0,1QFH.A,0.013988661840038554,0.02996166285214909,0.018601226048173013,0,0,0,0,0,0
219_3VLB.B,0.0,0.0,0.00119,0,3VLB.B,0.011848029093358583,0.026802722001937236,0.005858688314856125,0,0,0,0,0,0
723_1QFH.A,0.0,0.03,0.00698,0,1QFH.A,0.01483834684872973,0.02933549039783049,0.01620722470422684,0,0,0,0,0,0
220_3VLB.B,0.068,0.01,0.00981,0,3VLB.B,0.021324249845851188,0.03033981701856607,0.023737578659041785,0,0,0,0,0,0
721_1QFH.A,0.0,0.0,0.00078,0,1QFH.A,0.011848029093358583,0.026787493991323692,0.005791697692225155,0,0,0,0,0,0
221_3VLB.B,0.0,0.0,0.00566,0,3VLB.B,0.01272638021532879,0.026969291594515638,0.006589049493296213,0,0,0,0,0,0
720_1QFH.A,0.0,0.05,0.00578,0,1QFH.A,0.014615147031704745,0.030934621647994345,0.02227948664548364,0,0,0,0,0,0
719_1QFH.A,0.0,0.0,0.00109,0,1QFH.A,0.011848029093358583,0.02679900707695826,0.005842349138604669,0,0,0,0,0,0
718_1QFH.A,0.0,0.03,0.00813,0,1QFH.A,0.01483834684872973,0.0293821665140008,0.016395125231118586,0,0,0,0,0,0
717_1QFH.A,0.0,0.0,0.00255,0,1QFH.A,0.012099895023662594,0.026853294726077413,0.006080901111875928,0,0,0,0,0,0
716_1QFH.A,0.0,0.02,0.00969,0,1QFH.A,0.014476005186460868,0.02864979002850107,0.013515850352504164,0,0,0,0,0,0
739_1QFH.A,0.0,0.03,0.04148,0,1QFH.A,0.026500738654455618,0.030767526068886716,0.021844240510979197,0,0,0,0,0,0
740_1QFH.A,0.0,0.04,0.04143,0,1QFH.A,0.026500738654455618,0.03161806400207964,0.024970236950990606,0,0,0,0,0,0
741_1QFH.A,0.0,0.0,0.00907,0,1QFH.A,0.013047041457815734,0.0270970378122406,0.007146215403470867,0,0,0,0,0,0
213_3VLB.B,0.0,0.04,0.01053,0,3VLB.B,0.015168296615265314,0.0302979548288783,0.019921431489290667,0,0,0,0,0,0
201_3VLB.B,0.0,0.04,0.35934,0,3VLB.B,0.09220056670172325,0.0488414801049939,0.07691411217199473,0,0,1,0,0,0
202_3VLB.B,0.0,0.0,0.0,0,3VLB.B,0.011911687957688459,0.026758546855358632,0.005664252117463797,0,0,0,0,0,0
203_3VLB.B,0.0,0.0,7e-05,0,3VLB.B,0.011911687957688459,0.026761143432234433,0.005675689540839817,0,0,0,0,0,0
204_3VLB.B,0.0,0.0,7e-05,0,3VLB.B,0.011911687957688459,0.026761143432234433,0.005675689540839817,0,0,0,0,0,0
765_1QFH.A,0.0,0.0,0.18866,0,1QFH.A,0.07509367512564939,0.03472104856372287,0.03648974203346089,0,0,1,0,0,0
206_3VLB.B,0.0,0.0,0.00066,0,3VLB.B,0.011848029093358583,0.026783038604469695,0.005772090680723408,0,0,0,0,0,0
208_3VLB.B,0.0,0.01,0.04872,0,3VLB.B,0.025798434826766484,0.0294214386793573,0.016758864815310352,0,0,0,0,0,0
209_3VLB.B,0.0,0.0,0.01178,0,3VLB.B,0.0136725739971429,0.027198979795459582,0.0075890070798853276,0,0,0,0,0,0
210_3VLB.B,0.0,0.06,0.02265,0,3VLB.B,0.017657550585271863,0.03253980122712629,0.028170071707241416,0,0,0,0,0,0
211_3VLB.B,0.29,0.18,0.02153,0,3VLB.B,0.1340445153152068,0.06394084803122325,0.12247240826675562,1,1,0,1,1,1
212_3VLB.B,0.0,0.0,0.00408,0,3VLB.B,0.012260284256119898,0.026910299956017243,0.006330890508523207,0,0,0,0,0,0
754_1QFH.A,0.0,0.94,0.25516,0,1QFH.A,0.3966678543198091,0.3594233754266685,0.3419669008855699,0,1,1,1,1,1
742_1QFH.A,0.0,0.07,0.00907,0,1QFH.A,0.01513940327796258,0.03282039012833192,0.029085377600430815,0,0,0,0,0,0
214_3VLB.B,0.0,0.0,7e-05,0,3VLB.B,0.011911687957688459,0.026761143432234433,0.005675689540839817,0,0,0,0,0,0
215_3VLB.B,0.031,0.01,0.00665,0,3VLB.B,0.01390636179143385,0.028849748272467918,0.015964751410710458,0,0,0,0,0,0
216_3VLB.B,0.0,0.0,0.00086,0,3VLB.B,0.011848029093358583,0.026790464649638916,0.00580476903322632,0,0,0,0,0,0
750_1QFH.A,0.163,0.15,0.096,0,1QFH.A,0.1169000840762507,0.05598886516543354,0.10033021694205399,0,0,0,0,0,0
217_3VLB.B,0.279,0.01,0.00948,0,3VLB.B,0.12130285960317094,0.03936647313976718,0.06506537445372823,1,0,0,0,0,0
748_1QFH.A,0.163,0.08,0.09292,0,1QFH.A,0.11103279266483249,0.04622541357187951,0.0778878081165492,1,0,0,0,0,0
747_1QFH.A,0.0,0.0,0.00188,0,1QFH.A,0.011878216457422697,0.026828368636588315,0.0059714286309911725,0,0,0,0,0,0
746_1QFH.A,0.0,0.07,0.05113,0,1QFH.A,0.02766321662961649,0.034776142656895076,0.03595763513179326,0,0,0,0,0,0
745_1QFH.A,0.0,0.0,0.00276,0,1QFH.A,0.012099895023662594,0.0268611120153356,0.006115213382003986,0,0,0,0,0,0
744_1QFH.A,0.0,0.05,0.00928,0,1QFH.A,0.01493580827419169,0.031084411110163062,0.022851357814284604,0,0,0,0,0,0
743_1QFH.A,0.001,0.16,0.01339,0,1QFH.A,0.040303015594441736,0.042211318670096816,0.05819484614012754,0,0,0,0,0,0
715_1QFH.A,0.0,0.0,0.00469,0,1QFH.A,0.012260284256119898,0.02693306032491909,0.006430559483657089,0,0,0,0,0,0
714_1QFH.A,0.0,0.01,0.05566,0,1QFH.A,0.027020319647628438,0.029705018205686023,0.017892803647161407,0,0,0,0,0,0
713_1QFH.A,0.0,0.0,0.02178,0,1QFH.A,0.015768783768895903,0.027578384956063736,0.009222924705030939,0,0,0,0,0,0
672_1QFH.A,0.0,0.0,0.01563,0,1QFH.A,0.014242179390557011,0.027344446373559334,0.008218065365566388,0,0,0,0,0,0
683_1QFH.A,0.0,0.0,0.08922,0,1QFH.A,0.03578106259522849,0.03027463126477345,0.02024206516901294,0,0,0,0,0,0
682_1QFH.A,0.0,0.0,0.07192,0,1QFH.A,0.033055955865406585,0.029559552628939247,0.01741538767751103,0,0,0,0,0,0
681_1QFH.A,0.0,0.0,0.0763,0,1QFH.A,0.03489812877065496,0.029739032362155506,0.01813104359732481,0,0,0,0,0,0
680_1QFH.A,0.0,0.0,0.03924,0,1QFH.A,0.02408579955763844,0.028253187899490165,0.012075744878535175,0,0,0,0,0,0
679_1QFH.A,0.0,0.0,0.01157,0,1QFH.A,0.013584774055998707,0.027191066925255122,0.007554694809757269,0,0,0,0,0,0
678_1QFH.A,0.0,0.0,0.00938,0,1QFH.A,0.013047041457815734,0.027108680231933375,0.007196866849850381,0,0,0,0,0,0
677_1QFH.A,0.0,0.0,0.0666,0,1QFH.A,0.027819069417128316,0.02934296657583445,0.016546143500933568,0,0,0,0,0,0
676_1QFH.A,0.0,0.0,0.02168,0,1QFH.A,0.015768783768895903,0.027574565568394764,0.009206585528779482,0,0,0,0,0,0
675_1QFH.A,0.11,0.0,0.10621,0,1QFH.A,0.049622172961531825,0.03551628174672924,0.04459149717809167,0,0,0,0,0,0
674_1QFH.A,0.0,0.0,0.00052,0,1QFH.A,0.011848029093358583,0.026777841563947496,0.005749215833971369,0,0,0,0,0,0
673_1QFH.A,0.282,0.0,0.04096,0,1QFH.A,0.12647939792915763,0.04014759949036399,0.06766314672674828,1,0,0,0,0,0
671_1QFH.A,0.0,0.01,0.07609,0,1QFH.A,0.034461525093724056,0.030555284001966772,0.02123089735533389,0,0,0,0,0,0
685_1QFH.A,0.0,0.0,0.03341,0,1QFH.A,0.022259206219865976,0.028026102986467225,0.011123170903075285,0,0,0,0,0,0
670_1QFH.A,0.0,0.0,0.00818,0,1QFH.A,0.012949580032353771,0.027063639804812818,0.007000796734832907,0,0,0,0,0,0
669_1QFH.A,0.0,0.02,0.04904,0,1QFH.A,0.027214202050434087,0.030251382222896826,0.019945316207452143,0,0,0,0,0,0
668_1QFH.A,0.0,0.03,0.07192,0,1QFH.A,0.034407243873384064,0.03208706312475685,0.026817885761922438,0,0,0,0,0,0
667_1QFH.A,0.0,0.03,0.07062,0,1QFH.A,0.035146720361870935,0.032029607451077344,0.02660547647065351,0,0,0,0,0,0
222_3VLB.B,0.031,0.09,0.0241,0,3VLB.B,0.020233728483414367,0.0367638930642068,0.04388926589168663,0,0,0,0,0,0
223_3VLB.B,0.0,0.02,0.02818,0,3VLB.B,0.01777653845793618,0.029391839716594315,0.0165369640413984,0,0,0,0,0,0
664_1QFH.A,0.0,0.0,0.01183,0,1QFH.A,0.0136725739971429,0.027200864142064143,0.007597176668011055,0,0,0,0,0,0
662_1QFH.A,0.0,0.01,0.06045,0,1QFH.A,0.027020319647628438,0.02990228893349022,0.018675450189606153,0,0,0,0,0,0
661_1QFH.A,0.0,0.0,0.01068,0,1QFH.A,0.013279529798889356,0.027157556258852855,0.00740927614111931,0,0,0,0,0,0
660_1QFH.A,0.0,0.0,0.00584,0,1QFH.A,0.01272638021532879,0.02697602013375883,0.006618460010548834,0,0,0,0,0,0
659_1QFH.A,0.0,0.01,0.18897,0,1QFH.A,0.07010395690358824,0.03569449949848922,0.03967455950797755,0,0,1,0,0,0
684_1QFH.A,0.0,0.0,0.02986,0,1QFH.A,0.018973227706943374,0.02788869590861948,0.010543130146148591,0,0,0,0,0,0
686_1QFH.A,0.0,0.0,0.0061,0,1QFH.A,0.012835006956377057,0.026985742016425944,0.00666094186880262,0,0,0,0,0,0
712_1QFH.A,0.0,0.01,0.03768,0,1QFH.A,0.02364919588070754,0.02897572844956793,0.014955019757149595,0,0,0,0,0,0
700_1QFH.A,0.001,0.03,0.0075,0,1QFH.A,0.02900651327235455,0.029393109043044686,0.016488310293134013,0,0,0,0,0,0
711_1QFH.A,0.0,0.01,0.01183,0,1QFH.A,0.013453282161046808,0.027957584320628226,0.01073134269614819,0,0,0,0,0,0
710_1QFH.A,0.0,0.01,0.02476,0,1QFH.A,0.016069188651594953,0.02846243441581004,0.012843998185461466,0,0,0,0,0,0
709_1QFH.A,0.001,0.01,0.0061,0,1QFH.A,0.02653972480116111,0.027771212363822725,0.009991229769339359,0,0,0,0,0,0
708_1QFH.A,0.001,0.03,0.0074,0,1QFH.A,0.02900651327235455,0.029389045926152647,0.016471971116882558,0,0,0,0,0,0
707_1QFH.A,0.001,0.05,0.00365,0,1QFH.A,0.028317217496120678,0.030882119512030667,0.022127584063727227,0,0,0,0,0,0
706_1QFH.A,0.001,0.03,0.00693,0,1QFH.A,0.02900651327235455,0.02936995657128983,0.016395176988500716,0,0,0,0,0,0
705_1QFH.A,0.001,0.03,0.00328,0,1QFH.A,0.028317217496120678,0.02922211819507822,0.015798797055322566,0,0,0,0,0,0
704_1QFH.A,0.001,0.05,0.00839,0,1QFH.A,0.02900651327235455,0.031084811953456068,0.022902061018046246,0,0,0,0,0,0
703_1QFH.A,0.001,0.0,0.0038,0,1QFH.A,0.02618429393700003,0.026933409123315124,0.006481262687418733,0,0,0,0,0,0
702_1QFH.A,0.001,0.03,0.00839,0,1QFH.A,0.02900651327235455,0.029429294789112388,0.016633728961771975,0,0,0,0,0,0
701_1QFH.A,0.001,0.01,0.00782,0,1QFH.A,0.02665429787713782,0.027837433066375657,0.010272263600864404,0,0,0,0,0,0
699_1QFH.A,0.0,0.02,0.0099,0,1QFH.A,0.014476005186460868,0.028658114896108484,0.013550162622632223,0,0,0,0,0,0
687_1QFH.A,0.0,0.0,0.00386,0,1QFH.A,0.012260284256119898,0.026902095888102544,0.006294944320770003,0,0,0,0,0,0
698_1QFH.A,0.0,0.03,0.00516,0,1QFH.A,0.014615147031704745,0.0292617672899441,0.015909851696450338,0,0,0,0,0,0
697_1QFH.A,0.0,0.0,0.00219,0,1QFH.A,0.012099895023662594,0.026839898805379597,0.006022080077370686,0,0,0,0,0,0
696_1QFH.A,0.001,0.02,0.00532,0,1QFH.A,0.02782578175646952,0.02851254496139475,0.012997950222715136,0,0,0,0,0,0
695_1QFH.A,0.0,0.0,0.00146,0,1QFH.A,0.011848029093358583,0.02681275480098019,0.005902804090735056,0,0,0,0,0,0
694_1QFH.A,0.0,0.02,0.00328,0,1QFH.A,0.01345675964369141,0.028396809584860364,0.01246850915478583,0,0,0,0,0,0
693_1QFH.A,0.001,0.01,0.0024,0,1QFH.A,0.02904347926520778,0.027629279120011747,0.009386680248035482,0,0,0,0,0,0
692_1QFH.A,0.001,0.0,0.00631,0,1QFH.A,0.026873589713233906,0.02702726074472817,0.006891376011330281,0,0,0,0,0,0
691_1QFH.A,0.001,0.0,0.00365,0,1QFH.A,0.02618429393700003,0.02692781050595149,0.0064567539230415485,0,0,0,0,0,0
690_1QFH.A,0.001,0.0,0.00552,0,1QFH.A,0.026650389896208923,0.026997687551824277,0.006762296518943778,0,0,0,0,0,0
689_1QFH.A,0.0,0.0,0.00495,0,1QFH.A,0.012452559179830599,0.02694276715400902,0.006473041341910875,0,0,0,0,0,0
688_1QFH.A,0.001,0.0,0.00599,0,1QFH.A,0.026650389896208923,0.02701527793688891,0.006839090647325621,0,0,0,0,0,0
200_3VLB.B,0.0,0.0,0.02489,0,3VLB.B,0.016288480487691045,0.027697424815438007,0.009731073086451223,0,0,0,0,0,0
772_1QFH.A,0.0,0.94,0.01772,0,1QFH.A,0.2446761840234979,0.28576300644367797,0.30317116079411255,0,1,0,0,0,0
179_3VLB.B,0.0,0.0,0.00612,0,3VLB.B,0.012835006956377057,0.026986489994635925,0.006664209704052911,0,0,0,0,0,0
773_1QFH.A,0.282,0.97,0.03403,0,1QFH.A,0.36368434953610296,0.3900872256516301,0.37054494654182446,1,1,0,1,1,1
848_1QFH.A,0.0,0.1,0.0418,0,1QFH.A,0.03501866738637391,0.03725281811893439,0.04383568807194381,0,0,0,0,0,0
847_1QFH.A,0.0,0.0,0.02387,0,1QFH.A,0.015768783768895903,0.027658327893755053,0.00956441348868637,0,0,0,0,0,0
846_1QFH.A,0.0,0.12,0.02726,0,1QFH.A,0.029210919254033435,0.038555556006258054,0.047728303901256354,0,0,0,0,0,0
845_1QFH.A,0.0,0.1,0.00928,0,1QFH.A,0.02484974025780694,0.035626762720154914,0.03852218795497028,0,0,0,0,0,0
844_1QFH.A,0.0,0.08,0.00782,0,1QFH.A,0.015880195354590156,0.03367004882704553,0.032015303925424746,0,0,0,0,0,0
181_3VLB.B,0.0,0.0,7e-05,0,3VLB.B,0.011911687957688459,0.026761143432234433,0.005675689540839817,0,0,0,0,0,0
843_1QFH.A,0.0,0.21,0.01094,0,1QFH.A,0.0338274092123965,0.04807978318446885,0.07326924459025294,0,0,0,0,0,0
842_1QFH.A,0.0,0.22,0.06853,0,1QFH.A,0.04768969990586362,0.053384304448612224,0.08581314222160365,0,0,0,0,0,0
841_1QFH.A,0.0,0.52,0.04399,0,1QFH.A,0.05704939702752952,0.11266638382482841,0.17582848921361038,0,0,0,0,0,0
840_1QFH.A,0.0,0.46,0.10877,0,1QFH.A,0.06957492830558511,0.10519105837640262,0.16760801142048085,0,0,0,0,0,0
839_1QFH.A,0.0,0.44,0.20362,0,1QFH.A,0.1506664660225687,0.11282807590717198,0.17683738803871268,0,0,1,0,0,0
182_3VLB.B,0.0,0.0,0.00053,0,3VLB.B,0.011848029093358583,0.026778212748602266,0.005750849751596515,0,0,0,0,0,0
183_3VLB.B,0.0,0.01,0.02443,0,3VLB.B,0.015971491545455466,0.028449440236344423,0.01279007890383166,0,0,0,0,0,0
837_1QFH.A,0.0,0.97,0.53877,0,1QFH.A,0.4407320780512643,0.47769732059073916,0.397708936736736,0,1,1,1,1,1
184_3VLB.B,0.0,0.03,0.04674,0,3VLB.B,0.02768014335415618,0.030991724812032675,0.02270368118180579,0,0,0,0,0,0
185_3VLB.B,0.0,0.0,0.00046,0,3VLB.B,0.011848029093358583,0.02677561456109211,0.005739412328220495,0,0,0,0,0,0
186_3VLB.B,0.0,0.02,0.01653,0,3VLB.B,0.01634158609996586,0.02892215316363185,0.014633450008103763,0,0,0,0,0,0
187_3VLB.B,0.0,0.01,0.04997,0,3VLB.B,0.025798434826766484,0.029472321131609098,0.01696310451845355,0,0,0,0,0,0
832_1QFH.A,0.0,0.95,0.10428,0,1QFH.A,0.2658392027535635,0.31765983476403353,0.32044851778551003,0,1,0,1,1,1
831_1QFH.A,0.0,0.0,0.10017,0,1QFH.A,0.0370694606919121,0.03073586990797129,0.022031204968547383,0,0,0,0,0,0
830_1QFH.A,0.0,0.81,0.31759,0,1QFH.A,0.3114902056934727,0.298221254884461,0.3114232902535712,0,0,1,1,0,1
188_3VLB.B,0.0,0.01,0.06195,0,3VLB.B,0.027020319647628438,0.02996432538300202,0.018920537833377993,0,0,0,0,0,0
827_1QFH.A,0.0,0.91,0.01173,0,1QFH.A,0.2262810551643604,0.2671291199952922,0.2927899460522389,0,1,0,0,0,0
189_3VLB.B,0.0,0.01,0.04885,0,3VLB.B,0.025798434826766484,0.029426726483045597,0.016780105744437245,0,0,0,0,0,0
190_3VLB.B,0.0,0.03,0.03417,0,3VLB.B,0.023704311070324766,0.0304585555962386,0.020649846726997757,0,0,0,0,0,0
849_1QFH.A,0.0,0.2,0.02856,0,1QFH.A,0.03695653177975844,0.04793710105213046,0.07301404141762238,0,0,0,0,0,0
850_1QFH.A,0.0,0.22,0.04419,0,1QFH.A,0.04435591281146288,0.05165929323325688,0.08183618672199923,0,0,0,0,0,0
851_1QFH.A,0.0,0.09,0.03695,0,1QFH.A,0.026101548331469732,0.03601330536793314,0.03990907199561105,0,0,0,0,0,0
9_1QOR.A,0.0,0.09,0.05787,0,1QOR.A,0.02947267209839064,0.03706214402925762,0.04332722766741567,0,0,0,0,0,0
19_1QOR.A,0.0,0.01,0.01619,0,1QOR.A,0.01478501223138361,0.028126840454359946,0.011443730780711677,0,0,0,0,0,0
18_1QOR.A,0.0,0.01,0.00425,0,1QOR.A,0.012040992420023806,0.027665679174923415,0.009492833136287817,0,0,0,0,0,0
17_1QOR.A,0.0,0.01,0.00938,0,1QOR.A,0.01282774962171964,0.027862909334012975,0.010331032877987516,0,0,0,0,0,0
180_3VLB.B,0.0,0.02,0.03483,0,3VLB.B,0.0240409896300452,0.029663251544790173,0.017623519262120232,0,0,0,0,0,0
16_1QOR.A,0.0,0.0,0.00061,0,1QOR.A,0.011848029093358583,0.026781182405977186,0.0057639210925976795,0,0,0,0,0,0
15_1QOR.A,0.0,0.0,0.00594,0,1QOR.A,0.01272638021532879,0.02697975891634001,0.00663479918680029,0,0,0,0,0,0
14_1QOR.A,0.0,0.01,0.02469,0,1QOR.A,0.015971491545455466,0.028459677593378488,0.012832560762085447,0,0,0,0,0,0
13_1QOR.A,0.0,0.0,0.01059,0,1QOR.A,0.013279529798889356,0.027154169775738736,0.007394570882492999,0,0,0,0,0,0
12_1QOR.A,0.0,0.02,0.02995,0,1QOR.A,0.02204150463912409,0.02946384408238838,0.016826167461049174,0,0,0,0,0,0
11_1QOR.A,0.0,0.05,0.04708,0,1QOR.A,0.02768014335415618,0.03274750634974199,0.029027566437335013,0,0,0,0,0,0
10_1QOR.A,0.0,0.19,0.12687,0,1QOR.A,0.06177123839882134,0.053305496628938936,0.08594291956229173,0,0,0,0,0,0
8_1QOR.A,0.0,0.02,0.04721,0,1QOR.A,0.027214202050434087,0.030175012124425592,0.019646309282050498,0,0,0,0,0,0
852_1QFH.A,0.0,0.0,0.02976,0,1QFH.A,0.018572762086543865,0.027884834777697813,0.010526790969897136,0,0,0,0,0,0
7_1QOR.A,0.0,0.0,0.00108,0,1QOR.A,0.011848029093358583,0.02679863561200108,0.0058407152209795235,0,0,0,0,0,0
6_1QOR.A,0.0,0.0,0.02496,0,1QOR.A,0.016288480487691045,0.027700109905449948,0.009742510509827242,0,0,0,0,0,0
5_1QOR.A,0.0,0.0,0.00027,0,1QOR.A,0.011848029093358583,0.026768563573580005,0.0057083678933427286,0,0,0,0,0,0
4_1QOR.A,0.0,0.01,0.03318,0,1QOR.A,0.021687330054098383,0.028795938308157208,0.01421975682583407,0,0,0,0,0,0
3_1QOR.A,0.0,0.01,0.00843,0,1QOR.A,0.01273028819625768,0.02782628247396234,0.010175810703598683,0,0,0,0,0,0
2_1QOR.A,0.0,0.02,0.00992,0,1QOR.A,0.014476005186460868,0.02865890786306976,0.013553430457882515,0,0,0,0,0,0
857_1QFH.A,0.163,0.06,0.03257,0,1QFH.A,0.08025208501525614,0.04033790396590262,0.06175878319252116,1,0,0,0,0,0
856_1QFH.A,0.163,0.0,0.00521,0,1QFH.A,0.07407868180607281,0.033003984724726675,0.03848338840129996,1,0,0,0,0,0
855_1QFH.A,0.0,0.04,0.01272,0,1QFH.A,0.015561340813518858,0.030389731366121192,0.020279259449197555,0,0,0,0,0,0
854_1QFH.A,0.0,0.04,0.0308,0,1QFH.A,0.02147774323044678,0.03115776756079459,0.02323338251546082,0,0,0,0,0,0
853_1QFH.A,0.0,0.08,0.02324,0,1QFH.A,0.01860193766567033,0.03439199755368697,0.03453480490339928,0,0,0,0,0,0
826_1QFH.A,0.0,0.9,0.00829,0,1QFH.A,0.1927457411363878,0.2606958658215651,0.2890937123610517,0,1,0,0,0,0
825_1QFH.A,0.0,0.38,0.00526,0,1QFH.A,0.03555243911491205,0.07488224660137349,0.12562200185750153,0,0,0,0,0,0
191_3VLB.B,0.0,0.0,0.0156,0,3VLB.B,0.014163140399028502,0.027343309950022772,0.00821316361269095,0,0,0,0,0,0
786_1QFH.A,0.0,0.0,0.00547,0,1QFH.A,0.01272638021532879,0.026962191017800424,0.006558005058418447,0,0,0,0,0,0
797_1QFH.A,0.11,0.0,0.00375,0,1QFH.A,0.030965162520320257,0.03084246067907456,0.027850377190849738,0,0,0,0,0,0
796_1QFH.A,0.0,0.12,0.01527,0,1QFH.A,0.026781058354487738,0.037927482483402525,0.04576923666870677,0,0,0,0,0,0
795_1QFH.A,0.0,0.0,0.00797,0,1QFH.A,0.012949580032353771,0.027055765213356234,0.0069664844647048495,0,0,0,0,0,0
794_1QFH.A,0.0,0.06,0.02069,0,1QFH.A,0.017657550585271863,0.03245203307566288,0.02784982385271288,0,0,0,0,0,0
793_1QFH.A,0.0,0.04,0.02455,0,1QFH.A,0.018079550197927518,0.03089016682326686,0.022212183999744815,0,0,0,0,0,0
792_1QFH.A,0.0,0.11,0.02991,0,1QFH.A,0.030578047358619173,0.03765960677437704,0.04502712604378281,0,0,0,0,0,0
791_1QFH.A,0.0,0.06,0.02799,0,1QFH.A,0.018468829886740624,0.03278009002265653,0.029042583719069173,0,0,0,0,0,0
790_1QFH.A,0.0,0.0,0.0234,0,1QFH.A,0.015768783768895903,0.02764033069585127,0.009487619360304527,0,0,0,0,0,0
789_1QFH.A,0.0,0.0,0.00792,0,1QFH.A,0.012949580032353771,0.027053890638972778,0.006958314876579121,0,0,0,0,0,0
788_1QFH.A,0.0,0.0,0.00464,0,1QFH.A,0.012260284256119898,0.02693119401688765,0.006422389895531361,0,0,0,0,0,0
787_1QFH.A,0.0,0.03,0.01032,0,1QFH.A,0.015168296615265314,0.02947125331552697,0.016752953191025474,0,0,0,0,0,0
785_1QFH.A,0.0,0.04,0.00453,0,1QFH.A,0.014149051072495858,0.03004788573439878,0.018941080914203302,0,0,0,0,0,0
799_1QFH.A,0.241,0.23,0.02147,0,1QFH.A,0.1278976479816374,0.06878647053311346,0.1285234631541099,1,0,0,0,0,0
784_1QFH.A,0.0,0.0,0.00047,0,1QFH.A,0.011848029093358583,0.026775985715726276,0.005741046245845641,0,0,0,0,0,0
783_1QFH.A,0.0,0.08,0.00745,0,1QFH.A,0.015880195354590156,0.03365290673920663,0.031954848973294356,0,0,0,0,0,0
782_1QFH.A,0.0,0.0,0.00558,0,1QFH.A,0.01272638021532879,0.02696630165643059,0.006575978152295048,0,0,0,0,0,0
781_1QFH.A,0.11,0.2,0.0173,0,1QFH.A,0.04938903179349158,0.05396843669314819,0.09274765613566475,0,0,0,0,0,0
196_3VLB.B,0.0,0.02,0.04437,0,3VLB.B,0.02708504380664859,0.030056862176287558,0.019182276676509145,0,0,0,0,0,0
197_3VLB.B,0.0,0.0,0.00145,0,3VLB.B,0.011848029093358583,0.02681238315071384,0.005901170173109911,0,0,0,0,0,0
778_1QFH.A,0.001,0.0,0.0455,0,1QFH.A,0.03850848471011523,0.028534496979189018,0.013294699184275931,0,0,0,0,0,0
198_3VLB.B,0.0,0.01,0.27197,0,3VLB.B,0.07662025005454277,0.039994572467181556,0.053236075796686114,0,0,1,0,0,0
776_1QFH.A,0.616,0.72,0.05384,0,1QFH.A,0.26920400305942693,0.33262230954050614,0.360932292035277,1,0,0,1,1,1
199_3VLB.B,0.0,0.01,0.32701,0,3VLB.B,0.07894179753464678,0.04311542049271265,0.06222915840548756,0,0,1,0,0,0
774_1QFH.A,0.282,0.88,0.06994,0,1QFH.A,0.31212347223805853,0.34304344338985504,0.34820485048048816,1,1,0,1,1,1
798_1QFH.A,0.182,0.24,0.01642,0,1QFH.A,0.09461385319107359,0.06537343058748751,0.11926131030997188,1,0,0,0,0,0
800_1QFH.A,0.241,0.17,0.04951,0,1QFH.A,0.1143856612795455,0.060947871069392805,0.11429997200619536,1,0,0,0,0,0
192_3VLB.B,0.0,0.01,0.01929,0,3VLB.B,0.01536449994079552,0.028247787937978486,0.011950245244506816,0,0,0,0,0,0
814_1QFH.A,0.0,0.47,0.04946,0,1QFH.A,0.053908375911055156,0.10001221864642651,0.16105141201387935,0,0,0,0,0,0
193_3VLB.B,0.0,0.01,0.01936,0,3VLB.B,0.01536449994079552,0.02825052483198948,0.011961682667882835,0,0,0,0,0,0
822_1QFH.A,0.0,0.43,0.0061,0,1QFH.A,0.04061305328535528,0.08535491944216397,0.14143008107869942,0,0,0,0,0,0
821_1QFH.A,0.0,0.0,0.05764,0,1QFH.A,0.02745692332455934,0.028981664235124126,0.015082153308803099,0,0,0,0,0,0
820_1QFH.A,0.0,0.0,0.00318,0,1QFH.A,0.012099895023662594,0.026876753233039664,0.006183837922260102,0,0,0,0,0,0
194_3VLB.B,0.0,0.02,0.02581,0,3VLB.B,0.017697186388076557,0.02929569424981933,0.01614972556423889,0,0,0,0,0,0
819_1QFH.A,0.0,0.0,0.05191,0,1QFH.A,0.026965147534841444,0.028752874654589707,0.014145918509594664,0,0,0,0,0,0
818_1QFH.A,0.0,0.35,0.01756,0,1QFH.A,0.035428793769671556,0.07036217456313683,0.11822922245201922,0,0,0,0,0,0
817_1QFH.A,0.0,0.0,0.0543,0,1QFH.A,0.027100222101277972,0.02884808963086229,0.014536424822004465,0,0,0,0,0,0
195_3VLB.B,0.0,0.0,0.00388,0,3VLB.B,0.012260284256119898,0.02690284161195131,0.006298212156020294,0,0,0,0,0,0
816_1QFH.A,0.0,0.83,0.09694,0,1QFH.A,0.18127182420424653,0.24719718725959117,0.28163922991100754,0,0,0,0,0,0
815_1QFH.A,0.0,0.0,0.01183,0,1QFH.A,0.0136725739971429,0.027200864142064143,0.007597176668011055,0,0,0,0,0,0
813_1QFH.A,0.0,0.0,0.01647,0,1QFH.A,0.015145110712394348,0.027376284875722873,0.008355314446078618,0,0,0,0,0,0
801_1QFH.A,0.273,0.53,0.04987,0,1QFH.A,0.19050273289288291,0.15742637352154987,0.23346466997042475,1,0,0,0,0,0
812_1QFH.A,0.11,0.78,0.01631,0,1QFH.A,0.12679172622839904,0.22641863202632792,0.27436752792272917,0,0,0,0,0,0
811_1QFH.A,0.11,0.0,0.12544,0,1QFH.A,0.05137537875326012,0.03646652363685094,0.04773352077124668,0,0,1,0,0,0
810_1QFH.A,0.11,0.97,0.0173,0,1QFH.A,0.2391400720473155,0.33378974685952356,0.33407844030222417,0,1,0,1,1,0
809_1QFH.A,0.11,0.0,0.53283,0,1QFH.A,0.10894573833847586,0.06333013696640533,0.11429769090205373,0,0,1,0,0,0
808_1QFH.A,0.182,0.22,0.01913,0,1QFH.A,0.09599734117167655,0.06223351908230977,0.11343576993011209,1,0,0,0,0,0
807_1QFH.A,0.0,0.0,0.00844,0,1QFH.A,0.012949580032353771,0.027073392386112033,0.007043278593086693,0,0,0,0,0,0
806_1QFH.A,0.11,0.0,0.06504,0,1QFH.A,0.03912046290794361,0.03356144163867892,0.037864658315367186,0,0,0,0,0,0
805_1QFH.A,0.0,0.0,0.00448,0,1QFH.A,0.012260284256119898,0.026925222676157684,0.006396247213529031,0,0,0,0,0,0
804_1QFH.A,0.416,0.23,0.069,0,1QFH.A,0.15271922439513516,0.09000105417275174,0.17061080129635747,1,0,0,0,0,0
803_1QFH.A,0.0,0.0,0.00552,0,1QFH.A,0.01272638021532879,0.02696405941437314,0.006566174646544174,0,0,0,0,0,0
802_1QFH.A,0.698,0.47,0.06124,0,1QFH.A,0.2068049777172357,0.21649307823788744,0.29986923391122383,1,0,0,0,0,0
216_1QOR.A,0.0,0.0,7e-05,0,1QOR.A,0.011911687957688459,0.026761143432234433,0.005675689540839817,0,0,0,0,0,0
218_1QOR.A,0.0,0.0,0.00627,0,1QOR.A,0.012835006956377057,0.026992100473753406,0.006688718468430096,0,0,0,0,0,0
337_1SOX.A,0.196,0.93,0.0929,0,1SOX.A,0.30311393114856744,0.3575234780375009,0.3507606744621423,1,1,0,1,1,1
226_1SOX.A,0.0,0.0,0.13355,0,1SOX.A,0.043504757562056406,0.03218427073324177,0.027485222001283435,0,0,0,0,0,0
196_1SOX.A,0.0,0.93,0.07443,0,1SOX.A,0.24298492144890443,0.2966089740639177,0.30930294161817623,0,1,0,1,1,0
195_1SOX.A,0.0,0.67,0.11945,0,1SOX.A,0.09699224246551257,0.17754883496488547,0.2351705220350162,0,0,0,0,0,0
194_1SOX.A,0.0,0.3,0.11847,0,1SOX.A,0.06059760255998188,0.07053477420339212,0.1190462550666779,0,0,0,0,0,0
193_1SOX.A,0.0,0.0,0.00383,0,1SOX.A,0.012260284256119898,0.026900977340015588,0.0062900425678945665,0,0,0,0,0,0
192_1SOX.A,0.0,0.0,0.01661,0,1SOX.A,0.015197141762671972,0.027381594794295524,0.008378189292830657,0,0,0,0,0,0
191_1SOX.A,0.0,0.18,0.06481,0,1SOX.A,0.043458872461341426,0.04771826864087424,0.07266866075250095,0,0,0,0,0,0
190_1SOX.A,0.0,0.0,0.03311,0,1SOX.A,0.022123933731029295,0.028014465732319575,0.011074153374320916,0,0,0,0,0,0
189_1SOX.A,0.0,0.0,0.00066,0,1SOX.A,0.011848029093358583,0.026783038604469695,0.005772090680723408,0,0,0,0,0,0
188_1SOX.A,0.0,0.0,0.0,0,1SOX.A,0.011911687957688459,0.026758546855358632,0.005664252117463797,0,0,0,0,0,0
187_1SOX.A,0.0,0.0,0.00033,0,1SOX.A,0.011848029093358583,0.026770790006116693,0.005718171399093602,0,0,0,0,0,0
186_1SOX.A,0.0,0.0,0.00011,0,1SOX.A,0.011911687957688459,0.026762627300463873,0.005682225211340399,0,0,0,0,0,0
185_1SOX.A,0.0,0.0,0.00077,0,1SOX.A,0.011848029093358583,0.026787122681558553,0.005790063774600009,0,0,0,0,0,0
184_1SOX.A,0.0,0.0,0.0,0,1SOX.A,0.011911687957688459,0.026758546855358632,0.005664252117463797,0,0,0,0,0,0
183_1SOX.A,0.0,0.0,0.0,0,1SOX.A,0.011911687957688459,0.026758546855358632,0.005664252117463797,0,0,0,0,0,0
182_1SOX.A,0.0,0.0,0.0,0,1SOX.A,0.011911687957688459,0.026758546855358632,0.005664252117463797,0,0,0,0,0,0
181_1SOX.A,0.0,0.0,0.00033,0,1SOX.A,0.011848029093358583,0.026770790006116693,0.005718171399093602,0,0,0,0,0,0
180_1SOX.A,0.0,0.39,0.02743,0,1SOX.A,0.04132792503906457,0.07913125003251831,0.13237856326058647,0,0,0,0,0,0
179_1SOX.A,0.0,0.0,0.00743,0,1SOX.A,0.012949580032353771,0.02703552649096634,0.006878252912946987,0,0,0,0,0,0
178_1SOX.A,0.0,0.09,0.0471,0,1SOX.A,0.02825078727752868,0.036518565341694224,0.04156749838513384,0,0,0,0,0,0
177_1SOX.A,0.0,0.08,0.0447,0,1SOX.A,0.0277468149809295,0.03542162060587278,0.03804119212696176,0,0,0,0,0,0
176_1SOX.A,0.0,0.15,0.05432,0,1SOX.A,0.041668275753677486,0.04339105709216152,0.06155218307931178,0,0,0,0,0,0
175_1SOX.A,0.0,0.06,0.0776,0,1SOX.A,0.03617925002894373,0.03509586768262506,0.03714844905741655,0,0,0,0,0,0
174_1SOX.A,0.0,0.0,0.07082,0,1SOX.A,0.03379543235389345,0.029514643059202372,0.01723565673874501,0,0,0,0,0,0
173_1SOX.A,0.0,0.02,0.15257,0,1SOX.A,0.04644448350576545,0.03489013280629664,0.03686126538058466,0,0,0,0,0,0
172_1SOX.A,0.0,0.02,0.07191,0,1SOX.A,0.03403511941214328,0.031221730798515885,0.02368208581616016,0,0,0,0,0,0
197_1SOX.A,0.0,0.81,0.12404,0,1SOX.A,0.18506773063326493,0.24389277236048562,0.2797988146188779,0,0,0,0,0,0
198_1SOX.A,0.0,0.79,0.16896,0,1SOX.A,0.25046865146540126,0.2452865223860278,0.2808700405347577,0,0,0,0,0,0
199_1SOX.A,0.0,0.5,0.14448,0,1SOX.A,0.08101771438542707,0.12162847129597101,0.18597939537242436,0,0,0,0,0,0
213_1SOX.A,0.0,0.16,0.05454,0,1SOX.A,0.04230153968074226,0.044590891705979366,0.06472229529520213,0,0,0,0,0,0
224_1SOX.A,0.0,0.14,0.12306,0,1SOX.A,0.05624981395042414,0.04637750592328033,0.06964956680642559,0,0,0,0,0,0
223_1SOX.A,0.0,0.0,0.00033,0,1SOX.A,0.011848029093358583,0.026770790006116693,0.005718171399093602,0,0,0,0,0,0
222_1SOX.A,0.0,0.0,0.00077,0,1SOX.A,0.011848029093358583,0.026787122681558553,0.005790063774600009,0,0,0,0,0,0
221_1SOX.A,0.0,0.0,0.05814,0,1SOX.A,0.02745692332455934,0.02900171200042739,0.015163849190060379,0,0,0,0,0,0
220_1SOX.A,0.0,0.0,0.0471,0,1SOX.A,0.02623503850369739,0.02856217316125073,0.013360004131899625,0,0,0,0,0,0
219_1SOX.A,0.0,0.0,0.0,0,1SOX.A,0.011911687957688459,0.026758546855358632,0.005664252117463797,0,0,0,0,0,0
218_1SOX.A,0.0,0.04,0.04186,0,1SOX.A,0.027129191011654605,0.031636821483513475,0.025040495408871866,0,0,0,0,0,0
217_1SOX.A,0.0,0.0,0.0,0,1SOX.A,0.011911687957688459,0.026758546855358632,0.005664252117463797,0,0,0,0,0,0
216_1SOX.A,0.0,0.0,0.00011,0,1SOX.A,0.011911687957688459,0.026762627300463873,0.005682225211340399,0,0,0,0,0,0
215_1SOX.A,0.0,0.0,0.00208,0,1SOX.A,0.012099895023662594,0.02683580690369846,0.006004106983494084,0,0,0,0,0,0
214_1SOX.A,0.0,0.0,0.00131,0,1SOX.A,0.011848029093358583,0.026807180572953462,0.0058782953263578725,0,0,0,0,0,0
212_1SOX.A,0.0,0.0,0.0,0,1SOX.A,0.011911687957688459,0.026758546855358632,0.005664252117463797,0,0,0,0,0,0
200_1SOX.A,0.0,0.2,0.2682,0,1SOX.A,0.13439105182365285,0.06614798083807157,0.1121692433866118,0,0,1,0,0,0
211_1SOX.A,0.0,0.0,0.0,0,1SOX.A,0.011911687957688459,0.026758546855358632,0.005664252117463797,0,0,0,0,0,0
210_1SOX.A,0.0,0.0,0.0,0,1SOX.A,0.011911687957688459,0.026758546855358632,0.005664252117463797,0,0,0,0,0,0
209_1SOX.A,0.0,0.0,0.0,0,1SOX.A,0.011911687957688459,0.026758546855358632,0.005664252117463797,0,0,0,0,0,0
208_1SOX.A,0.0,0.0,0.0,0,1SOX.A,0.011911687957688459,0.026758546855358632,0.005664252117463797,0,0,0,0,0,0
207_1SOX.A,0.0,0.0,0.00011,0,1SOX.A,0.011911687957688459,0.026762627300463873,0.005682225211340399,0,0,0,0,0,0
206_1SOX.A,0.0,0.0,0.00087,0,1SOX.A,0.011848029093358583,0.02679083600445352,0.005806402950851466,0,0,0,0,0,0
205_1SOX.A,0.0,0.07,0.03694,0,1SOX.A,0.025513977683557537,0.03410407598976092,0.033639106021711634,0,0,0,0,0,0
204_1SOX.A,0.0,0.0,0.01541,0,1SOX.A,0.013965210178814675,0.02733611366682361,0.008182119177813184,0,0,0,0,0,0
203_1SOX.A,0.0,0.04,0.14907,0,1SOX.A,0.04594296957323331,0.036664703244965506,0.04255772626805796,0,0,0,0,0,0
202_1SOX.A,0.0,0.0,0.11803,0,1SOX.A,0.04074119871899448,0.03150280804791319,0.024949381847057445,0,0,0,0,0,0
201_1SOX.A,0.0,0.31,0.15902,0,1SOX.A,0.06699821610759024,0.07638348194645458,0.12880595706478049,0,0,0,0,0,0
171_1SOX.A,0.0,0.03,0.03989,0,1SOX.A,0.02553090440809723,0.030700064606540855,0.021584447608581046,0,0,0,0,0,0
170_1SOX.A,0.0,0.0,0.00295,0,1SOX.A,0.012099895023662594,0.0268681867076167,0.006146257816881753,0,0,0,0,0,0
169_1SOX.A,0.0,0.15,0.05891,0,1SOX.A,0.04202497697695885,0.04366322923724788,0.06230215126925362,0,0,0,0,0,0
134_1SOX.A,0.0,0.0,0.00011,0,1SOX.A,0.011911687957688459,0.026762627300463873,0.005682225211340399,0,0,0,0,0,0
145_1SOX.A,0.0,0.33,0.04634,0,1SOX.A,0.044702235748731625,0.06935859282358733,0.11666330532091403,0,0,0,0,0,0
144_1SOX.A,0.0,0.0,0.03016,0,1SOX.A,0.02116127338421385,0.02790028241744208,0.01059214767490296,0,0,0,0,0,0
143_1SOX.A,0.0,0.0,0.01508,0,1SOX.A,0.013852884232174028,0.027323619233805413,0.008128199896183378,0,0,0,0,0,0
142_1SOX.A,0.0,0.15,0.06098,0,1SOX.A,0.04202497697695885,0.043786505927501426,0.06264037221765875,0,0,0,0,0,0
141_1SOX.A,0.0,0.0,0.10481,0,1SOX.A,0.04023272099498462,0.03093336327689723,0.022789342746614948,0,0,0,0,0,0
140_1SOX.A,0.0,0.1,0.12842,0,1SOX.A,0.05495909120422085,0.0419391741036234,0.05798868254095509,0,0,0,0,0,0
139_1SOX.A,0.0,0.0,0.00557,0,1SOX.A,0.01272638021532879,0.026965927936831835,0.006574344234669903,0,0,0,0,0,0
138_1SOX.A,0.0,0.18,0.06317,0,1SOX.A,0.04319477920421659,0.047612237181244466,0.07240069826197706,0,0,0,0,0,0
137_1SOX.A,0.0,0.0,0.0,0,1SOX.A,0.011911687957688459,0.026758546855358632,0.005664252117463797,0,0,0,0,0,0
136_1SOX.A,0.0,0.0,0.0,0,1SOX.A,0.011911687957688459,0.026758546855358632,0.005664252117463797,0,0,0,0,0,0
135_1SOX.A,0.0,0.0,0.0,0,1SOX.A,0.011911687957688459,0.026758546855358632,0.005664252117463797,0,0,0,0,0,0
133_1SOX.A,0.0,0.11,0.00907,0,1SOX.A,0.02506320322657817,0.03659852011866842,0.041622041712979355,0,0,0,0,0,0
147_1SOX.A,0.0,0.23,0.04699,0,1SOX.A,0.044702235748731625,0.05326005922569329,0.08542784968517714,0,0,0,0,0,0
132_1SOX.A,0.0,0.0,0.00667,0,1SOX.A,0.012949580032353771,0.0270070672962409,0.00675407517343592,0,0,0,0,0,0
131_1SOX.A,0.0,0.0,0.00328,0,1SOX.A,0.012260284256119898,0.026880478637649433,0.006200177098511558,0,0,0,0,0,0
130_1SOX.A,0.0,0.0,0.0012,0,1SOX.A,0.011848029093358583,0.02680309352197725,0.005860322232481271,0,0,0,0,0,0
129_1SOX.A,0.0,0.3,0.05574,0,1SOX.A,0.04680198756055955,0.06489735145880776,0.10879668980413948,0,0,0,0,0,0
128_1SOX.A,0.0,0.63,0.07869,0,1SOX.A,0.07511418682170637,0.1539475444535698,0.21597400968237415,0,0,0,0,0,0
127_1SOX.A,0.0,0.07,0.07781,0,1SOX.A,0.03616232330440404,0.03607448135156857,0.04031692735568175,0,0,0,0,0,0
126_1SOX.A,0.0,0.05,0.05377,0,1SOX.A,0.02841025238530024,0.03305067084308186,0.030120657328557426,0,0,0,0,0,0
125_1SOX.A,0.0,0.0,0.01158,0,1SOX.A,0.013584774055998707,0.02719144367785137,0.007556328727382415,0,0,0,0,0,0
124_1SOX.A,0.0,0.0,0.00022,0,1SOX.A,0.011911687957688459,0.026766708350688388,0.005700198305217001,0,0,0,0,0,0
123_1SOX.A,0.0,0.0,0.00066,0,1SOX.A,0.011848029093358583,0.026783038604469695,0.005772090680723408,0,0,0,0,0,0
122_1SOX.A,0.0,0.07,0.02525,0,1SOX.A,0.018593072820651892,0.03355984306422098,0.031729056317916414,0,0,0,0,0,0
146_1SOX.A,0.0,0.12,0.0376,0,1SOX.A,0.036260604393303544,0.039105204162603525,0.049417774725656914,0,0,0,0,0,0
120_3VLB.B,0.0,0.0,7e-05,0,3VLB.B,0.011911687957688459,0.026761143432234433,0.005675689540839817,0,0,0,0,0,0
168_1SOX.A,0.0,0.07,0.02208,0,1SOX.A,0.017861145589042754,0.033413713095928055,0.031211104430745255,0,0,0,0,0,0
156_1SOX.A,0.0,0.0,0.10448,0,1SOX.A,0.04023272099498462,0.030919276925828208,0.022735423464985142,0,0,0,0,0,0
167_1SOX.A,0.0,0.0,0.00918,0,1SOX.A,0.013047041457815734,0.02710116843692571,0.007164188497347468,0,0,0,0,0,0
166_1SOX.A,0.0,0.0,0.01803,0,1SOX.A,0.015197141762671972,0.02743550913226619,0.008610205595601335,0,0,0,0,0,0
165_1SOX.A,0.0,0.0,0.01825,0,1SOX.A,0.015197141762671972,0.02744387128227014,0.008646151783354537,0,0,0,0,0,0
164_1SOX.A,0.0,0.03,0.09989,0,1SOX.A,0.03835058195020088,0.033347646564374944,0.03138795335945471,0,0,0,0,0,0
163_1SOX.A,0.0,0.02,0.10262,0,1SOX.A,0.038948235416483006,0.03257220885958003,0.02869984684298233,0,0,0,0,0,0
162_1SOX.A,0.0,0.04,0.2141,0,1SOX.A,0.08137353923909366,0.040080280955740205,0.05318309258437988,0,0,0,0,0,0
161_1SOX.A,0.0,0.01,0.24317,0,1SOX.A,0.07628285977485412,0.03844900295763929,0.04853039303626675,0,0,1,0,0,0
160_1SOX.A,0.0,0.01,0.2588,0,1SOX.A,0.07662025005454277,0.03928054308883423,0.05108420628436934,0,0,1,0,0,0
159_1SOX.A,0.0,0.01,0.3212,0,1SOX.A,0.07894179753464678,0.042775304935771,0.061279852265277955,0,0,1,0,0,0
158_1SOX.A,0.0,0.01,0.30514,0,1SOX.A,0.07701457504023575,0.04184844352018123,0.05865578055929411,0,0,1,0,0,0
157_1SOX.A,0.0,0.03,0.17541,0,1SOX.A,0.06453793767162302,0.03699452872802131,0.04372729926455437,0,0,0,0,0,0
155_1SOX.A,0.0,0.0,0.00109,0,1SOX.A,0.011848029093358583,0.02679900707695826,0.005842349138604669,0,0,0,0,0,0
148_1SOX.A,0.0,0.12,0.01628,0,1SOX.A,0.02796095888806741,0.0379800081326881,0.045934262348846476,0,0,0,0,0,0
154_1SOX.A,0.0,0.12,0.18601,0,1SOX.A,0.09293495343703954,0.04786920790364695,0.07366674620044293,0,0,0,0,0,0
153_1SOX.A,0.0,0.0,0.00251,0,1SOX.A,0.012099895023662594,0.026851805969442682,0.006074365441375346,0,0,0,0,0,0
152_1SOX.A,0.0,0.1,0.09683,0,1SOX.A,0.047846737561087406,0.04016812488664627,0.052827136763120106,0,0,0,0,0,0
151_1SOX.A,0.0,0.0,0.03749,0,1SOX.A,0.02408579955763844,0.028184836473744417,0.011789809294134694,0,0,0,0,0,0
150_1SOX.A,0.0,0.15,0.07891,0,1SOX.A,0.049366533465214524,0.04486829002217545,0.06556998651954485,0,0,0,0,0,0
149_1SOX.A,0.0,0.26,0.03421,0,1SOX.A,0.041470809967308876,0.05671197106628729,0.09274220104465246,0,0,0,0,0,0
114_3VLB.B,0.0,0.02,0.33518,0,3VLB.B,0.08735795391068163,0.044789943737041676,0.06669823513336866,0,0,1,0,0,0
115_3VLB.B,0.0,0.09,0.65488,0,3VLB.B,0.1102694993279904,0.08263476057150344,0.1408737438062338,0,0,1,1,1,0
116_3VLB.B,0.0,0.16,0.39608,0,3VLB.B,0.13244005600969488,0.07055751248279364,0.12052711786442533,0,1,1,1,1,1
117_3VLB.B,0.0,0.13,0.03687,0,3VLB.B,0.03676758987693034,0.040139342913987144,0.052432664767158424,0,0,0,0,0,0
118_3VLB.B,0.0,0.0,0.04075,0,3VLB.B,0.025055633803996825,0.0283122947395258,0.012322466439932163,0,0,0,0,0,0
225_1SOX.A,0.0,0.17,0.16361,0,1SOX.A,0.06499761474402517,0.05309860249496953,0.08567760086080245,0,0,0,0,0,0
227_1SOX.A,0.0,0.05,0.22874,0,1SOX.A,0.08137353923909366,0.042011371565693505,0.05870931401573018,0,0,1,0,0,0
120_1SOX.A,0.0,0.0,0.01574,0,1SOX.A,0.014242179390557011,0.027348613652602105,0.008236038459442988,0,0,0,0,0,0
228_1SOX.A,0.0,0.0,0.17235,0,1SOX.A,0.06303941933492191,0.033950835398131415,0.033824822386848405,0,0,0,0,0,0
307_1SOX.A,0.0,0.0,0.01836,0,1SOX.A,0.015197141762671972,0.02744805328602244,0.008664124877231139,0,0,0,0,0,0
306_1SOX.A,0.0,0.0,0.00033,0,1SOX.A,0.011848029093358583,0.026770790006116693,0.005718171399093602,0,0,0,0,0,0
305_1SOX.A,0.0,0.07,0.18831,0,1SOX.A,0.07555044594962357,0.04196518166390734,0.05837171711354075,0,0,0,0,0,0
304_1SOX.A,0.0,0.14,0.16164,0,1SOX.A,0.062286567541452065,0.04886920791603273,0.07595322100423735,0,0,0,0,0,0
23_1YPI.A,0.0,0.0,0.0047,0,1YPI.A,0.012260284256119898,0.026933433601615545,0.006432193401282234,0,0,0,0,0,0
302_1SOX.A,0.0,0.0,0.00033,0,1SOX.A,0.011848029093358583,0.026770790006116693,0.005718171399093602,0,0,0,0,0,0
301_1SOX.A,0.0,0.0,0.0,0,1SOX.A,0.011911687957688459,0.026758546855358632,0.005664252117463797,0,0,0,0,0,0
300_1SOX.A,0.0,0.0,0.0,0,1SOX.A,0.011911687957688459,0.026758546855358632,0.005664252117463797,0,0,0,0,0,0
299_1SOX.A,0.0,0.0,0.0,0,1SOX.A,0.011911687957688459,0.026758546855358632,0.005664252117463797,0,0,0,0,0,0
298_1SOX.A,0.0,0.0,0.00011,0,1SOX.A,0.011911687957688459,0.026762627300463873,0.005682225211340399,0,0,0,0,0,0
297_1SOX.A,0.0,0.0,0.0,0,1SOX.A,0.011911687957688459,0.026758546855358632,0.005664252117463797,0,0,0,0,0,0
111_3VLB.B,0.0,0.02,0.07486,0,3VLB.B,0.03539750928215923,0.03134906894413178,0.024164091515578114,0,0,0,0,0,0
296_1SOX.A,0.0,0.08,0.0,0,1SOX.A,0.014842303279924841,0.033309535662335035,0.03073758034256088,0,0,0,0,0,0
295_1SOX.A,0.0,0.0,0.0,0,1SOX.A,0.011911687957688459,0.026758546855358632,0.005664252117463797,0,0,0,0,0,0
294_1SOX.A,0.0,0.0,0.00087,0,1SOX.A,0.011848029093358583,0.02679083600445352,0.005806402950851466,0,0,0,0,0,0
293_1SOX.A,0.0,0.0,0.00044,0,1SOX.A,0.011848029093358583,0.026774872266833318,0.005736144492970204,0,0,0,0,0,0
292_1SOX.A,0.0,0.0,0.00077,0,1SOX.A,0.011848029093358583,0.026787122681558553,0.005790063774600009,0,0,0,0,0,0
291_1SOX.A,0.0,0.0,0.0,0,1SOX.A,0.011911687957688459,0.026758546855358632,0.005664252117463797,0,0,0,0,0,0
290_1SOX.A,0.0,0.0,0.0,0,1SOX.A,0.011911687957688459,0.026758546855358632,0.005664252117463797,0,0,0,0,0,0
289_1SOX.A,0.0,0.0,0.0,0,1SOX.A,0.011911687957688459,0.026758546855358632,0.005664252117463797,0,0,0,0,0,0
288_1SOX.A,0.0,0.0,0.0,0,1SOX.A,0.011911687957688459,0.026758546855358632,0.005664252117463797,0,0,0,0,0,0
287_1SOX.A,0.0,0.0,0.0,0,1SOX.A,0.011911687957688459,0.026758546855358632,0.005664252117463797,0,0,0,0,0,0
286_1SOX.A,0.0,0.0,0.00164,0,1SOX.A,0.011848029093358583,0.02681944536247167,0.0059322146079876775,0,0,0,0,0,0
285_1SOX.A,0.0,0.0,0.01169,0,1SOX.A,0.0136725739971429,0.027195588291326362,0.007574301821259017,0,0,0,0,0,0
284_1SOX.A,0.0,0.0,0.0,0,1SOX.A,0.011911687957688459,0.026758546855358632,0.005664252117463797,0,0,0,0,0,0
308_1SOX.A,0.0,0.0,0.04612,0,1SOX.A,0.02623503850369739,0.028523470029693222,0.013199880204635356,0,0,0,0,0,0
309_1SOX.A,0.0,0.02,0.06776,0,1SOX.A,0.028479392384154867,0.031043441193452086,0.02300401000172473,0,0,0,0,0,0
310_1SOX.A,0.0,0.01,0.16295,0,1SOX.A,0.04506127202332366,0.034440594977857494,0.03542310584734867,0,0,0,0,0,0
323_1SOX.A,0.0,0.0,0.03137,0,1SOX.A,0.019815326539153175,0.027947062146439126,0.01078985170754558,0,0,0,0,0,0
336_1SOX.A,0.22,0.0,0.08339,0,1SOX.A,0.11374837815025933,0.039422355190645665,0.06243630312146572,1,0,0,0,0,0
335_1SOX.A,0.086,0.58,0.06,0,1SOX.A,0.07245855461862122,0.14660016546874963,0.21411586852665715,0,0,0,0,0,0
334_1SOX.A,0.086,0.98,0.08033,0,1SOX.A,0.25703073066115,0.3534644739453863,0.3428042641840636,0,1,0,1,1,1
333_1SOX.A,0.22,0.96,0.05377,0,1SOX.A,0.36197882057792247,0.3713415933773445,0.35847657781694936,1,1,0,1,1,1
332_1SOX.A,0.196,0.91,0.12197,0,1SOX.A,0.2790231407526568,0.3540781348252866,0.3492421409421663,1,1,0,1,1,1
331_1SOX.A,0.22,0.98,0.21847,0,1SOX.A,0.43000854200755273,0.4414082773054173,0.3916555331593719,1,1,0,1,1,1
330_1SOX.A,0.086,0.61,0.08962,0,1SOX.A,0.08593863888311862,0.16319055458235066,0.2283580306167499,0,0,0,0,0,0
329_1SOX.A,0.086,0.99,0.04328,0,1SOX.A,0.22654198324866356,0.3478740363024512,0.33988476541103624,0,1,0,1,1,0
327_1SOX.A,0.0,0.84,0.16557,0,1SOX.A,0.2542331510437998,0.2713765457040834,0.29598697260051904,0,0,0,0,0,0
108_3VLB.B,0.0,0.0,0.00922,0,3VLB.B,0.013047041457815734,0.027102670634027187,0.007170724167848051,0,0,0,0,0,0
109_3VLB.B,0.0,0.0,0.02903,0,3VLB.B,0.01706502352633818,0.02785666424798047,0.010407514983261507,0,0,0,0,0,0
322_1SOX.A,0.0,0.0,0.01355,0,1SOX.A,0.0136725739971429,0.027265762984877286,0.0078782104995361,0,0,0,0,0,0
311_1SOX.A,0.0,0.01,0.12197,0,1SOX.A,0.04097189496765634,0.03255148481184464,0.028727311419501952,0,0,0,0,0,0
321_1SOX.A,0.0,0.0,0.05858,0,1SOX.A,0.02745692332455934,0.029019365162227327,0.015235741565566787,0,0,0,0,0,0
320_1SOX.A,0.0,0.23,0.13246,0,1SOX.A,0.06565561364873063,0.05974287865374361,0.09939294362729667,0,0,0,0,0,0
319_1SOX.A,0.0,0.15,0.05683,0,1SOX.A,0.04202497697695885,0.043539690680475814,0.06196229640322333,0,0,0,0,0,0
318_1SOX.A,0.0,0.0,0.00175,0,1SOX.A,0.011878216457422697,0.026823534838123064,0.005950187701864279,0,0,0,0,0,0
317_1SOX.A,0.0,0.0,0.14656,0,1SOX.A,0.045025575317570905,0.03276648360367891,0.029610948831597872,0,0,0,0,0,0
110_3VLB.B,0.0,0.02,0.0266,0,3VLB.B,0.017697186388076557,0.02932770879996739,0.016278805056625392,0,0,0,0,0,0
316_1SOX.A,0.0,0.22,0.20557,0,1SOX.A,0.13463747513444932,0.0641523951155359,0.1082043493565991,0,0,0,0,0,0
315_1SOX.A,0.0,0.0,0.05672,0,1SOX.A,0.02745692332455934,0.028944811469627484,0.014931832887289703,0,0,0,0,0,0
314_1SOX.A,0.0,0.06,0.10437,0,1SOX.A,0.04151384225327339,0.03641018991647107,0.041522446539931354,0,0,0,0,0,0
313_1SOX.A,0.0,0.0,0.01115,0,1SOX.A,0.013279529798889356,0.02717524789743206,0.007486070269501153,0,0,0,0,0,0
312_1SOX.A,0.0,0.1,0.03333,0,1SOX.A,0.03325256424258328,0.036822557700370497,0.04245175984344548,0,0,0,0,0,0
283_1SOX.A,0.0,0.0,0.00011,0,1SOX.A,0.011911687957688459,0.026762627300463873,0.005682225211340399,0,0,0,0,0,0
282_1SOX.A,0.0,0.0,0.00022,0,1SOX.A,0.011911687957688459,0.026766708350688388,0.005700198305217001,0,0,0,0,0,0
281_1SOX.A,0.0,0.03,0.01016,0,1SOX.A,0.015168296615265314,0.029464735831817836,0.016726810509023145,0,0,0,0,0,0
241_1SOX.A,0.0,0.14,0.09705,0,1SOX.A,0.050567119777450646,0.04476635097797271,0.06539974706342186,0,0,0,0,0,0
252_1SOX.A,0.0,0.0,0.00776,0,1SOX.A,0.012949580032353771,0.027047892849438846,0.006932172194576792,0,0,0,0,0,0
251_1SOX.A,0.0,0.15,0.10885,0,1SOX.A,0.05597116714163669,0.04673165876624636,0.0704619358892308,0,0,0,0,0,0
250_1SOX.A,0.0,0.44,0.14546,0,1SOX.A,0.07347275577799303,0.104798394414171,0.1673345231308658,0,0,0,0,0,0
249_1SOX.A,0.0,0.31,0.16634,0,1SOX.A,0.06837951876034619,0.07712227046282912,0.13000198476638708,0,0,0,0,0,0
248_1SOX.A,0.0,0.36,0.22699,0,1SOX.A,0.141072317083324,0.09495071092237924,0.1555825253035809,0,0,0,0,0,0
247_1SOX.A,0.0,0.09,0.2377,0,1SOX.A,0.08409482148747877,0.047368889023137545,0.07270996832040919,0,0,1,0,0,0
246_1SOX.A,0.0,0.06,0.22754,0,1SOX.A,0.08137353923909366,0.04309130380041424,0.061647409928849844,0,0,0,0,0,0
245_1SOX.A,0.0,0.06,0.08066,0,1SOX.A,0.03666887882642928,0.03524375852501781,0.03764842785071111,0,0,0,0,0,0
244_1SOX.A,0.0,0.0,0.02842,0,1SOX.A,0.016580063070364665,0.027833145692862583,0.010307846008127624,0,0,0,0,0,0
243_1SOX.A,0.0,0.03,0.08503,0,1SOX.A,0.03706218385351726,0.03267207799237489,0.028959951768488333,0,0,0,0,0,0
242_1SOX.A,0.0,0.0,0.02776,0,1SOX.A,0.016580063070364665,0.027807721111145014,0.010200007444868014,0,0,0,0,0,0
240_1SOX.A,0.0,0.0,0.0035,0,1SOX.A,0.012260284256119898,0.026888676295325063,0.0062361232862647616,0,0,0,0,0,0
254_1SOX.A,0.0,0.0,0.00066,0,1SOX.A,0.011848029093358583,0.026783038604469695,0.005772090680723408,0,0,0,0,0,0
239_1SOX.A,0.0,0.0,0.01257,0,1SOX.A,0.0136725739971429,0.027228767312942506,0.0077180865722718305,0,0,0,0,0,0
238_1SOX.A,0.0,0.0,0.00011,0,1SOX.A,0.011911687957688459,0.026762627300463873,0.005682225211340399,0,0,0,0,0,0
237_1SOX.A,0.0,0.0,0.01279,0,1SOX.A,0.0136725739971429,0.027237068214213223,0.0077540327600250335,0,0,0,0,0,0
236_1SOX.A,0.052,0.5,0.2459,0,1SOX.A,0.17332358566175027,0.14603569174729544,0.2127489252914305,0,0,1,0,0,0
113_3VLB.B,0.0,0.03,0.48614,0,3VLB.B,0.10085876285902028,0.056427407853737954,0.09449802163070395,0,0,1,0,0,0
234_1SOX.A,0.282,0.27,0.08033,0,1SOX.A,0.1503521695615996,0.08656966500224295,0.15871836317664922,1,0,0,0,0,0
233_1SOX.A,0.133,0.06,0.19858,0,1SOX.A,0.10963090324723453,0.048740778139056244,0.08299979351557536,1,0,0,0,0,0
232_1SOX.A,0.133,0.04,0.20339,0,1SOX.A,0.112955680053507,0.0464925280722188,0.07751737583699612,1,0,0,0,0,0
231_1SOX.A,0.133,0.02,0.12131,0,1SOX.A,0.0847118915494232,0.03938466297891876,0.05783784791352668,1,0,0,0,0,0
230_1SOX.A,0.0,0.02,0.09541,0,1SOX.A,0.03745637154843485,0.03225016345839324,0.02752179223525234,0,0,0,0,0,0
229_1SOX.A,0.0,0.04,0.20503,0,1SOX.A,0.08065535714101307,0.039586204906718665,0.051701129298372804,0,0,0,0,0,0
253_1SOX.A,0.0,0.0,0.00831,0,1SOX.A,0.012949580032353771,0.027068515668459657,0.0070220376639598,0,0,0,0,0,0
255_1SOX.A,0.0,0.0,0.00022,0,1SOX.A,0.011911687957688459,0.026766708350688388,0.005700198305217001,0,0,0,0,0,0
280_1SOX.A,0.0,0.05,0.00404,0,1SOX.A,0.014149051072495858,0.030860415159385847,0.021995184978708303,0,0,0,0,0,0
268_1SOX.A,0.0,0.0,0.00011,0,1SOX.A,0.011911687957688459,0.026762627300463873,0.005682225211340399,0,0,0,0,0,0
279_1SOX.A,0.0,0.0,0.00383,0,1SOX.A,0.012260284256119898,0.026900977340015588,0.0062900425678945665,0,0,0,0,0,0
278_1SOX.A,0.0,0.19,0.02066,0,1SOX.A,0.03276376275073858,0.046167533967764796,0.06858908046562019,0,0,0,0,0,0
277_1SOX.A,0.0,0.11,0.02383,0,1SOX.A,0.02759995354565405,0.03734702073645356,0.04403370412769428,0,0,0,0,0,0
276_1SOX.A,0.0,0.02,0.03639,0,1SOX.A,0.025064963104375133,0.029727272076423828,0.017878410411642946,0,0,0,0,0,0
275_1SOX.A,0.0,0.04,0.02699,0,1SOX.A,0.018468829886740624,0.030994372355226306,0.022610859900280344,0,0,0,0,0,0
274_1SOX.A,0.0,0.0,0.00098,0,1SOX.A,0.011848029093358583,0.026794921237811884,0.005824376044728067,0,0,0,0,0,0
273_1SOX.A,0.0,0.0,0.02208,0,1SOX.A,0.015768783768895903,0.02758984620346663,0.009271942233785305,0,0,0,0,0,0
272_1SOX.A,0.0,0.0,0.01235,0,1SOX.A,0.0136725739971429,0.027220468870703698,0.0076821403845186275,0,0,0,0,0,0
271_1SOX.A,0.0,0.0,0.0,0,1SOX.A,0.011911687957688459,0.026758546855358632,0.005664252117463797,0,0,0,0,0,0
270_1SOX.A,0.0,0.0,0.0,0,1SOX.A,0.011911687957688459,0.026758546855358632,0.005664252117463797,0,0,0,0,0,0
269_1SOX.A,0.0,0.0,0.00022,0,1SOX.A,0.011911687957688459,0.026766708350688388,0.005700198305217001,0,0,0,0,0,0
267_1SOX.A,0.0,0.0,0.00907,0,1SOX.A,0.013047041457815734,0.0270970378122406,0.007146215403470867,0,0,0,0,0,0
256_1SOX.A,0.0,0.0,0.00066,0,1SOX.A,0.011848029093358583,0.026783038604469695,0.005772090680723408,0,0,0,0,0,0
266_1SOX.A,0.0,0.0,0.01344,0,1SOX.A,0.0136725739971429,0.027261607976467622,0.007860237405659498,0,0,0,0,0,0
265_1SOX.A,0.0,0.01,0.03475,0,1SOX.A,0.022625222406377602,0.028858541802395988,0.014476281892981932,0,0,0,0,0,0
112_3VLB.B,0.0,0.01,0.21614,0,3VLB.B,0.07460328900134612,0.03705070081612334,0.04411391369549817,0,0,0,0,0,0
264_1SOX.A,0.0,0.02,0.03235,0,1SOX.A,0.02194617176611415,0.029561750367526726,0.01721830769108412,0,0,0,0,0,0
263_1SOX.A,0.0,0.03,0.02765,0,1SOX.A,0.018468829886740624,0.030185513164410618,0.019584532435402816,0,0,0,0,0,0
262_1SOX.A,0.0,0.0,0.00656,0,1SOX.A,0.012949580032353771,0.02700295061590534,0.006736102079559318,0,0,0,0,0,0
261_1SOX.A,0.0,0.0,0.0,0,1SOX.A,0.011911687957688459,0.026758546855358632,0.005664252117463797,0,0,0,0,0,0
260_1SOX.A,0.0,0.01,0.0306,0,1SOX.A,0.01959603470305708,0.028693347339037893,0.013798206078546503,0,0,0,0,0,0
259_1SOX.A,0.0,0.02,0.02393,0,1SOX.A,0.01696525915646742,0.029219643966841676,0.015842549050711516,0,0,0,0,0,0
258_1SOX.A,0.0,0.0,0.01257,0,1SOX.A,0.0136725739971429,0.027228767312942506,0.0077180865722718305,0,0,0,0,0,0
257_1SOX.A,0.0,0.05,0.0165,0,1SOX.A,0.017033877528770308,0.03139562625515282,0.024031046339639733,0,0,0,0,0,0
121_1SOX.A,0.0,0.0,0.00448,0,1SOX.A,0.012260284256119898,0.026925222676157684,0.006396247213529031,0,0,0,0,0,0
119_1SOX.A,0.0,0.0,0.00033,0,1SOX.A,0.011848029093358583,0.026770790006116693,0.005718171399093602,0,0,0,0,0,0
219_1QOR.A,0.0,0.03,0.08006,0,1QOR.A,0.03666887882642928,0.03244909575057818,0.028147894708790967,0,0,0,0,0,0
12_1SOX.A,0.0,0.0,0.00033,0,1SOX.A,0.011848029093358583,0.026770790006116693,0.005718171399093602,0,0,0,0,0,0
308_1QOR.A,0.0,0.02,0.00465,0,1QOR.A,0.01345675964369141,0.02845069587390483,0.012692355869430776,0,0,0,0,0,0
307_1QOR.A,0.0,0.0,0.0,0,1QOR.A,0.011911687957688459,0.026758546855358632,0.005664252117463797,0,0,0,0,0,0
306_1QOR.A,0.0,0.03,0.00553,0,1QOR.A,0.014615147031704745,0.029276740388447933,0.015970306648580727,0,0,0,0,0,0
305_1QOR.A,0.0,0.04,0.01018,0,1QOR.A,0.015168296615265314,0.0302833122519666,0.01986424437241057,0,0,0,0,0,0
304_1QOR.A,0.0,0.0,0.00533,0,1QOR.A,0.01272638021532879,0.026956960177042282,0.006535130211666408,0,0,0,0,0,0
303_1QOR.A,0.0,0.05,0.01369,0,1QOR.A,0.015561340813518858,0.03127414560695525,0.023571915486973818,0,0,0,0,0,0
302_1QOR.A,0.0,0.0,0.01045,0,1QOR.A,0.013279529798889356,0.02714890272903357,0.007371696035740961,0,0,0,0,0,0
301_1QOR.A,0.0,0.05,0.01335,0,1QOR.A,0.015561340813518858,0.03125947776518409,0.02351636228771887,0,0,0,0,0,0
300_1QOR.A,0.0,0.0,0.00465,0,1QOR.A,0.012260284256119898,0.02693156726843405,0.006424023813156507,0,0,0,0,0,0
299_1QOR.A,0.0,0.15,0.00823,0,1QOR.A,0.02800267547313153,0.04074643826170246,0.05402145674501566,0,0,0,0,0,0
298_1QOR.A,0.0,0.18,0.01774,0,1QOR.A,0.03062652293322214,0.044762549260423466,0.06497781049094055,0,0,0,0,0,0
297_1QOR.A,0.0,0.04,0.00263,0,1QOR.A,0.013988661840038554,0.029969114960867335,0.018630636565425636,0,0,0,0,0,0
296_1QOR.A,0.0,0.0,0.00317,0,1QOR.A,0.012099895023662594,0.026876380720192564,0.006182204004634956,0,0,0,0,0,0
295_1QOR.A,0.0,0.1,0.01025,0,1QOR.A,0.025082228598880568,0.03567426029355479,0.0386806779646094,0,0,0,0,0,0
294_1QOR.A,0.0,0.0,0.00196,0,1QOR.A,0.011878216457422697,0.026831343702816562,0.005984499971992337,0,0,0,0,0,0
293_1QOR.A,0.0,0.02,0.02131,0,1QOR.A,0.01696525915646742,0.02911397829356694,0.015414462632923365,0,0,0,0,0,0
292_1QOR.A,0.0,0.0,0.00216,0,1QOR.A,0.012099895023662594,0.026838782772026896,0.006017178324495249,0,0,0,0,0,0
291_1QOR.A,0.0,0.02,0.02833,0,1QOR.A,0.01777653845793618,0.029397935158044085,0.016561472805775586,0,0,0,0,0,0
290_1QOR.A,0.0,0.01,0.02037,0,1QOR.A,0.015549491932799813,0.028290042971422825,0.012126708348022541,0,0,0,0,0,0
289_1QOR.A,0.0,0.02,0.03548,0,1QOR.A,0.02432672723009399,0.02968991050689683,0.017729723907754694,0,0,0,0,0,0
288_1QOR.A,0.0,0.01,0.02779,0,1QOR.A,0.016360771234268573,0.02858201421002456,0.013339075225880586,0,0,0,0,0,0
287_1QOR.A,0.0,0.0,0.00499,0,1QOR.A,0.012452559179830599,0.026944260814210426,0.0064795770124114575,0,0,0,0,0,0
286_1QOR.A,0.0,0.01,0.01794,0,1QOR.A,0.01497784992657588,0.028195055313737324,0.011729666365112159,0,0,0,0,0,0
285_1QOR.A,0.0,0.01,0.03177,0,1QOR.A,0.01959603470305708,0.02873982712268235,0.013989374440688538,0,0,0,0,0,0
284_1QOR.A,0.0,0.0,0.02523,0,1QOR.A,0.016500711000505038,0.02771046905028042,0.009786626285706174,0,0,0,0,0,0
309_1QOR.A,0.0,0.02,0.0058,0,1QOR.A,0.013922855602900299,0.028496005510273214,0.012880256396322523,0,0,0,0,0,0
310_1QOR.A,0.0,0.0,7e-05,0,1QOR.A,0.011911687957688459,0.026761143432234433,0.005675689540839817,0,0,0,0,0,0
311_1QOR.A,0.0,0.0,0.0002,0,1QOR.A,0.011911687957688459,0.026765966296543976,0.005696930469966709,0,0,0,0,0,0
324_1QOR.A,0.0,0.0,0.0,0,1QOR.A,0.011911687957688459,0.026758546855358632,0.005664252117463797,0,0,0,0,0,0
10_1SOX.A,0.133,0.03,0.01683,0,1SOX.A,0.05132173258458746,0.03506728185196708,0.043900842594142474,1,0,0,0,0,0
9_1SOX.A,0.133,0.02,0.01115,0,1SOX.A,0.04794148945952795,0.033859234828879134,0.03983861135492263,1,0,0,0,0,0
8_1SOX.A,0.196,0.02,0.00809,0,1SOX.A,0.08168890771988718,0.03644738092331278,0.051694310522803065,1,0,0,0,0,0
7_1SOX.A,0.329,0.09,0.1824,0,1SOX.A,0.17365679615632806,0.0654609601982266,0.12819849987282336,1,0,0,0,0,0
6_1SOX.A,0.698,0.39,0.09093,0,1SOX.A,0.20559905724412877,0.18699160944585758,0.2796470071151841,1,0,0,0,0,0
5_1SOX.A,0.471,0.61,0.23443,0,1SOX.A,0.28506152015675634,0.28185723433778254,0.3275257126203307,1,0,1,0,1,1
4_1SOX.A,1.0,0.87,0.35344,0,1SOX.A,0.4809634324866798,0.6559993879293856,0.5322077535081441,1,0,1,1,1,1
3_1SOX.A,0.466,0.35,0.33322,0,1SOX.A,0.2665352087073826,0.1773168011737533,0.2611982587455806,1,0,1,0,0,1
327_1QOR.A,0.0,0.02,0.02044,0,1QOR.A,0.01696525915646742,0.029078972881328335,0.015272311799535697,0,0,0,0,0,0
326_1QOR.A,0.0,0.03,0.01814,0,1QOR.A,0.01708590857904793,0.029791504531607158,0.01803067677388934,0,0,0,0,0,0
325_1QOR.A,0.0,0.0,0.0,0,1QOR.A,0.011911687957688459,0.026758546855358632,0.005664252117463797,0,0,0,0,0,0
323_1QOR.A,0.0,0.0,0.0,0,1QOR.A,0.011911687957688459,0.026758546855358632,0.005664252117463797,0,0,0,0,0,0
130_3VLB.B,0.0,0.0,0.14234,0,3VLB.B,0.045025575317570905,0.03257652720613826,0.028921435593786425,0,0,0,0,0,0
322_1QOR.A,0.0,0.0,0.00061,0,1QOR.A,0.011848029093358583,0.026781182405977186,0.0057639210925976795,0,0,0,0,0,0
321_1QOR.A,0.0,0.03,0.00121,0,1QOR.A,0.013736795909734542,0.029102381527210706,0.015264454234517822,0,0,0,0,0,0
320_1QOR.A,0.0,0.02,0.00452,0,1QOR.A,0.01345675964369141,0.028445578316739634,0.012671114940303884,0,0,0,0,0,0
319_1QOR.A,0.0,0.0,0.00256,0,1QOR.A,0.012099895023662594,0.02685366692777719,0.0060825350295010735,0,0,0,0,0,0
318_1QOR.A,0.0,0.02,0.00681,0,1QOR.A,0.014146055419925281,0.02853585695562941,0.013045282076462229,0,0,0,0,0,0
317_1QOR.A,0.0,0.02,0.01484,0,1QOR.A,0.014869049384714412,0.02885462599791712,0.014357317929454154,0,0,0,0,0,0
316_1QOR.A,0.0,0.03,0.01167,0,1QOR.A,0.015561340813518858,0.029526300266852573,0.01697353207042013,0,0,0,0,0,0
315_1QOR.A,0.0,0.04,0.02631,0,1QOR.A,0.018389477816881,0.030965297314951925,0.022499753501770442,0,0,0,0,0,0
314_1QOR.A,0.0,0.0,0.00101,0,1QOR.A,0.011848029093358583,0.02679603549749737,0.005829277797603504,0,0,0,0,0,0
313_1QOR.A,0.0,0.03,0.00634,0,1QOR.A,0.01483834684872973,0.029309545277398055,0.016102653976217518,0,0,0,0,0,0
312_1QOR.A,0.0,0.02,0.00965,0,1QOR.A,0.014476005186460868,0.028648204605549014,0.013509314682003584,0,0,0,0,0,0
283_1QOR.A,0.0,0.0,0.0,0,1QOR.A,0.011911687957688459,0.026758546855358632,0.005664252117463797,0,0,0,0,0,0
282_1QOR.A,0.0,0.01,0.02684,0,1QOR.A,0.01628141916440895,0.028544469815304188,0.013183853051491752,0,0,0,0,0,0
281_1QOR.A,0.0,0.01,0.03211,0,1QOR.A,0.01959603470305708,0.028753347764057604,0.01404492763994349,0,0,0,0,0,0
145_3VLB.B,0.0,0.0,0.02666,0,3VLB.B,0.016500711000505038,0.027765396933978562,0.010020276506101995,0,0,0,0,0,0
243_1QOR.A,0.0,0.77,0.05774,0,1QOR.A,0.1499887594664291,0.20771454078804272,0.25642927665161397,0,1,0,1,1,0
242_1QOR.A,0.0,0.04,0.03582,0,1QOR.A,0.025298400807923983,0.03137432797514693,0.024053609163283918,0,0,0,0,0,0
241_1QOR.A,0.0,0.06,0.01909,0,1QOR.A,0.017472558593267577,0.032380555263024025,0.02758839703268958,0,0,0,0,0,0
240_1QOR.A,0.0,0.0,0.18616,0,1QOR.A,0.07715700903960959,0.03460190630369048,0.036081262627174496,0,0,0,0,0,0
239_1QOR.A,0.0,0.0,0.02287,0,1QOR.A,0.015768783768895903,0.02762004963251342,0.00940102172617181,0,0,0,0,0,0
238_1QOR.A,0.186,0.0,0.01335,0,1QOR.A,0.08280543631810915,0.03433966921339926,0.044324200413359355,1,0,0,0,0,0
237_1QOR.A,0.0,0.0,0.10434,0,1QOR.A,0.04023272099498462,0.030913302774375158,0.022712548618233103,0,0,0,0,0,0
236_1QOR.A,0.0,0.0,0.0141,0,1QOR.A,0.0136725739971429,0.027286547261466093,0.00796807596891911,0,0,0,0,0,0
235_1QOR.A,0.0,0.0,0.01511,0,1QOR.A,0.013965210178814675,0.02732475486196063,0.008133101649058816,0,0,0,0,0,0
234_1QOR.A,0.667,0.09,0.49366,0,1QOR.A,0.2697813104543049,0.14401697107238343,0.24534501274417148,1,0,1,1,1,1
233_1QOR.A,0.0,0.0,0.172,0,1QOR.A,0.06658634549798513,0.033934489214496114,0.0337676352699683,0,0,0,0,0,0
146_3VLB.B,0.0,0.01,0.03154,0,3VLB.B,0.01959603470305708,0.028730684305122094,0.01395179433531019,0,0,0,0,0,0
144_3VLB.B,0.0,0.01,0.05109,0,3VLB.B,0.025798434826766484,0.02951798427733878,0.01714610329246986,0,0,0,0,0,0
230_1QOR.A,0.285,0.04,0.05861,0,1QOR.A,0.1181480667388453,0.04598502889972345,0.08367204106487763,1,0,0,0,0,0
229_1QOR.A,0.0,0.0,0.00337,0,1QOR.A,0.012260284256119898,0.02688383193110464,0.0062148823571378685,0,0,0,0,0,0
228_1QOR.A,0.0,0.0,0.00013,0,1QOR.A,0.011911687957688459,0.026763369264584256,0.00568549304659069,0,0,0,0,0,0
227_1QOR.A,0.0,0.03,0.00546,0,1QOR.A,0.014615147031704745,0.029273907070282608,0.015958869225204706,0,0,0,0,0,0
226_1QOR.A,0.0,0.0,0.00142,0,1QOR.A,0.011848029093358583,0.026811268229971517,0.005896268420234474,0,0,0,0,0,0
225_1QOR.A,0.0,0.0,0.0,0,1QOR.A,0.011911687957688459,0.026758546855358632,0.005664252117463797,0,0,0,0,0,0
224_1QOR.A,0.0,0.02,0.00728,0,1QOR.A,0.014146055419925281,0.02855442012616913,0.013122076204844072,0,0,0,0,0,0
223_1QOR.A,0.0,0.01,0.03649,0,1QOR.A,0.02364919588070754,0.028928078301054202,0.014760583559757267,0,0,0,0,0,0
147_3VLB.B,0.0,0.01,0.03746,0,3VLB.B,0.02364919588070754,0.02896691344458551,0.014919073569396393,0,0,0,0,0,0
221_1QOR.A,0.0,0.0,0.00175,0,1QOR.A,0.011878216457422697,0.026823534838123064,0.005950187701864279,0,0,0,0,0,0
220_1QOR.A,0.0,0.01,0.02239,0,1QOR.A,0.015549491932799813,0.028369240323310587,0.012456759708301957,0,0,0,0,0,0
244_1QOR.A,0.186,0.38,0.24079,0,1QOR.A,0.2309813728775258,0.12561629811041558,0.20058433194888226,1,1,0,1,1,1
143_3VLB.B,0.0,0.0,0.02996,0,3VLB.B,0.02084502925155258,0.027892557558840354,0.010559469322400048,0,0,0,0,0,0
280_1QOR.A,0.0,0.0,0.0114,0,1QOR.A,0.01338446577356709,0.027184662907420803,0.007526918210129794,0,0,0,0,0,0
266_1QOR.A,0.0,0.0,0.03561,0,1QOR.A,0.023581441546405492,0.028111586413804915,0.011482632780607318,0,0,0,0,0,0
279_1QOR.A,0.0,0.0,0.00135,0,1QOR.A,0.011848029093358583,0.0268086669235623,0.005884830996858455,0,0,0,0,0,0
278_1QOR.A,0.0,0.01,0.02084,0,1QOR.A,0.015549491932799813,0.028308450894526604,0.012203502476404386,0,0,0,0,0,0
277_1QOR.A,0.0,0.01,0.01727,0,1QOR.A,0.01497784992657588,0.028168919810545166,0.011620193884227404,0,0,0,0,0,0
276_1QOR.A,0.0,0.0,0.00243,0,1QOR.A,0.012099895023662594,0.026848828696948893,0.00606129410037418,0,0,0,0,0,0
275_1QOR.A,0.0,0.01,0.25125,0,1QOR.A,0.07700788877434411,0.03887673959597936,0.049850598477384406,0,0,0,0,0,0
274_1QOR.A,0.0,0.01,0.06246,0,1QOR.A,0.027020319647628438,0.029985446175231988,0.01900386763226042,0,0,0,0,0,0
273_1QOR.A,0.0,0.01,0.02401,0,1QOR.A,0.015741220175497853,0.02843291051813321,0.012721454363575545,0,0,0,0,0,0
272_1QOR.A,0.0,0.01,0.14083,0,1QOR.A,0.044618361620009435,0.03340813056251388,0.031808880060526575,0,0,0,0,0,0
271_1QOR.A,0.0,0.03,0.38446,0,1QOR.A,0.09052770108897099,0.049193901755571263,0.07788434721822338,0,0,1,0,0,0
270_1QOR.A,0.0,0.0,0.05092,0,1QOR.A,0.02623503850369739,0.028713523526639393,0.01398416066470525,0,0,0,0,0,0
267_1QOR.A,0.0,0.62,0.49137,0,1QOR.A,0.21924400305524944,0.24151161838073576,0.2802683562087461,0,1,1,1,1,1
134_3VLB.B,0.0,0.09,0.19817,0,3VLB.B,0.08132419090636085,0.04489201747605279,0.06625109194820859,0,0,0,0,0,0
142_3VLB.B,0.0,0.01,0.04174,0,3VLB.B,0.02461903012706592,0.029138873283760382,0.015618390312958714,0,0,0,0,0,0
137_3VLB.B,0.0,0.05,0.15742,0,3VLB.B,0.04642682469557566,0.038108064092566306,0.04705621351319168,0,0,0,0,0,0
257_1QOR.A,0.061,0.47,0.0489,0,1QOR.A,0.05351280543125969,0.10719202418729246,0.17292334684324698,1,1,0,0,0,0
256_1QOR.A,0.285,0.35,0.01531,0,1QOR.A,0.16440654893387202,0.0980325571467703,0.17375632462024834,1,0,0,0,0,1
255_1QOR.A,0.391,0.53,0.06543,0,1QOR.A,0.19901031771407923,0.18180122477175895,0.2591494267383045,1,1,0,1,1,1
138_3VLB.B,0.0,0.14,0.10442,0,3VLB.B,0.0531067282848523,0.045217380133435014,0.06660394435315417,0,0,0,0,0,0
253_1QOR.A,0.7,0.0,0.44328,0,1QOR.A,0.2550146658462395,0.1124689610309955,0.2153778632846406,1,0,1,1,1,1
252_1QOR.A,0.612,0.0,0.03318,0,1QOR.A,0.15999598142027166,0.0593794901566457,0.131112176706254,1,0,0,0,0,0
251_1QOR.A,0.718,0.99,0.18704,0,1QOR.A,0.48507040773680293,0.5952970268471965,0.48732298854667866,1,1,0,1,1,1
139_3VLB.B,0.0,0.08,0.06149,0,3VLB.B,0.029097858045576946,0.03624782444487757,0.040784539819581245,0,0,0,0,0,0
140_3VLB.B,0.0,0.11,0.04714,0,3VLB.B,0.0370280644907581,0.038559151943219905,0.047842366111908695,0,0,0,0,0,0
141_3VLB.B,0.0,0.02,0.03108,0,3VLB.B,0.021011801926724683,0.029509902395176625,0.017010800152690627,0,0,0,0,0,0
11_1SOX.A,0.133,0.03,0.05792,0,1SOX.A,0.06200031958445533,0.03710239347197202,0.050614610115865794,1,0,0,0,0,0
13_1SOX.A,0.052,0.01,0.01836,0,1SOX.A,0.01599081249792177,0.030096084968543567,0.021996628270147634,0,0,0,0,0,0
118_1SOX.A,0.0,0.0,0.01038,0,1SOX.A,0.013279529798889356,0.027146269578117537,0.0073602586123649415,0,0,0,0,0,0
14_1SOX.A,0.052,0.02,0.06153,0,1SOX.A,0.027568716641904776,0.03282791542745956,0.03218441668603837,0,0,0,0,0,0
123_3VLB.B,0.0,0.0,0.06439,0,3VLB.B,0.027721016581684174,0.029253446931626712,0.01618504770577639,0,0,0,0,0,0
90_1SOX.A,0.282,0.92,0.02361,0,1SOX.A,0.3342937620151445,0.35368587210128505,0.3531715742357371,1,1,0,1,1,1
124_3VLB.B,0.0,0.0,0.00171,0,3VLB.B,0.011878216457422697,0.02682204768591275,0.005943652031363697,0,0,0,0,0,0
88_1SOX.A,0.052,0.66,0.01137,0,1SOX.A,0.06370475500685831,0.16129951879988505,0.22457531167908465,0,0,0,0,0,0
125_3VLB.B,0.0,0.0,0.00882,0,3VLB.B,0.012949580032353771,0.027087652304902007,0.007105367462842226,0,0,0,0,0,0
87_1SOX.A,0.133,0.71,0.01027,0,1SOX.A,0.1127947508236048,0.19697449183770116,0.25595228254537217,0,0,0,0,0,0
86_1SOX.A,0.0,0.74,0.00743,0,1SOX.A,0.12894832952712793,0.18316240185994814,0.23880653899509502,0,0,0,0,0,0
126_3VLB.B,0.0,0.02,0.08052,0,3VLB.B,0.036575031042104376,0.03159479399458046,0.02508888889141053,0,0,0,0,0,0
127_3VLB.B,0.0,0.18,0.06676,0,3VLB.B,0.0442035670454021,0.047844634535669846,0.07298727468940433,0,1,0,0,0,0
85_1SOX.A,0.0,0.77,0.00863,0,1SOX.A,0.1446801104620466,0.19643853774451908,0.24840510719452388,0,0,0,0,0,0
84_1SOX.A,0.0,0.72,0.01596,0,1SOX.A,0.11626300428189609,0.17662923561054866,0.23393193867306994,0,0,0,0,0,0
128_3VLB.B,0.0,0.08,0.14438,0,3VLB.B,0.0466082055276936,0.04060564458310741,0.05432808301441321,0,0,0,0,0,0
83_1SOX.A,0.052,0.55,0.01596,0,1SOX.A,0.045688414492010575,0.12428638616939555,0.190849453559518,0,0,0,0,0,0
82_1SOX.A,0.133,0.21,0.01311,0,1SOX.A,0.07213205802010558,0.056670331203602375,0.09970801374405674,0,0,0,0,0,0
81_1SOX.A,0.113,0.14,0.0647,0,1SOX.A,0.05178796834424015,0.049180362305655215,0.08227579512723095,0,0,0,0,0,0
80_1SOX.A,0.0,0.0,0.03945,0,1SOX.A,0.02408579955763844,0.02826140087802183,0.012110057148663233,0,0,0,0,0,0
79_1SOX.A,0.129,0.17,0.28645,0,1SOX.A,0.13628566184048116,0.07304399834123798,0.13104836650763993,0,0,1,0,0,0
78_1SOX.A,0.416,0.02,0.29082,0,1SOX.A,0.19929708960108447,0.06976775744852068,0.1410368754664576,1,0,1,0,0,0
77_1SOX.A,0.133,0.03,0.30645,0,1SOX.A,0.11244741043454512,0.05204067837855177,0.09122236485360966,1,0,1,0,0,0
76_1SOX.A,0.282,0.03,0.35989,0,1SOX.A,0.20671847880742508,0.066900022911283,0.12917617962992867,1,0,1,0,0,0
75_1SOX.A,0.282,0.05,0.21377,0,1SOX.A,0.19053765637343528,0.05803100538150359,0.11156970734757526,1,0,0,0,0,0
74_1SOX.A,0.0,0.0,0.00765,0,1SOX.A,0.012949580032353771,0.02704377011904013,0.00691419910070019,0,0,0,0,0,0
73_1SOX.A,0.0,0.31,0.13628,0,1SOX.A,0.06653205672365663,0.07412962913225618,0.12509042838519938,0,0,0,0,0,0
72_1SOX.A,0.0,0.7,0.19257,0,1SOX.A,0.26302122711168785,0.2068128047187366,0.2565202257944923,0,0,0,0,0,1
71_1SOX.A,0.0,0.52,0.0365,0,1SOX.A,0.055622551757560854,0.11160427821357474,0.17460468491237632,0,0,0,0,0,0
91_1SOX.A,0.133,0.73,0.04962,0,1SOX.A,0.13659713456919645,0.2153741252951221,0.2686500804565944,1,0,0,0,0,0
92_1SOX.A,0.133,0.93,0.09858,0,1SOX.A,0.22383397143907874,0.3410231906899537,0.3393330617120501,1,1,0,1,1,0
93_1SOX.A,0.133,0.84,0.04077,0,1SOX.A,0.14839234869822523,0.26991815309803635,0.30167988966784903,1,0,0,0,0,0
106_1SOX.A,0.0,0.07,0.03126,0,1SOX.A,0.021681338234217674,0.03383858590379132,0.03271104081062893,0,0,0,0,0,0
117_1SOX.A,0.0,0.0,0.00011,0,1SOX.A,0.011911687957688459,0.026762627300463873,0.005682225211340399,0,0,0,0,0,0
116_1SOX.A,0.0,0.0,0.02568,0,1SOX.A,0.016500711000505038,0.027727742655872523,0.009860152578837727,0,0,0,0,0,0
115_1SOX.A,0.0,0.0,0.01115,0,1SOX.A,0.013279529798889356,0.02717524789743206,0.007486070269501153,0,0,0,0,0,0
114_1SOX.A,0.0,0.06,0.14393,0,1SOX.A,0.04594296957323331,0.03843949804145896,0.04798622466500739,0,0,0,0,0,0
113_1SOX.A,0.0,0.05,0.19333,0,1SOX.A,0.07832305009364476,0.04002781157196668,0.05292361170508958,0,0,0,0,0,0
112_1SOX.A,0.0,0.04,0.12831,0,1SOX.A,0.0440193255264673,0.03563452625489476,0.03916571327825567,0,0,0,0,0,0
111_1SOX.A,0.0,0.03,0.16339,0,1SOX.A,0.04767676546172109,0.03638942365179762,0.041763330279129346,0,0,0,0,0,0
110_1SOX.A,0.0,0.03,0.15639,0,1SOX.A,0.04594296957323331,0.03604143270650438,0.04061958794152742,0,0,0,0,0,0
109_1SOX.A,0.0,0.07,0.10557,0,1SOX.A,0.0414969155287337,0.03747485880833379,0.04485268268308597,0,0,0,0,0,0
108_1SOX.A,0.0,0.13,0.11005,0,1SOX.A,0.056239783303467884,0.04435329261447878,0.06438967394797401,0,0,0,0,0,0
107_1SOX.A,0.0,0.0,0.04273,0,1SOX.A,0.025684086161195815,0.028389981014384592,0.012645982129710992,0,0,0,0,0,0
105_1SOX.A,0.0,0.09,0.04219,0,1SOX.A,0.027699834935027104,0.03627330296457306,0.04076524483118735,0,0,0,0,0,0
94_1SOX.A,0.0,0.93,0.05574,0,1SOX.A,0.23985168936462692,0.2910854101208522,0.30624914957677907,0,1,0,1,0,0
104_1SOX.A,0.0,0.0,0.01235,0,1SOX.A,0.0136725739971429,0.027220468870703698,0.0076821403845186275,0,0,0,0,0,0
103_1SOX.A,0.0,0.23,0.0118,0,1SOX.A,0.034063742775972884,0.050788646891697604,0.07967809356228973,0,0,0,0,0,0
102_1SOX.A,0.0,0.35,0.00874,0,1SOX.A,0.03355691198046405,0.06954488154060133,0.1167881071066408,0,0,0,0,0,0
101_1SOX.A,0.0,0.0,0.00568,0,1SOX.A,0.01272638021532879,0.02697003912939895,0.0065923173285465046,0,0,0,0,0,0
100_1SOX.A,0.0,0.0,0.00645,0,1SOX.A,0.012949580032353771,0.026998834545662174,0.006718128985682716,0,0,0,0,0,0
99_1SOX.A,0.133,0.89,0.00754,0,1SOX.A,0.15827496043219283,0.28878806773590865,0.3119212115401759,1,1,0,1,1,0
98_1SOX.A,0.0,0.89,0.00634,0,1SOX.A,0.18335423783019647,0.25476648164162263,0.2856409323960112,0,1,0,0,0,0
97_1SOX.A,0.0,0.9,0.14492,0,1SOX.A,0.25026548064160614,0.29990428581354794,0.3114179288734162,0,1,0,1,1,0
122_3VLB.B,0.0,0.0,0.0,0,3VLB.B,0.011911687957688459,0.026758546855358632,0.005664252117463797,0,0,0,0,0,0
96_1SOX.A,0.0,0.49,0.11454,0,1SOX.A,0.07396704799729716,0.11425868615005344,0.17795327997460125,0,0,0,0,0,0
95_1SOX.A,0.0,0.94,0.08623,0,1SOX.A,0.2547942426617313,0.30608775632202634,0.3143651304439851,0,1,0,1,1,1
70_1SOX.A,0.0,0.9,0.05093,0,1SOX.A,0.19374027512744074,0.27256985546793133,0.29606073711467257,0,1,0,0,0,0
69_1SOX.A,0.0,0.97,0.1294,0,1SOX.A,0.2873198118724757,0.3379746321792851,0.3308212509161501,0,1,0,1,1,1
68_1SOX.A,0.0,0.97,0.06142,0,1SOX.A,0.2579041631989816,0.31666159706307784,0.31971387890041025,0,1,0,1,1,1
27_1SOX.A,0.0,0.02,0.02492,0,1SOX.A,0.01748495587526256,0.02925966782432452,0.01600430689560093,0,0,0,0,0,0
38_1SOX.A,0.0,0.68,0.15257,0,1SOX.A,0.16944085665903688,0.18882657829161928,0.2437162232376356,0,0,0,0,0,0
37_1SOX.A,0.0,0.0,0.01093,0,1SOX.A,0.013279529798889356,0.027166965310646485,0.00745012408174795,0,0,0,0,0,0
36_1SOX.A,0.0,0.0,0.11836,0,1SOX.A,0.04074119871899448,0.031517151600763876,0.02500330112868725,0,0,0,0,0,0
35_1SOX.A,0.0,0.11,0.24842,0,1SOX.A,0.10605123310601257,0.05071161080660543,0.08072986007083956,0,0,1,0,0,0
34_1SOX.A,0.0,0.07,0.02404,0,1SOX.A,0.01805287383174079,0.033503992095570666,0.031531352285273796,0,0,0,0,0,0
33_1SOX.A,0.0,0.0,0.01585,0,1SOX.A,0.014242179390557011,0.027352781548876107,0.00825401155331959,0,0,0,0,0,0
32_1SOX.A,0.052,0.0,0.19093,0,1SOX.A,0.07053439457580604,0.03713942597149007,0.04705897869914831,0,0,0,0,0,0
31_1SOX.A,0.0,0.0,0.00699,0,1SOX.A,0.012949580032353771,0.02701904656332778,0.006806360537440579,0,0,0,0,0,0
30_1SOX.A,0.0,0.0,0.00055,0,1SOX.A,0.011848029093358583,0.026778955132922805,0.005754117586846806,0,0,0,0,0,0
29_1SOX.A,0.0,0.04,0.03377,0,1SOX.A,0.023704311070324766,0.03128571656369654,0.023718656050129065,0,0,0,0,0,0
28_1SOX.A,0.0,0.05,0.03519,0,1SOX.A,0.02479266853381609,0.03221531697721618,0.027084838381036883,0,0,0,0,0,0
26_1SOX.A,0.0,0.02,0.02809,0,1SOX.A,0.01777653845793618,0.029388183040017703,0.016522258782772088,0,0,0,0,0,0
40_1SOX.A,0.0,0.97,0.09279,0,1SOX.A,0.27558767732095557,0.3264080063638787,0.32483947849049205,0,1,0,1,1,1
25_1SOX.A,0.0,0.0,0.00153,0,1SOX.A,0.011848029093358583,0.02681535649311604,0.0059142415141110755,0,0,0,0,0,0
24_1SOX.A,0.0,0.0,0.0,0,1SOX.A,0.011911687957688459,0.026758546855358632,0.005664252117463797,0,0,0,0,0,0
23_1SOX.A,0.052,0.0,0.15628,0,1SOX.A,0.04329712923436111,0.03541435796569485,0.04139745412801876,0,0,0,0,0,0
22_1SOX.A,0.0,0.0,0.00197,0,1SOX.A,0.011878216457422697,0.02683171560865178,0.005986133889617482,0,0,0,0,0,0
21_1SOX.A,0.0,0.06,0.20546,0,1SOX.A,0.08065535714101307,0.04181301947950971,0.05803971981252834,0,0,0,0,0,0
20_1SOX.A,0.0,0.04,0.08809,0,1SOX.A,0.03706218385351726,0.03371746142814436,0.032594096589920026,0,0,0,0,0,0
19_1SOX.A,0.0,0.06,0.08306,0,1SOX.A,0.03666887882642928,0.035360171306303416,0.03804056808074605,0,0,0,0,0,0
18_1SOX.A,0.0,0.1,0.03322,0,1SOX.A,0.0331172917537466,0.03681700146091017,0.04243378674956887,0,0,0,0,0,0
17_1SOX.A,0.0,0.03,0.04623,0,1SOX.A,0.02768014335415618,0.030969917858964535,0.022620351382923364,0,0,0,0,0,0
16_1SOX.A,0.0,0.03,0.07333,0,1SOX.A,0.035015093079153486,0.03214949308427954,0.02704826814706797,0,0,0,0,0,0
15_1SOX.A,0.052,0.01,0.08153,0,1SOX.A,0.03484450057210822,0.03283642293516894,0.03231808590819246,0,0,0,0,0,0
39_1SOX.A,0.0,0.73,0.20339,0,1SOX.A,0.2672861386322378,0.22370915242709696,0.26769062274931127,0,0,0,0,0,1
41_1SOX.A,0.0,0.97,0.12186,0,1SOX.A,0.2815910100521576,0.3355759626340132,0.32958927702679036,0,1,0,1,1,1
67_1SOX.A,0.0,0.84,0.11082,0,1SOX.A,0.19270965500814813,0.25623505825091386,0.2870412736028468,0,0,0,0,0,0
55_1SOX.A,0.0,0.0,0.00022,0,1SOX.A,0.011911687957688459,0.026766708350688388,0.005700198305217001,0,0,0,0,0,0
66_1SOX.A,0.0,0.68,0.04448,0,1SOX.A,0.10670198038555165,0.16636593469774932,0.2260552076274367,0,0,0,0,0,0
65_1SOX.A,0.0,0.86,0.04973,0,1SOX.A,0.17334895627009508,0.2504518232578216,0.2833280028871065,0,0,0,0,0,0
64_1SOX.A,0.0,0.97,0.10372,0,1SOX.A,0.27878986684912066,0.32983997920642316,0.3266253504547762,0,1,0,1,1,1
63_1SOX.A,0.0,0.31,0.08131,0,1SOX.A,0.052943103948651024,0.06893196479791516,0.11610878319977395,0,0,0,0,0,0
62_1SOX.A,0.0,0.9,0.07705,0,1SOX.A,0.20339032637167084,0.2800082892096098,0.3003285299515529,0,1,0,0,0,0
61_1SOX.A,0.0,0.0,0.04831,0,1SOX.A,0.02623503850369739,0.028610030004445786,0.013557708164542244,0,0,0,0,0,0
60_1SOX.A,0.0,0.35,0.04066,0,1SOX.A,0.0430257732564051,0.07254494280333196,0.12200357216610558,0,0,0,0,0,0
59_1SOX.A,0.0,0.25,0.03158,0,1SOX.A,0.038475646513549976,0.055026073274650526,0.08917831468110202,0,0,0,0,0,0
58_1SOX.A,0.0,0.0,0.0024,0,1SOX.A,0.012099895023662594,0.0268477123025251,0.006056392347498744,0,0,0,0,0,0
57_1SOX.A,0.0,0.0,0.00295,0,1SOX.A,0.012099895023662594,0.0268681867076167,0.006146257816881753,0,0,0,0,0,0
56_1SOX.A,0.0,0.11,0.02175,0,1SOX.A,0.02759995354565405,0.037240657039634174,0.04369384926166399,0,0,0,0,0,0
54_1SOX.A,0.0,0.1,0.00098,0,1SOX.A,0.02374818931881175,0.03522282305774393,0.037166036326099425,0,0,0,0,0,0
42_1SOX.A,0.0,0.94,0.08995,0,1SOX.A,0.25581904930198784,0.3072142749912759,0.3149729478005393,0,1,0,1,1,1
53_1SOX.A,0.0,0.0,0.00033,0,1SOX.A,0.011848029093358583,0.026770790006116693,0.005718171399093602,0,0,0,0,0,0
52_1SOX.A,0.0,0.0,0.00098,0,1SOX.A,0.011848029093358583,0.026794921237811884,0.005824376044728067,0,0,0,0,0,0
51_1SOX.A,0.0,0.0,0.01705,0,1SOX.A,0.015197141762671972,0.027398289626792346,0.008450081668337064,0,0,0,0,0,0
50_1SOX.A,0.0,0.0,0.00208,0,1SOX.A,0.012099895023662594,0.02683580690369846,0.006004106983494084,0,0,0,0,0,0
49_1SOX.A,0.0,0.07,0.03366,0,1SOX.A,0.023907906074095656,0.033950520628517375,0.03310318104066387,0,0,0,0,0,0
48_1SOX.A,0.0,0.06,0.03607,0,1SOX.A,0.025298400807923983,0.03314693527410587,0.030362789160186827,0,0,0,0,0,0
47_1SOX.A,0.0,0.13,0.00372,0,1SOX.A,0.025680579340881703,0.038359204134501106,0.04701622783980072,0,0,0,0,0,0
46_1SOX.A,0.0,0.05,0.02743,0,1SOX.A,0.018468829886740624,0.0318725030934244,0.025816918303923887,0,0,0,0,0,0
45_1SOX.A,0.0,0.07,0.04579,0,1SOX.A,0.02766321662961649,0.03452174437310667,0.0350851231199655,0,0,0,0,0,0
44_1SOX.A,0.0,0.18,0.02885,0,1SOX.A,0.03243721576760754,0.04544405643956584,0.06679309297247732,0,0,0,0,0,0
43_1SOX.A,0.0,0.89,0.05322,0,1SOX.A,0.1894356317184587,0.26764980803559923,0.2933007382226938,0,1,0,0,0,0
22_1YPI.A,0.0,0.07,0.01463,0,1YPI.A,0.01576493581728975,0.03307269905914008,0.029993835800011776,0,0,0,0,0,0
59_1YPI.A,0.0,0.0,0.00959,0,1YPI.A,0.013279529798889356,0.02711656979509377,0.007231179119978438,0,0,0,0,0,0
24_1YPI.A,0.0,0.0,0.0,0,1YPI.A,0.011911687957688459,0.026758546855358632,0.005664252117463797,0,0,0,0,0,0
157_2NAC.A,0.0,0.0,0.02654,0,2NAC.A,0.016500711000505038,0.027760783538511222,0.01000066949460025,0,0,0,0,0,0
193_2NAC.A,0.0,0.36,0.01547,0,2NAC.A,0.03503690447362117,0.0720312457742162,0.12102189969650093,0,0,0,0,0,0
192_2NAC.A,0.0,0.0,0.03818,0,2NAC.A,0.02408579955763844,0.028211767270239482,0.01190254961026974,0,0,0,0,0,0
68_2UTG.A,0.32,0.84,0.44588,0,2UTG.A,0.41021502596265896,0.455491047596396,0.40454631671884866,1,0,1,1,1,0
70_2UTG.A,0.459,0.98,0.22516,0,2UTG.A,0.44302769977663325,0.5200448179647766,0.43962175155409944,1,1,0,1,1,1
187_2NAC.A,0.199,0.99,0.17456,0,2NAC.A,0.41858058165586276,0.426371509633078,0.38349660757510295,1,1,1,1,1,1
6_3BX7.A,0.0,0.23,0.19135,0,3BX7.A,0.12413512122334797,0.06463222180378432,0.10901508452177919,0,0,0,0,0,0
185_2NAC.A,0.433,0.87,0.09616,0,2NAC.A,0.29740379839367836,0.3900235321706752,0.37896921919782284,1,0,0,1,1,0
7_3BX7.A,0.0,0.35,0.28245,0,3BX7.A,0.14464030355965843,0.09940456405754985,0.1615100664245013,0,1,1,0,0,0
8_3BX7.A,0.0,0.07,0.05451,0,3BX7.A,0.028528400227197076,0.03493809923814085,0.03650989928909247,0,0,0,0,0,0
182_2NAC.A,0.572,0.0,0.35519,0,2NAC.A,0.24171947286599782,0.08665402294533446,0.1758810832575837,1,0,1,0,0,0
9_3BX7.A,0.0,0.04,0.05315,0,3BX7.A,0.02841025238530024,0.03213318332026816,0.026885188407661263,0,0,0,0,0,0
10_3BX7.A,0.0,0.0,0.03243,0,3BX7.A,0.021667522378355376,0.02798810532767693,0.010963046975811014,0,0,0,0,0,0
178_2NAC.A,0.929,0.94,0.29192,0,2NAC.A,0.46032376830072225,0.6602645838635276,0.5301704015348364,1,0,1,1,1,1
11_3BX7.A,0.0,0.0,0.03508,0,3BX7.A,0.0233475636833573,0.028090969556587422,0.011396035146474602,0,0,0,0,0,0
12_3BX7.A,0.0,0.05,0.06358,0,3BX7.A,0.02890202817501814,0.03350012789741473,0.031723530518825274,0,0,0,0,0,0
174_2NAC.A,0.572,0.79,0.21122,0,2NAC.A,0.33759487090991364,0.4179904155541874,0.399956687431196,1,0,1,1,1,1
173_2NAC.A,1.0,0.89,0.31408,0,2NAC.A,0.47535645257008613,0.6560841679527314,0.5320449857918452,1,0,1,1,1,1
171_2NAC.A,0.649,0.98,0.33354,0,2NAC.A,0.5212986959339084,0.6172669785063643,0.49459330653135214,1,1,1,1,1,1
13_3BX7.A,0.0,0.03,0.07386,0,3BX7.A,0.03522605945573502,0.03217299001829054,0.027134865781200685,0,0,0,0,0,0
167_2NAC.A,0.197,0.63,0.05236,0,2NAC.A,0.13677511952081373,0.18405267182534485,0.25030791343808756,0,0,0,0,0,0
164_2NAC.A,0.0,0.0,0.09858,0,2NAC.A,0.036791959111101655,0.03066847565925582,0.021771412066149232,0,0,0,0,0,0
162_2NAC.A,0.0,0.0,0.00405,0,2NAC.A,0.012260284256119898,0.02690918107625048,0.0063259887556477695,0,0,0,0,0,0
161_2NAC.A,0.197,0.0,0.00169,0,2NAC.A,0.1047366104375968,0.03425630108215758,0.044576393058835206,0,0,0,0,0,0
14_3BX7.A,0.0,0.02,0.15264,0,3BX7.A,0.04644448350576545,0.03489349015992641,0.036872702803960676,0,0,0,0,0,0
159_2NAC.A,0.199,0.99,0.47138,0,2NAC.A,0.4931193154108959,0.5314802871827635,0.431994550524675,1,1,1,1,1,1
194_2NAC.A,0.0,0.0,0.0,0,2NAC.A,0.011911687957688459,0.026758546855358632,0.005664252117463797,0,0,0,0,0,0
195_2NAC.A,0.0,0.0,0.0,0,2NAC.A,0.011911687957688459,0.026758546855358632,0.005664252117463797,0,0,0,0,0,0
196_2NAC.A,0.0,0.0,0.0,0,2NAC.A,0.011911687957688459,0.026758546855358632,0.005664252117463797,0,0,0,0,0,0
211_2NAC.A,0.0,0.45,0.02424,0,2NAC.A,0.043818511964542936,0.09200086745735352,0.15066233970698784,0,0,0,0,0,0
222_2NAC.A,0.0,0.93,0.01282,0,2NAC.A,0.23590730819299058,0.27863370609298316,0.2992363751296541,0,0,0,0,0,0
221_2NAC.A,0.0,0.04,0.00748,0,2NAC.A,0.01483834684872973,0.03017058543896954,0.019423086613621257,0,0,0,0,0,0
220_2NAC.A,0.0,0.0,0.00028,0,2NAC.A,0.011848029093358583,0.026768934633164074,0.005710001810967875,0,0,0,0,0,0
219_2NAC.A,0.0,0.0,0.00062,0,2NAC.A,0.011848029093358583,0.026781553635667116,0.005765555010222825,0,0,0,0,0,0
218_2NAC.A,0.0,0.0,0.00214,0,2NAC.A,0.012099895023662594,0.026838038774861957,0.006013910489244958,0,0,0,0,0,0
217_2NAC.A,0.0,0.0,0.00079,0,2NAC.A,0.011848029093358583,0.02678786530609409,0.0057933316098503,0,0,0,0,0,0
216_2NAC.A,0.0,0.17,0.01305,0,2NAC.A,0.029261471939523474,0.04329383728214743,0.061077337096610125,0,0,0,0,0,0
215_2NAC.A,0.0,0.0,0.00157,0,2NAC.A,0.011848029093358583,0.026816843284555324,0.005920777184611658,0,0,0,0,0,0
214_2NAC.A,0.0,0.76,0.13216,0,2NAC.A,0.1814272882095287,0.22080540169136015,0.2654547255898105,0,0,0,0,0,0
213_2NAC.A,0.0,0.92,0.4797,0,2NAC.A,0.4068788953431986,0.4220184891213209,0.37238655518431524,0,0,1,1,1,1
65_2UTG.A,0.0,0.98,0.02968,0,2UTG.A,0.26892147997624344,0.3129968737315961,0.31766199038633525,0,1,0,0,0,0
210_2NAC.A,0.0,0.0,0.01344,0,2NAC.A,0.0136725739971429,0.027261607976467622,0.007860237405659498,0,0,0,0,0,0
197_2NAC.A,0.0,0.0,0.0,0,2NAC.A,0.011911687957688459,0.026758546855358632,0.005664252117463797,0,0,0,0,0,0
67_2UTG.A,0.76,0.94,0.16166,0,2UTG.A,0.4221106909757878,0.5652428372791012,0.4757423941141568,1,0,0,1,1,1
207_2NAC.A,0.0,0.0,0.00051,0,2NAC.A,0.011848029093358583,0.026777470384296335,0.005747581916346224,0,0,0,0,0,0
206_2NAC.A,0.0,0.0,0.00067,0,2NAC.A,0.011848029093358583,0.026783409859181376,0.005773724598348553,0,0,0,0,0,0
205_2NAC.A,0.0,0.0,0.00427,0,2NAC.A,0.012260284256119898,0.02691738724509711,0.006361934943400973,0,0,0,0,0,0
204_2NAC.A,0.0,0.15,0.01102,0,2NAC.A,0.02823516381420516,0.040902041823221054,0.05447731976243129,0,0,0,0,0,0
203_2NAC.A,0.0,0.0,0.0,0,2NAC.A,0.011911687957688459,0.026758546855358632,0.005664252117463797,0,0,0,0,0,0
202_2NAC.A,0.0,0.8,0.00084,0,2NAC.A,0.1498707253135143,0.2083095194543143,0.25653478344894687,0,0,0,0,0,0
201_2NAC.A,0.0,0.16,0.01434,0,2NAC.A,0.029261471939523474,0.042214235703253465,0.058153946442116765,0,0,0,0,0,0
200_2NAC.A,0.0,0.64,0.00995,0,2NAC.A,0.06631284318420692,0.14508808163884948,0.20787662595526032,0,0,0,0,0,0
199_2NAC.A,0.0,0.0,0.00647,0,2NAC.A,0.012949580032353771,0.026999582876695086,0.0067213968209330075,0,0,0,0,0,0
198_2NAC.A,0.0,0.0,0.00124,0,2NAC.A,0.011848029093358583,0.026804579652217032,0.005866857902981853,0,0,0,0,0,0
158_2NAC.A,0.0,0.0,0.00039,0,2NAC.A,0.011848029093358583,0.026773016618739164,0.005727974904844476,0,0,0,0,0,0
155_2NAC.A,0.0,0.0,0.16213,0,2NAC.A,0.04581318278096552,0.033476641213490484,0.032154958573949594,0,0,1,0,0,0
224_2NAC.A,0.0,0.83,0.01271,0,2NAC.A,0.15414393833198903,0.22555454279348808,0.26787674175440607,0,0,0,0,0,0
154_2NAC.A,0.0,0.0,0.00062,0,2NAC.A,0.011848029093358583,0.026781553635667116,0.005765555010222825,0,0,0,0,0,0
123_2NAC.A,0.0,0.29,0.00079,0,2NAC.A,0.03245536104146887,0.058727068718103084,0.0966841464258272,0,0,0,0,0,0
122_2NAC.A,0.0,0.43,0.00124,0,2NAC.A,0.04041947170679374,0.08481606619643438,0.14063599711287866,0,0,0,0,0,0
121_2NAC.A,0.0,0.0,0.0,0,2NAC.A,0.011911687957688459,0.026758546855358632,0.005664252117463797,0,0,0,0,0,0
120_2NAC.A,0.0,0.0,0.0,0,2NAC.A,0.011911687957688459,0.026758546855358632,0.005664252117463797,0,0,0,0,0,0
119_2NAC.A,0.0,0.0,0.0,0,2NAC.A,0.011911687957688459,0.026758546855358632,0.005664252117463797,0,0,0,0,0,0
118_2NAC.A,0.0,0.0,0.0,0,2NAC.A,0.011911687957688459,0.026758546855358632,0.005664252117463797,0,0,0,0,0,0
117_2NAC.A,0.0,0.0,0.0,0,2NAC.A,0.011911687957688459,0.026758546855358632,0.005664252117463797,0,0,0,0,0,0
116_2NAC.A,0.0,0.0,0.00146,0,2NAC.A,0.011848029093358583,0.02681275480098019,0.005902804090735056,0,0,0,0,0,0
115_2NAC.A,0.0,0.12,0.02396,0,2NAC.A,0.02839963995256467,0.03838170270971326,0.0471891110849583,0,0,0,0,0,0
114_2NAC.A,0.0,0.0,0.00405,0,2NAC.A,0.012260284256119898,0.02690918107625048,0.0063259887556477695,0,0,0,0,0,0
113_2NAC.A,0.0,0.05,0.00883,0,2NAC.A,0.01483834684872973,0.031065113207471875,0.02277783152115305,0,0,0,0,0,0
112_2NAC.A,0.0,0.03,0.00675,0,2NAC.A,0.01483834684872973,0.029326163807304347,0.01616964459884849,0,0,0,0,0,0
111_2NAC.A,0.0,0.0,0.00045,0,2NAC.A,0.011848029093358583,0.026775243411461137,0.00573777841059535,0,0,0,0,0,0
110_2NAC.A,0.0,0.04,0.00118,0,2NAC.A,0.013736795909734542,0.029909135095809176,0.01839371850977952,0,0,0,0,0,0
109_2NAC.A,0.0,0.02,0.00067,0,2NAC.A,0.013044504480930095,0.028294424355564098,0.012042056654622824,0,0,0,0,0,0
108_2NAC.A,0.0,0.0,0.00017,0,2NAC.A,0.011911687957688459,0.026764853252838876,0.005692028717091273,0,0,0,0,0,0
107_2NAC.A,0.0,0.0,0.01547,0,2NAC.A,0.013965210178814675,0.027338385978427384,0.008191922683564057,0,0,0,0,0,0
106_2NAC.A,0.0,0.03,0.02109,0,2NAC.A,0.017657550585271863,0.029913189597714728,0.0185126824733073,0,0,0,0,0,0
105_2NAC.A,0.0,0.02,0.0104,0,2NAC.A,0.014476005186460868,0.02867794545955122,0.013631858503889503,0,0,0,0,0,0
104_2NAC.A,0.0,0.05,0.02278,0,2NAC.A,0.017657550585271863,0.031668772979696246,0.02505714660823118,0,0,0,0,0,0
103_2NAC.A,0.0,0.0,0.00422,0,2NAC.A,0.012260284256119898,0.026915521993080217,0.006353765355275245,0,0,0,0,0,0
102_2NAC.A,0.0,0.35,0.03554,0,2NAC.A,0.042044488084008735,0.07205582223438715,0.12116700634203104,0,0,0,0,0,0
101_2NAC.A,0.0,0.0,0.00152,0,2NAC.A,0.011848029093358583,0.02681498480778139,0.00591260759648593,0,0,0,0,0,0
100_2NAC.A,0.0,0.0,0.00607,0,2NAC.A,0.01272638021532879,0.026984620086904394,0.006656040115927183,0,0,0,0,0,0
99_2NAC.A,0.0,0.22,0.01108,0,2NAC.A,0.033632538340059845,0.04939722248222541,0.07642628546514212,0,0,0,0,0,0
124_2NAC.A,0.0,0.0,0.00118,0,2NAC.A,0.011848029093358583,0.02680235048690508,0.0058570543972309794,0,0,0,0,0,0
125_2NAC.A,0.0,0.23,0.01406,0,2NAC.A,0.034063742775972884,0.05094405210755036,0.08004735894557265,0,0,0,0,0,0
126_2NAC.A,0.0,0.0,0.00979,0,2NAC.A,0.013279529798889356,0.02712408573997404,0.00726385747248135,0,0,0,0,0,0
140_2NAC.A,0.0,0.0,0.0,0,2NAC.A,0.011911687957688459,0.026758546855358632,0.005664252117463797,0,0,0,0,0,0
15_3BX7.A,0.0,0.02,0.16187,0,3BX7.A,0.047232090969160076,0.035338918858647005,0.038380808771970074,0,0,0,0,0,0
16_3BX7.A,0.0,0.0,0.06698,0,3BX7.A,0.02750022883741817,0.029358385837730025,0.016608232370689098,0,0,0,0,0,0
151_2NAC.A,0.0,0.0,0.01001,0,2NAC.A,0.013279529798889356,0.02713235561836514,0.007299803660234554,0,0,0,0,0,0
150_2NAC.A,0.0,0.0,0.00073,0,2NAC.A,0.011848029093358583,0.026785637492549107,0.005783528104099427,0,0,0,0,0,0
147_2NAC.A,0.0,0.0,0.00067,0,2NAC.A,0.011848029093358583,0.026783409859181376,0.005773724598348553,0,0,0,0,0,0
146_2NAC.A,0.0,0.0,0.00028,0,2NAC.A,0.011848029093358583,0.026768934633164074,0.005710001810967875,0,0,0,0,0,0
145_2NAC.A,0.0,0.0,0.00028,0,2NAC.A,0.011848029093358583,0.026768934633164074,0.005710001810967875,0,0,0,0,0,0
144_2NAC.A,0.0,0.0,0.01158,0,2NAC.A,0.013584774055998707,0.02719144367785137,0.007556328727382415,0,0,0,0,0,0
143_2NAC.A,0.0,0.0,0.00276,0,2NAC.A,0.012099895023662594,0.0268611120153356,0.006115213382003986,0,0,0,0,0,0
142_2NAC.A,0.0,0.0,0.0,0,2NAC.A,0.011911687957688459,0.026758546855358632,0.005664252117463797,0,0,0,0,0,0
141_2NAC.A,0.0,0.0,0.00208,0,2NAC.A,0.012099895023662594,0.02683580690369846,0.006004106983494084,0,0,0,0,0,0
139_2NAC.A,0.0,0.0,0.0,0,2NAC.A,0.011911687957688459,0.026758546855358632,0.005664252117463797,0,0,0,0,0,0
127_2NAC.A,0.0,0.0,0.00501,0,2NAC.A,0.012452559179830599,0.026945007674503207,0.006482844847661748,0,0,0,0,0,0
138_2NAC.A,0.0,0.0,0.01558,0,2NAC.A,0.013965210178814675,0.02734255235983274,0.008209895777440659,0,0,0,0,0,0
137_2NAC.A,0.0,0.0,0.00579,0,2NAC.A,0.01272638021532879,0.026974150931377876,0.0066102904224231065,0,0,0,0,0,0
136_2NAC.A,0.0,0.02,0.02373,0,2NAC.A,0.01696525915646742,0.029211564788682816,0.015809870698208602,0,0,0,0,0,0
135_2NAC.A,0.0,0.02,0.00872,0,2NAC.A,0.014146055419925281,0.0286113675163592,0.01335736034286504,0,0,0,0,0,0
134_2NAC.A,0.0,0.02,0.0086,0,2NAC.A,0.014146055419925281,0.02860661769343059,0.013337753331363294,0,0,0,0,0,0
133_2NAC.A,0.0,0.05,0.00838,0,2NAC.A,0.01483834684872973,0.031045826901473967,0.0227043052280215,0,0,0,0,0,0
132_2NAC.A,0.0,0.0,0.00039,0,2NAC.A,0.011848029093358583,0.026773016618739164,0.005727974904844476,0,0,0,0,0,0
131_2NAC.A,0.0,0.02,0.00186,0,2NAC.A,0.013074691844994208,0.02834106121550533,0.012236492852015151,0,0,0,0,0,0
130_2NAC.A,0.0,0.07,0.00905,0,2NAC.A,0.01513940327796258,0.03281948590727231,0.029082109765180525,0,0,0,0,0,0
129_2NAC.A,0.0,0.11,0.00523,0,2NAC.A,0.024840003409553182,0.0364061661317311,0.04099461734492344,0,0,0,0,0,0
128_2NAC.A,0.0,0.43,0.01147,0,2NAC.A,0.04114665721569664,0.08595392707970818,0.1423074948434026,0,0,0,0,0,0
223_2NAC.A,0.0,0.97,0.01726,0,2NAC.A,0.25865391439321805,0.30321108109791656,0.31249849866776724,0,1,0,0,0,0
225_2NAC.A,0.0,0.58,0.01198,0,2NAC.A,0.04888326506020595,0.12563974452521154,0.18940331506434205,0,0,0,0,0,0
18_3BX7.A,0.0,0.01,0.15589,0,3BX7.A,0.044618361620009435,0.03410776544593743,0.034269560003995864,0,0,0,0,0,0
52_2UTG.A,0.0,0.98,0.03683,0,2UTG.A,0.26684937201776293,0.3151908320713752,0.31883024148831435,0,1,0,0,0,0
299_2NAC.A,0.0,0.02,0.04117,0,2NAC.A,0.02603479735073352,0.02992427257580114,0.01865942303646255,0,0,0,0,0,0
298_2NAC.A,0.0,0.01,0.05742,0,2NAC.A,0.027020319647628438,0.02977735476988518,0.01818037314918703,0,0,0,0,0,0
297_2NAC.A,0.0,0.0,0.03245,0,2NAC.A,0.021667522378355376,0.027988880289742946,0.010966314811061306,0,0,0,0,0,0
296_2NAC.A,0.0,0.0,0.00079,0,2NAC.A,0.011848029093358583,0.02678786530609409,0.0057933316098503,0,0,0,0,0,0
295_2NAC.A,0.0,0.01,0.00849,0,2NAC.A,0.01273028819625768,0.027828594365047626,0.010185614209349556,0,0,0,0,0,0
49_2UTG.A,0.0,0.99,0.01288,0,2UTG.A,0.26906091461929127,0.3139200526390684,0.31805117480422773,0,1,0,0,0,0
294_2NAC.A,0.0,0.0,0.00191,0,2NAC.A,0.011878216457422697,0.0268294842488304,0.005976330383866609,0,0,0,0,0,0
293_2NAC.A,0.0,0.0,0.0,0,2NAC.A,0.011911687957688459,0.026758546855358632,0.005664252117463797,0,0,0,0,0,0
50_2UTG.A,0.0,0.93,0.00289,0,2UTG.A,0.23582286852045012,0.27579987814568274,0.2976138949278845,0,0,0,0,0,0
292_2NAC.A,0.0,0.0,0.00022,0,2NAC.A,0.011911687957688459,0.026766708350688388,0.005700198305217001,0,0,0,0,0,0
291_2NAC.A,0.0,0.02,0.01068,0,2NAC.A,0.014476005186460868,0.028689056391297065,0.01367760819739358,0,0,0,0,0,0
51_2UTG.A,0.0,0.96,0.00582,0,2UTG.A,0.2522680785526681,0.29389005988642397,0.3074951308764635,0,0,0,0,0,0
290_2NAC.A,0.0,0.02,0.02165,0,2NAC.A,0.01696525915646742,0.029127669675484823,0.015470015832178316,0,0,0,0,0,0
289_2NAC.A,0.0,0.06,0.00709,0,2NAC.A,0.01483834684872973,0.03184930159677514,0.025627695882514845,0,0,0,0,0,0
288_2NAC.A,0.0,0.0,0.00045,0,2NAC.A,0.011848029093358583,0.026775243411461137,0.00573777841059535,0,0,0,0,0,0
287_2NAC.A,0.0,0.0,0.00017,0,2NAC.A,0.011911687957688459,0.026764853252838876,0.005692028717091273,0,0,0,0,0,0
286_2NAC.A,0.0,0.06,0.03026,0,2NAC.A,0.02147774323044678,0.032882753723435944,0.029413483019977225,0,0,0,0,0,0
285_2NAC.A,0.0,0.0,0.00118,0,2NAC.A,0.011848029093358583,0.02680235048690508,0.0058570543972309794,0,0,0,0,0,0
284_2NAC.A,0.0,0.23,0.00551,0,2NAC.A,0.033333712163439076,0.05035848435653128,0.07865035937607315,0,0,0,0,0,0
283_2NAC.A,0.0,0.0,0.0,0,2NAC.A,0.011911687957688459,0.026758546855358632,0.005664252117463797,0,0,0,0,0,0
282_2NAC.A,0.0,0.0,0.0,0,2NAC.A,0.011911687957688459,0.026758546855358632,0.005664252117463797,0,0,0,0,0,0
281_2NAC.A,0.0,0.0,0.0,0,2NAC.A,0.011911687957688459,0.026758546855358632,0.005664252117463797,0,0,0,0,0,0
280_2NAC.A,0.0,0.0,0.0,0,2NAC.A,0.011911687957688459,0.026758546855358632,0.005664252117463797,0,0,0,0,0,0
279_2NAC.A,0.0,0.0,0.0,0,2NAC.A,0.011911687957688459,0.026758546855358632,0.005664252117463797,0,0,0,0,0,0
278_2NAC.A,0.0,0.0,0.02913,0,2NAC.A,0.01706502352633818,0.027860521590004468,0.010423854159512962,0,0,0,0,0,0
300_2NAC.A,0.0,0.04,0.05494,0,2NAC.A,0.02854532695173677,0.032212568607790135,0.027177659662562324,0,0,0,0,0,0
301_2NAC.A,0.0,0.03,0.01929,0,2NAC.A,0.017472558593267577,0.029838883913823534,0.018218577300781087,0,0,0,0,0,0
302_2NAC.A,0.0,0.0,0.01715,0,2NAC.A,0.015197141762671972,0.027402085286286397,0.00846642084458852,0,0,0,0,0,0
317_2NAC.A,0.0,0.76,0.02283,0,2NAC.A,0.1386027828042884,0.1951799020663886,0.2475911041940935,0,0,0,0,0,0
41_2UTG.A,0.455,0.98,0.60672,0,2UTG.A,0.517438535994529,0.649889156972757,0.501181024969557,1,0,1,1,1,1
42_2UTG.A,0.0,0.0,0.00745,0,2UTG.A,0.012949580032353771,0.027036275810737045,0.006881520748197277,0,0,0,0,0,0
43_2UTG.A,0.129,0.97,0.01228,0,2UTG.A,0.2327401651460076,0.3376227072792473,0.3369845292299935,0,0,0,0,0,0
44_2UTG.A,0.275,0.98,0.14254,0,2UTG.A,0.3809809421376425,0.43213540122814326,0.39003589961361945,0,0,0,0,0,0
321_2NAC.A,0.0,0.0,0.0009,0,2NAC.A,0.011848029093358583,0.026791950098932482,0.005811304703726902,0,0,0,0,0,0
46_2UTG.A,0.0,0.94,0.00293,0,2UTG.A,0.23911977682036675,0.2814829990754193,0.3007545966265222,0,0,0,0,0,0
47_2UTG.A,0.0,0.98,0.03588,0,2UTG.A,0.26684937201776293,0.3148988490318197,0.31867501931392556,0,0,0,0,0,0
48_2UTG.A,0.0,0.98,0.07525,0,2UTG.A,0.27394635211338986,0.32711985729472576,0.3251077530041238,0,1,0,0,0,0
320_2NAC.A,0.0,0.2,0.00911,0,2NAC.A,0.03375891761213906,0.046688498843695546,0.06983607163671417,0,0,0,0,0,0
319_2NAC.A,0.0,0.0,0.0081,0,2NAC.A,0.012949580032353771,0.027060639697752978,0.006987725393831742,0,0,0,0,0,0
318_2NAC.A,0.0,0.75,0.02733,0,2NAC.A,0.1395416968565651,0.19177685653715099,0.2451922010972719,0,0,0,0,0,0
316_2NAC.A,0.0,0.74,0.02159,0,2NAC.A,0.12882751096648146,0.18619911700742428,0.24112016635230119,0,0,0,0,0,0
303_2NAC.A,0.0,0.0,0.03104,0,2NAC.A,0.019815326539153175,0.027934296488808942,0.010735932425915775,0,0,0,0,0,0
315_2NAC.A,0.0,0.0,0.00934,0,2NAC.A,0.013047041457815734,0.027107177711023573,0.007190331179349798,0,0,0,0,0,0
314_2NAC.A,0.0,0.66,0.02418,0,2NAC.A,0.0670427217184379,0.15486353283368562,0.21647002279211683,0,0,0,0,0,0
313_2NAC.A,0.0,0.15,0.02924,0,2NAC.A,0.0312674135403498,0.041932277047213,0.05745431767544659,0,0,0,0,0,0
312_2NAC.A,0.0,0.32,0.0361,0,2NAC.A,0.042316342495068424,0.06664617474319286,0.11185600764462778,0,0,0,0,0,0
311_2NAC.A,0.0,0.22,0.03965,0,2NAC.A,0.042391984113763825,0.05134342243016118,0.08109438812018313,0,0,0,0,0,0
309_2NAC.A,0.0,0.0,0.0,0,2NAC.A,0.011911687957688459,0.026758546855358632,0.005664252117463797,0,0,0,0,0,0
308_2NAC.A,0.0,0.0,6e-05,0,2NAC.A,0.011911687957688459,0.026760772477679055,0.005674055623214671,0,0,0,0,0,0
307_2NAC.A,0.0,0.0,0.0,0,2NAC.A,0.011911687957688459,0.026758546855358632,0.005664252117463797,0,0,0,0,0,0
306_2NAC.A,0.0,0.0,0.00073,0,2NAC.A,0.011848029093358583,0.026785637492549107,0.005783528104099427,0,0,0,0,0,0
305_2NAC.A,0.0,0.0,0.0,0,2NAC.A,0.011911687957688459,0.026758546855358632,0.005664252117463797,0,0,0,0,0,0
304_2NAC.A,0.0,0.0,0.00056,0,2NAC.A,0.011848029093358583,0.02677932633258871,0.005755751504471951,0,0,0,0,0,0
277_2NAC.A,0.0,0.0,0.00422,0,2NAC.A,0.012260284256119898,0.026915521993080217,0.006353765355275245,0,0,0,0,0,0
274_2NAC.A,0.0,0.27,0.03571,0,2NAC.A,0.042316342495068424,0.058357821174316836,0.09612145471656143,0,0,0,0,0,0
226_2NAC.A,0.0,0.82,0.01428,0,2NAC.A,0.15178563248577237,0.22104843225198656,0.26499910079341676,0,0,0,0,0,0
273_2NAC.A,0.0,0.0,0.0059,0,2NAC.A,0.01272638021532879,0.02697826334285365,0.0066282635162997075,0,0,0,0,0,0
61_2UTG.A,0.0,0.98,0.0084,0,2UTG.A,0.2658847833634761,0.30651676588321236,0.3141850136800254,0,1,0,0,0,0
250_2NAC.A,0.0,0.0,0.0,0,2NAC.A,0.011911687957688459,0.026758546855358632,0.005664252117463797,0,0,0,0,0,0
248_2NAC.A,0.0,0.0,0.00101,0,2NAC.A,0.011848029093358583,0.02679603549749737,0.005829277797603504,0,0,0,0,0,0
247_2NAC.A,0.0,0.03,0.00894,0,2NAC.A,0.01493580827419169,0.02941508595437446,0.016527472558755377,0,0,0,0,0,0
246_2NAC.A,0.0,0.02,0.00967,0,2NAC.A,0.014476005186460868,0.028648997306381426,0.013512582517253874,0,0,0,0,0,0
245_2NAC.A,0.0,0.0,0.00011,0,2NAC.A,0.011911687957688459,0.026762627300463873,0.005682225211340399,0,0,0,0,0,0
64_2UTG.A,0.975,0.0,0.26134,0,2UTG.A,0.23336711643247518,0.1221049242617559,0.23958388092263216,1,0,0,0,0,0
244_2NAC.A,0.0,0.0,0.00028,0,2NAC.A,0.011848029093358583,0.026768934633164074,0.005710001810967875,0,0,0,0,0,0
243_2NAC.A,0.0,0.01,0.00501,0,2NAC.A,0.012233267343734507,0.027694812639666163,0.009617010875798884,0,0,0,0,0,0
242_2NAC.A,0.0,0.02,0.00225,0,2NAC.A,0.013296370411234106,0.02835636179509696,0.012300215639395831,0,0,0,0,0,0
241_2NAC.A,0.0,0.03,0.00051,0,2NAC.A,0.013736795909734542,0.029074223926107444,0.015150080000757628,0,0,0,0,0,0
240_2NAC.A,0.0,0.08,0.00236,0,2NAC.A,0.015030510345898978,0.03341794057168615,0.031123184902095244,0,0,0,0,0,0
239_2NAC.A,0.0,0.2,0.00388,0,2NAC.A,0.03306962183590517,0.04635806849353895,0.068981532718763,0,0,0,0,0,0
238_2NAC.A,0.0,0.0,0.00315,0,2NAC.A,0.012099895023662594,0.026875635709559625,0.006178936169384665,0,0,0,0,0,0
237_2NAC.A,0.0,0.35,0.00579,0,2NAC.A,0.033333712163439076,0.06927348972804503,0.11630610140722283,0,0,0,0,0,0
236_2NAC.A,0.0,0.03,0.00236,0,2NAC.A,0.013988661840038554,0.02914869787861595,0.015452354761409567,0,0,0,0,0,0
235_2NAC.A,0.0,0.0,0.00112,0,2NAC.A,0.011848029093358583,0.026800121501873345,0.005847250891480106,0,0,0,0,0,0
234_2NAC.A,0.0,0.03,0.00259,0,2NAC.A,0.013988661840038554,0.029157969725087596,0.015489934866787916,0,0,0,0,0,0
233_2NAC.A,0.0,0.0,0.00478,0,2NAC.A,0.012260284256119898,0.026936419996279853,0.0064452647422834,0,0,0,0,0,0
232_2NAC.A,0.0,0.07,0.01631,0,2NAC.A,0.0172374725325412,0.03314930413760084,0.030268333961036238,0,0,0,0,0,0
231_2NAC.A,0.0,0.12,0.00236,0,2NAC.A,0.025013204624797614,0.03726220763538003,0.04365984901464378,0,0,0,0,0,0
230_2NAC.A,0.0,0.0,0.00152,0,2NAC.A,0.011848029093358583,0.02681498480778139,0.00591260759648593,0,0,0,0,0,0
229_2NAC.A,0.0,0.0,0.00737,0,2NAC.A,0.012949580032353771,0.027033278652795818,0.006868449407196112,0,0,0,0,0,0
228_2NAC.A,0.0,0.69,0.00995,0,2NAC.A,0.1003937028628135,0.16347892230085898,0.22354745609594598,0,0,0,0,0,0
227_2NAC.A,0.0,0.52,0.00675,0,2NAC.A,0.04461609269496428,0.10747170359616072,0.16974377997756812,0,0,0,0,0,0
60_2UTG.A,0.76,0.98,0.28714,0,2UTG.A,0.49075156454144114,0.6350770269157812,0.5087814565870324,1,1,1,1,1,1
251_2NAC.A,0.0,0.0,0.0,0,2NAC.A,0.011911687957688459,0.026758546855358632,0.005664252117463797,0,0,0,0,0,0
252_2NAC.A,0.0,0.0,0.0,0,2NAC.A,0.011911687957688459,0.026758546855358632,0.005664252117463797,0,0,0,0,0,0
265_2NAC.A,0.0,0.0,6e-05,0,2NAC.A,0.011911687957688459,0.026760772477679055,0.005674055623214671,0,0,0,0,0,0
272_2NAC.A,0.0,0.04,0.00607,0,2NAC.A,0.014615147031704745,0.030111878693237042,0.019192704228475722,0,0,0,0,0,0
53_2UTG.A,0.0,0.0,0.01021,0,2UTG.A,0.013279529798889356,0.02713987581657126,0.007332482012737466,0,0,0,0,0,0
271_2NAC.A,0.0,0.03,0.00815,0,2NAC.A,0.01483834684872973,0.029382978909353392,0.016398393066368876,0,0,0,0,0,0
270_2NAC.A,0.0,0.0,0.00039,0,2NAC.A,0.011848029093358583,0.026773016618739164,0.005727974904844476,0,0,0,0,0,0
54_2UTG.A,0.0,0.91,0.00224,0,2UTG.A,0.22539901516411137,0.26449131304678625,0.29123935822597574,0,0,0,0,0,0
269_2NAC.A,0.0,0.0,0.00028,0,2NAC.A,0.011848029093358583,0.026768934633164074,0.005710001810967875,0,0,0,0,0,0
268_2NAC.A,0.0,0.05,0.00292,0,2NAC.A,0.013988661840038554,0.03081274126124285,0.021812186204691993,0,0,0,0,0,0
56_2UTG.A,0.0,0.97,0.17902,0,2UTG.A,0.3931689658287086,0.35396409859670613,0.33892875017212265,0,0,0,0,0,0
57_2UTG.A,0.0,0.0,0.01314,0,2UTG.A,0.0136725739971429,0.027250279263141407,0.00781121987690513,0,0,0,0,0,0
267_2NAC.A,0.0,0.01,0.00259,0,2NAC.A,0.011880603187566502,0.02760214906027439,0.009221602810513645,0,0,0,0,0,0
266_2NAC.A,0.0,0.01,0.00231,0,2NAC.A,0.011880603187566502,0.027591447117294502,0.009175853117009568,0,0,0,0,0,0
264_2NAC.A,0.0,0.0,0.00034,0,2NAC.A,0.011848029093358583,0.026771161095714105,0.005719805316718748,0,0,0,0,0,0
58_2UTG.A,0.0,0.97,0.00646,0,2UTG.A,0.2530975071900869,0.2999710558518128,0.31073386763260996,0,0,0,0,0,0
263_2NAC.A,0.0,0.06,0.01265,0,2NAC.A,0.015561340813518858,0.03209439294489117,0.026536154082095805,0,0,0,0,0,0
262_2NAC.A,0.0,0.06,0.02323,0,2NAC.A,0.017657550585271863,0.03256581739004425,0.028264838929499863,0,0,0,0,0,0
261_2NAC.A,0.0,0.0,0.00022,0,2NAC.A,0.011911687957688459,0.026766708350688388,0.005700198305217001,0,0,0,0,0,0
260_2NAC.A,0.0,0.26,0.00568,0,2NAC.A,0.033333712163439076,0.05457691971863206,0.08808063406011203,0,0,0,0,0,0
259_2NAC.A,0.0,0.6,0.01316,0,2NAC.A,0.050445654464672945,0.13216421983294435,0.19586444940038353,0,0,0,0,0,0
258_2NAC.A,0.0,0.78,0.01232,0,2NAC.A,0.14479369972220085,0.20177609810590658,0.25214218882633976,0,0,0,0,0,0
257_2NAC.A,0.0,0.84,0.01248,0,2NAC.A,0.16124064189022988,0.23046368179894292,0.27097332767716487,0,0,0,0,0,0
256_2NAC.A,0.0,0.63,0.00332,0,2NAC.A,0.05394432273066364,0.14047885480517663,0.20365917254165167,0,0,0,0,0,0
255_2NAC.A,0.0,0.0,0.00073,0,2NAC.A,0.011848029093358583,0.026785637492549107,0.005783528104099427,0,0,0,0,0,0
254_2NAC.A,0.0,0.0,0.00056,0,2NAC.A,0.011848029093358583,0.02677932633258871,0.005755751504471951,0,0,0,0,0,0
253_2NAC.A,0.0,0.0,0.0,0,2NAC.A,0.011911687957688459,0.026758546855358632,0.005664252117463797,0,0,0,0,0,0
17_3BX7.A,0.0,0.01,0.18629,0,3BX7.A,0.06948625633478982,0.03556334574676772,0.03923666958443852,0,0,0,0,0,0
97_2NAC.A,0.0,0.0,0.00084,0,2NAC.A,0.011848029093358583,0.026789721955026883,0.0058015011979760285,0,0,0,0,0,0
25_1YPI.A,0.0,0.04,0.00289,0,1YPI.A,0.013988661840038554,0.029979882289118055,0.01867311842367942,0,0,0,0,0,0
90_2CFH.C,0.131,0.0,0.05634,0,2CFH.C,0.06152551155562035,0.03403521330773182,0.04056170930188217,1,0,0,0,0,0
119_2CFH.C,0.0,0.0,0.00306,0,2CFH.C,0.012099895023662594,0.02687228341020992,0.006164230910758354,0,0,0,0,0,0
118_2CFH.C,0.0,0.0,0.34655,0,2CFH.C,0.08800598447551249,0.04309944643098652,0.062287667416884955,0,0,1,0,0,0
117_2CFH.C,0.0,0.0,0.02234,0,2CFH.C,0.015768783768895903,0.027599783027991084,0.009314424092039092,0,0,0,0,0,0
116_2CFH.C,0.0,0.02,0.03311,0,2CFH.C,0.02310309727776599,0.02959281973017911,0.017342485430595186,0,0,0,0,0,0
115_2CFH.C,0.0,0.0,0.02975,0,2CFH.C,0.018572762086543865,0.027884448693164574,0.010525157052271989,0,0,0,0,0,0
114_2CFH.C,0.0,0.01,0.32697,0,2CFH.C,0.07894179753464678,0.043113070100177585,0.06222262273498697,0,0,0,0,0,0
113_2CFH.C,0.0,0.02,0.42987,0,2CFH.C,0.08957749460123646,0.05092754234500053,0.08216980112587244,0,0,1,0,0,0
112_2CFH.C,0.0,0.0,0.54581,0,2CFH.C,0.09935500415765562,0.056445179673222906,0.0948451100155364,0,0,1,0,0,0
111_2CFH.C,0.0,0.05,0.8632,0,2CFH.C,0.11995991396314942,0.09768301025099606,0.16237485166071863,0,0,1,1,1,1
104_2CFH.C,0.0,0.01,0.75309,0,2CFH.C,0.10332893150597085,0.07635466490175928,0.13184712057769177,0,0,1,1,1,1
103_2CFH.C,0.0,0.01,0.5725,0,2CFH.C,0.09711979218579422,0.060078054021629905,0.10234020218518718,0,0,1,1,1,0
102_2CFH.C,0.0,0.0,0.28961,0,2CFH.C,0.08248308769043243,0.03987596962174816,0.052984140459305835,0,0,0,0,0,0
101_2CFH.C,0.0,0.0,0.02649,0,2CFH.C,0.016500711000505038,0.02775886151018465,0.00999249990647452,0,0,0,0,0,0
100_2CFH.C,0.0,0.01,0.13117,0,2CFH.C,0.042694717573243404,0.03296667597113149,0.030230515634635916,0,0,0,0,0,0
99_2CFH.C,0.0,0.0,0.03677,0,2CFH.C,0.02408579955763844,0.028156761387430736,0.011672167225124208,0,0,0,0,0,0
98_2CFH.C,0.0,0.02,0.1451,0,2CFH.C,0.04644448350576545,0.03453363930498653,0.03564072891460089,0,0,0,0,0,0
97_2CFH.C,0.0,0.01,0.04675,0,2CFH.C,0.025798434826766484,0.02934142080368385,0.016436983043156665,0,0,0,0,0,0
96_2CFH.C,0.0,0.0,0.0004,0,2CFH.C,0.011848029093358583,0.02677338773835222,0.005729608822469622,0,0,0,0,0,0
95_2CFH.C,0.0,0.02,0.02837,0,2CFH.C,0.01777653845793618,0.02939956081611366,0.016568008476276166,0,0,0,0,0,0
94_2CFH.C,0.0,0.0,0.0001,0,2CFH.C,0.011911687957688459,0.026762256325905186,0.005680591293715253,0,0,0,0,0,0
93_2CFH.C,0.031,0.1,0.04843,0,2CFH.C,0.033254610605531226,0.03905631062198929,0.050998753501803044,0,1,0,0,0,0
37_3BX7.A,0.0,0.0,0.01013,0,3BX7.A,0.013279529798889356,0.027136867494174873,0.007319410671736301,0,0,0,0,0,0
38_3BX7.A,0.0,0.0,0.02888,0,3BX7.A,0.01706502352633818,0.027850879207589715,0.010383006218884322,0,0,0,0,0,0
39_3BX7.A,0.0,0.0,0.11182,0,3BX7.A,0.041185807251393564,0.03123406326914381,0.02393471900184202,0,0,0,0,0,0
92_2CFH.C,0.0,0.0,0.01858,0,2CFH.C,0.020697116727678346,0.02745641915145876,0.008700071064984343,0,0,0,0,0,0
120_2CFH.C,0.0,0.0,0.00949,0,2CFH.C,0.013195090126348879,0.027112812581909788,0.007214839943726983,0,0,0,0,0,0
121_2CFH.C,0.0,0.0,0.54809,0,2CFH.C,0.09963219928245697,0.05661838211059268,0.09521764323406959,0,0,1,0,0,0
122_2CFH.C,0.0,0.0,0.00069,0,2CFH.C,0.011848029093358583,0.026784152383618434,0.005776992433598844,0,0,0,0,0,0
136_2CFH.C,0.0,0.06,0.14718,0,2CFH.C,0.04594296957323331,0.038610959028234665,0.04851724789317971,0,1,0,0,0,0
147_2CFH.C,0.0,0.02,0.2219,0,2CFH.C,0.07804541740390071,0.038372296905998145,0.04818921627571918,0,0,0,0,0,0
146_2CFH.C,0.0,0.07,0.33014,0,2CFH.C,0.09091408906321995,0.05088140189410615,0.08154557079098095,0,1,0,0,0,0
145_2CFH.C,0.0,0.04,0.15548,0,2CFH.C,0.04594296957323331,0.036988536312262454,0.043605067465776304,0,0,0,0,0,0
144_2CFH.C,0.0,0.02,0.09173,0,2CFH.C,0.03745637154843485,0.03208697931996433,0.02692051054919876,0,0,0,0,0,0
143_2CFH.C,0.0,0.02,0.07433,0,2CFH.C,0.03513221167141011,0.03132615426860397,0.024077493881445394,0,0,0,0,0,0
142_2CFH.C,0.0,0.02,0.11258,0,2CFH.C,0.04237308072535742,0.03302220280108954,0.030327228797627358,0,0,0,0,0,0
141_2CFH.C,0.0,0.04,0.034,0,2CFH.C,0.023704311070324766,0.031295646257603824,0.023756236155507416,0,0,0,0,0,0
140_2CFH.C,0.0,0.02,0.11169,0,2CFH.C,0.04237308072535742,0.03298174940223457,0.0301818101289894,0,0,0,0,0,0
139_2CFH.C,0.0,0.0,0.03618,0,2CFH.C,0.023853295957465194,0.028133775659156885,0.011575766085240618,0,0,0,0,0,0
138_2CFH.C,0.0,0.05,0.17031,0,2CFH.C,0.050948610647115575,0.03878677028428881,0.04916233333200438,0,1,0,0,0,0
137_2CFH.C,0.0,0.0,0.05367,0,2CFH.C,0.026965147534841444,0.028822961469532924,0.014433488011620293,0,0,0,0,0,0
135_2CFH.C,0.0,0.0,0.02708,0,2CFH.C,0.016580063070364665,0.027781549683948217,0.010088901046358113,0,0,0,0,0,0
123_2CFH.C,0.0,0.0,0.01354,0,2CFH.C,0.0136725739971429,0.02726538523140656,0.007876576581910955,0,0,0,0,0,0
134_2CFH.C,0.0,0.29,0.03321,0,2CFH.C,0.04133553747847219,0.061332191971150175,0.10198130736654928,0,1,0,1,1,0
133_2CFH.C,0.0,0.0,0.0175,0,2CFH.C,0.015197141762671972,0.02741537411922182,0.008523607961468617,0,0,0,0,0,0
132_2CFH.C,0.0,0.03,0.08115,0,2CFH.C,0.03666887882642928,0.032497873045996356,0.02832599172993184,0,0,0,0,0,0
131_2CFH.C,0.0,0.03,0.08441,0,2CFH.C,0.03666887882642928,0.03264418067230346,0.028858648875729306,0,0,0,0,0,0
130_2CFH.C,0.0,0.0,0.0002,0,2CFH.C,0.011911687957688459,0.026765966296543976,0.005696930469966709,0,0,0,0,0,0
129_2CFH.C,0.0,0.0,0.0,0,2CFH.C,0.011911687957688459,0.026758546855358632,0.005664252117463797,0,0,0,0,0,0
128_2CFH.C,0.0,0.0,0.00277,0,2CFH.C,0.012099895023662594,0.026861484322396566,0.006116847299629131,0,0,0,0,0,0
127_2CFH.C,0.0,0.16,0.14174,0,2CFH.C,0.06284311727996102,0.050191646911540176,0.07897005698647186,0,1,0,0,0,0
126_2CFH.C,0.0,0.0,0.0,0,2CFH.C,0.011911687957688459,0.026758546855358632,0.005664252117463797,0,0,0,0,0,0
125_2CFH.C,0.0,0.0,0.03074,0,2CFH.C,0.019815326539153175,0.027922696260267055,0.010686914897161406,0,0,0,0,0,0
124_2CFH.C,0.0,0.0,0.00158,0,2CFH.C,0.011848029093358583,0.02681721499494065,0.005922411102236804,0,0,0,0,0,0
91_2CFH.C,0.046,0.11,0.12988,0,2CFH.C,0.05194420390209063,0.04567423555685649,0.07038300667274522,0,1,0,0,0,0
89_2CFH.C,0.079,0.08,0.13967,0,2CFH.C,0.06060298369842675,0.04445051297046936,0.06905213573253827,0,1,0,0,0,0
148_2CFH.C,0.0,0.0,0.02125,0,2CFH.C,0.015768783768895903,0.027558148057150556,0.009136327070898221,0,0,0,0,0,0
88_2CFH.C,0.117,0.37,0.07077,0,2CFH.C,0.07042842656876079,0.09120184960763819,0.15613788926244684,0,1,0,1,1,0
43_3BX7.A,0.0,0.39,0.07613,0,3BX7.A,0.0574521093063138,0.08433554541342815,0.14033574209504562,0,1,0,0,0,0
44_3BX7.A,0.0,0.21,0.22038,0,3BX7.A,0.13366213993649453,0.0637260082469581,0.10749001533130262,0,0,0,0,0,0
45_3BX7.A,0.0,0.04,0.06585,0,3BX7.A,0.02916612143214297,0.03270053421734139,0.028960263791596188,0,0,0,0,0,0
59_2CFH.C,0.0,0.01,0.04695,0,2CFH.C,0.025798434826766484,0.029349534810920886,0.016469661395659578,0,0,0,0,0,0
58_2CFH.C,0.0,0.0,0.1022,0,2CFH.C,0.0370694606919121,0.030822122580896907,0.022362890246451942,0,0,0,0,0,0
57_2CFH.C,0.0,0.05,0.11446,0,2CFH.C,0.04246692850968233,0.03592748719321831,0.04003690339556614,0,0,0,0,0,0
56_2CFH.C,0.0,0.01,0.02352,0,2CFH.C,0.015549491932799813,0.028413637630036036,0.01264139239994341,0,0,0,0,0,0
55_2CFH.C,0.0,0.01,0.02086,0,2CFH.C,0.015549491932799813,0.028309234468299978,0.012206770311654676,0,0,0,0,0,0
54_2CFH.C,0.0,0.01,0.14639,0,2CFH.C,0.044618361620009435,0.0336648005178917,0.03271733826010753,0,0,0,0,0,0
53_2CFH.C,0.0,0.01,0.1108,0,2CFH.C,0.04114232055645846,0.03205417793699188,0.026902225432214304,0,0,0,0,0,0
52_2CFH.C,0.0,0.0,0.10131,0,2CFH.C,0.0370694606919121,0.030784278557783356,0.022217471577813983,0,0,0,0,0,0
51_2CFH.C,0.0,0.09,0.41346,0,2CFH.C,0.09356282931148964,0.06003424829983624,0.10142770449996846,0,1,1,1,1,0
46_3BX7.A,0.0,0.94,0.12679,0,3BX7.A,0.27255571964148867,0.3184933731051679,0.3209923003315757,0,1,0,1,1,1
49_2CFH.C,0.0,0.01,0.39142,0,2CFH.C,0.08130217332770664,0.047062926301581584,0.07275322182905045,0,0,1,0,0,0
48_2CFH.C,0.0,0.0,0.00722,0,2CFH.C,0.012949580032353771,0.02702765985228398,0.006843940642818928,0,0,0,0,0,0
47_2CFH.C,0.0,0.01,0.31709,0,2CFH.C,0.07894179753464678,0.0425362562956912,0.06060831212134311,0,0,0,0,0,0
46_2CFH.C,0.0,0.01,0.42611,0,2CFH.C,0.08315485629024573,0.04932906309568477,0.07842128207068057,0,0,1,0,0,0
45_2CFH.C,0.0,0.01,0.27923,0,2CFH.C,0.07662025005454277,0.04039348503178872,0.05442229999254183,0,0,0,0,0,0
44_2CFH.C,0.0,0.0,0.00326,0,2CFH.C,0.012260284256119898,0.02687973351656033,0.0061969092632612665,0,0,0,0,0,0
42_2CFH.C,0.0,0.01,0.84017,0,2CFH.C,0.10743043964387118,0.0855742741453889,0.14607527525745972,0,0,1,1,1,1
41_2CFH.C,0.0,0.0,0.16882,0,2CFH.C,0.049282525059790784,0.03378631999088145,0.033248049465172,0,0,0,0,0,0
40_2CFH.C,0.0,0.0,0.02837,0,2CFH.C,0.016580063070364665,0.027831218797931285,0.010299676420001895,0,0,0,0,0,0
39_2CFH.C,0.0,0.03,0.93783,0,2CFH.C,0.11737129457501312,0.10216665459412971,0.16830044684090606,0,0,1,1,1,1
38_2CFH.C,0.0,0.01,0.34427,0,2CFH.C,0.08214314683962284,0.04414110988680227,0.06504930022648889,0,0,0,0,0,0
37_2CFH.C,0.0,0.0,0.0683,0,2CFH.C,0.02842479903690393,0.029412008560802165,0.01682390949720832,0,0,0,0,0,0
60_2CFH.C,0.0,0.02,0.03934,0,2CFH.C,0.025064963104375133,0.02984870285307887,0.0183604161110609,0,0,0,0,0,0
61_2CFH.C,0.0,0.01,0.02758,0,2CFH.C,0.016360771234268573,0.02857371079853201,0.013304762955752529,0,0,0,0,0,0
62_2CFH.C,0.0,0.01,0.03183,0,2CFH.C,0.01959603470305708,0.028742212669823228,0.013999177946439413,0,0,0,0,0,0
76_2CFH.C,0.0,0.0,0.08441,0,2CFH.C,0.035387757568140506,0.030074149346547417,0.0194561507913179,0,0,0,0,0,0
87_2CFH.C,0.031,0.1,0.12227,0,2CFH.C,0.049073356636930486,0.04320051190803074,0.06306360124587823,0,1,0,0,0,0
86_2CFH.C,0.046,0.1,0.06197,0,2CFH.C,0.03467036439285794,0.04052712838991452,0.056152906052244246,0,1,0,0,0,0
85_2CFH.C,0.079,0.06,0.08461,0,2CFH.C,0.04619021894082115,0.03906170700779557,0.05378745323221227,0,1,0,0,0,0
84_2CFH.C,0.0,0.02,0.03084,0,2CFH.C,0.021011801926724683,0.029500114263383653,0.016971586129687133,0,0,0,0,0,0
83_2CFH.C,0.0,0.01,0.03628,0,2CFH.C,0.02364919588070754,0.028919677346876477,0.01472627128962921,0,0,0,0,0,0
82_2CFH.C,0.0,0.01,0.03114,0,2CFH.C,0.01959603470305708,0.028714790475229415,0.013886437630304366,0,0,0,0,0,0
81_2CFH.C,0.0,0.0,0.01621,0,2CFH.C,0.015004304067479702,0.027366426253256016,0.008312832587824833,0,0,0,0,0,0
80_2CFH.C,0.0,0.01,0.07127,0,2CFH.C,0.03261935218847568,0.030352582552256147,0.020443349060013702,0,0,0,0,0,0
79_2CFH.C,0.0,0.01,0.0342,0,2CFH.C,0.021822602542935065,0.028836595628414646,0.014386416423598922,0,0,0,0,0,0
78_2CFH.C,0.0,0.01,0.14658,0,2CFH.C,0.044618361620009435,0.03367360516154816,0.0327483826949853,0,0,0,0,0,0
77_2CFH.C,0.0,0.0,0.00969,0,2CFH.C,0.013279529798889356,0.02712032751442713,0.0072475182962298944,0,0,0,0,0,0
75_2CFH.C,0.0,0.01,0.18958,0,2CFH.C,0.07010395690358824,0.035724416668366184,0.03977422848311143,0,0,0,0,0,0
63_2CFH.C,0.0,0.01,0.06731,0,2CFH.C,0.027063625160487263,0.030187023025040588,0.01979631768045604,0,0,0,0,0,0
74_2CFH.C,0.0,0.01,0.09509,0,2CFH.C,0.03583249439754008,0.03136715727635798,0.024335340843110547,0,0,0,0,0,0
73_2CFH.C,0.0,0.0,0.0,0,2CFH.C,0.011911687957688459,0.026758546855358632,0.005664252117463797,0,0,0,0,0,0
72_2CFH.C,0.0,0.0,0.02254,0,2CFH.C,0.015768783768895903,0.02760742910528342,0.009347102444542005,0,0,0,0,0,0
71_2CFH.C,0.0,0.01,0.15607,0,2CFH.C,0.044618361620009435,0.03411621251123712,0.03429897052124849,0,0,0,0,0,0
70_2CFH.C,0.0,0.0,0.07463,0,2CFH.C,0.034210235808195356,0.029670476328545685,0.017858179353925495,0,0,0,0,0,0
69_2CFH.C,0.0,0.0,0.01374,0,2CFH.C,0.0136725739971429,0.027272941267416292,0.007909254934413867,0,0,0,0,0,0
68_2CFH.C,0.0,0.0,0.0,0,2CFH.C,0.011911687957688459,0.026758546855358632,0.005664252117463797,0,0,0,0,0,0
67_2CFH.C,0.0,0.0,0.11703,0,2CFH.C,0.04074119871899448,0.03145938129161675,0.024785990084542884,0,0,0,0,0,0
66_2CFH.C,0.0,0.01,0.0771,0,2CFH.C,0.034461525093724056,0.030597924629325854,0.021395923035473594,0,0,0,0,0,0
65_2CFH.C,0.0,0.0,0.00178,0,2CFH.C,0.011878216457422697,0.02682465025490036,0.005955089454739716,0,0,0,0,0,0
64_2CFH.C,0.0,0.0,0.01137,0,2CFH.C,0.01338446577356709,0.02718353293882905,0.007522016457254357,0,0,0,0,0,0
36_3BX7.A,0.0,0.0,0.25206,0,3BX7.A,0.08287072641023377,0.03787799892280996,0.04684877977688407,0,0,0,0,0,0
149_2CFH.C,0.0,0.0,0.0003,0,2CFH.C,0.011848029093358583,0.02676967676733848,0.005713269646218166,0,0,0,0,0,0
96_2NAC.A,0.0,0.0,0.0,0,2NAC.A,0.011911687957688459,0.026758546855358632,0.005664252117463797,0,0,0,0,0,0
47_2NAC.A,0.0,0.17,0.00844,0,2NAC.A,0.02875464114401465,0.04302269130263882,0.060324101071417995,0,0,0,0,0,0
73_2NAC.A,0.0,0.0,0.00388,0,2NAC.A,0.012260284256119898,0.02690284161195131,0.006298212156020294,0,0,0,0,0,0
72_2NAC.A,0.0,0.01,0.00523,0,2NAC.A,0.012507088379232699,0.027703251572293322,0.009652957063552087,0,0,0,0,0,0
71_2NAC.A,0.0,0.01,0.00377,0,2NAC.A,0.012040992420023806,0.027647294435260896,0.009414405090280829,0,0,0,0,0,0
70_2NAC.A,0.0,0.0,0.0027,0,2NAC.A,0.012099895023662594,0.026858878278342112,0.006105409876253113,0,0,0,0,0,0
69_2NAC.A,0.0,0.01,0.00439,0,2NAC.A,0.012040992420023806,0.02767104362764302,0.009515707983039856,0,0,0,0,0,0
68_2NAC.A,0.0,0.01,0.01322,0,2NAC.A,0.013453282161046808,0.028011436725354767,0.01095845724604343,0,0,0,0,0,0
67_2NAC.A,0.0,0.02,0.00697,0,2NAC.A,0.014146055419925281,0.028542175017421977,0.013071424758464558,0,0,0,0,0,0
66_2NAC.A,0.0,0.02,0.00894,0,2NAC.A,0.014243516845387242,0.028620077513122247,0.013393306530618244,0,0,0,0,0,0
65_2NAC.A,0.0,0.01,0.00461,0,2NAC.A,0.012040992420023806,0.027679475523759073,0.00955165417079306,0,0,0,0,0,0
64_2NAC.A,0.0,0.02,0.0077,0,2NAC.A,0.014146055419925281,0.028571018407700446,0.01319070074510019,0,0,0,0,0,0
63_2NAC.A,0.0,0.0,0.00011,0,2NAC.A,0.011911687957688459,0.026762627300463873,0.005682225211340399,0,0,0,0,0,0
62_2NAC.A,0.0,0.0,0.00247,0,2NAC.A,0.012099895023662594,0.026850317293067864,0.006067829770874763,0,0,0,0,0,0
61_2NAC.A,0.0,0.01,0.00557,0,2NAC.A,0.012507088379232699,0.027716298473050807,0.009708510262807038,0,0,0,0,0,0
60_2NAC.A,0.0,0.02,0.00793,0,2NAC.A,0.014146055419925281,0.028580111910706155,0.013228280850478537,0,0,0,0,0,0
59_2NAC.A,0.0,0.0,0.00039,0,2NAC.A,0.011848029093358583,0.026773016618739164,0.005727974904844476,0,0,0,0,0,0
58_2NAC.A,0.0,0.01,0.00214,0,2NAC.A,0.011880603187566502,0.02758495147613498,0.009148076517382094,0,0,0,0,0,0
57_2NAC.A,0.0,0.0,0.00011,0,2NAC.A,0.011911687957688459,0.026762627300463873,0.005682225211340399,0,0,0,0,0,0
56_2NAC.A,0.0,0.03,0.00787,0,2NAC.A,0.01483834684872973,0.02937160735634264,0.016352643372864798,0,0,0,0,0,0
55_2NAC.A,0.0,0.0,0.00337,0,2NAC.A,0.012260284256119898,0.02688383193110464,0.0062148823571378685,0,0,0,0,0,0
54_2NAC.A,0.0,0.04,0.01097,0,2NAC.A,0.015168296615265314,0.03031637237111543,0.019993323864797075,0,0,0,0,0,0
53_2NAC.A,0.0,0.14,0.00579,0,2NAC.A,0.026804981660048504,0.03952554394230777,0.05048861481634301,0,0,0,0,0,0
52_2NAC.A,0.0,0.0,0.00073,0,2NAC.A,0.011848029093358583,0.026785637492549107,0.005783528104099427,0,0,0,0,0,0
51_2NAC.A,0.0,0.0,6e-05,0,2NAC.A,0.011911687957688459,0.026760772477679055,0.005674055623214671,0,0,0,0,0,0
50_2NAC.A,0.0,0.0,0.00169,0,2NAC.A,0.011878216457422697,0.02682130413987477,0.005940384196113406,0,0,0,0,0,0
49_2NAC.A,0.0,0.0,0.00939,0,2NAC.A,0.013047041457815734,0.02710905587481104,0.007198500767475526,0,0,0,0,0,0
74_2NAC.A,0.0,0.03,0.00725,0,2NAC.A,0.01483834684872973,0.029346442674505865,0.01625134048010577,0,0,0,0,0,0
75_2NAC.A,0.0,0.02,0.01018,0,2NAC.A,0.014476005186460868,0.02866921837150875,0.0135959123161363,0,0,0,0,0,0
76_2NAC.A,0.0,0.0,0.01563,0,2NAC.A,0.014242179390557011,0.027344446373559334,0.008218065365566388,0,0,0,0,0,0
89_2NAC.A,0.0,0.04,0.00377,0,2NAC.A,0.014149051072495858,0.03001635337837719,0.018816903174692236,0,0,0,0,0,0
95_2NAC.A,0.0,0.0,0.0,0,2NAC.A,0.011911687957688459,0.026758546855358632,0.005664252117463797,0,0,0,0,0,0
19_3BX7.A,0.0,0.01,0.17275,0,3BX7.A,0.06108415012556411,0.03490779143909258,0.037024345119991364,0,0,0,0,0,0
94_2NAC.A,0.0,0.0,0.0,0,2NAC.A,0.011911687957688459,0.026758546855358632,0.005664252117463797,0,0,0,0,0,0
93_2NAC.A,0.0,0.0,0.0,0,2NAC.A,0.011911687957688459,0.026758546855358632,0.005664252117463797,0,0,0,0,0,0
92_2NAC.A,0.0,0.0,0.00022,0,2NAC.A,0.011911687957688459,0.026766708350688388,0.005700198305217001,0,0,0,0,0,0
91_2NAC.A,0.0,0.0,0.00793,0,2NAC.A,0.012949580032353771,0.027054265543747638,0.006959948794204267,0,0,0,0,0,0
90_2NAC.A,0.0,0.0,0.00011,0,2NAC.A,0.011911687957688459,0.026762627300463873,0.005682225211340399,0,0,0,0,0,0
20_3BX7.A,0.0,0.01,0.23951,0,3BX7.A,0.07628285977485412,0.03825674099525004,0.04793237918546346,0,0,0,0,0,0
21_3BX7.A,0.0,0.02,0.16451,0,3BX7.A,0.04745292356404669,0.03546732636698012,0.03881216302500851,0,0,0,0,0,0
22_3BX7.A,0.0,0.0,0.05579,0,3BX7.A,0.02745692332455934,0.028907604340850476,0.014779878548151161,0,0,0,0,0,0
23_3BX7.A,0.0,0.01,0.0883,0,3BX7.A,0.035344458918297586,0.031074650146741652,0.02322591077563668,0,0,0,0,0,0
24_3BX7.A,0.0,0.01,0.03115,0,3BX7.A,0.01959603470305708,0.02871518771696685,0.013888071547929511,0,0,0,0,0,0
77_2NAC.A,0.0,0.02,0.03234,0,2NAC.A,0.02194617176611415,0.029561341770999103,0.017216673773458972,0,0,0,0,0,0
88_2NAC.A,0.0,0.06,0.00118,0,2NAC.A,0.013736795909734542,0.03159076663858648,0.02466205056605379,0,0,0,0,0,0
87_2NAC.A,0.0,0.0,0.0,0,2NAC.A,0.011911687957688459,0.026758546855358632,0.005664252117463797,0,0,0,0,0,0
86_2NAC.A,0.0,0.02,0.00337,0,2NAC.A,0.01345675964369141,0.028400346517395356,0.012483214413412139,0,0,0,0,0,0
85_2NAC.A,0.0,0.05,0.00562,0,2NAC.A,0.014615147031704745,0.030927790857321457,0.02225334396348131,0,0,0,0,0,0
84_2NAC.A,0.0,0.0,0.00602,0,2NAC.A,0.01272638021532879,0.026982750305146692,0.0066478705278014555,0,0,0,0,0,0
83_2NAC.A,0.0,0.0,0.00028,0,2NAC.A,0.011848029093358583,0.026768934633164074,0.005710001810967875,0,0,0,0,0,0
82_2NAC.A,0.0,0.02,0.00433,0,2NAC.A,0.01345675964369141,0.02843810041744496,0.012640070505426117,0,0,0,0,0,0
81_2NAC.A,0.0,0.0,0.00281,0,2NAC.A,0.012099895023662594,0.026862973600820086,0.006123382970129714,0,0,0,0,0,0
80_2NAC.A,0.0,0.04,0.0167,0,2NAC.A,0.01708590857904793,0.030557211449912525,0.02092955866400551,0,0,0,0,0,0
79_2NAC.A,0.0,0.16,0.02013,0,2NAC.A,0.030604437709972294,0.0425489278982093,0.059099984747076076,0,0,0,0,0,0
78_2NAC.A,0.0,0.06,0.02711,0,2NAC.A,0.018468829886740624,0.03274037422718054,0.02889879896805636,0,0,0,0,0,0
48_2NAC.A,0.022,0.07,0.00709,0,2NAC.A,0.016559633615883432,0.03363501747286736,0.033076543103443254,0,0,0,0,0,0
46_2NAC.A,0.0,0.4,0.00321,0,2NAC.A,0.03742689895640021,0.07867495075617284,0.13155538080062096,0,0,0,0,0,0
150_2CFH.C,0.0,0.01,0.0683,0,2CFH.C,0.02798819535997302,0.030228330697827103,0.019958075525345457,0,0,0,0,0,0
45_2NAC.A,0.0,0.78,0.00579,0,2NAC.A,0.14462765351104712,0.20028226832178658,0.25107524061711967,0,0,0,0,0,0
18_2NAC.A,0.262,0.82,0.05854,0,2NAC.A,0.274745798586032,0.2971463151822777,0.32361475077100726,1,0,0,0,0,0
17_2NAC.A,0.119,0.34,0.02053,0,2NAC.A,0.05909816084147626,0.07924159367404737,0.1389188327741031,0,0,0,0,0,0
16_2NAC.A,0.199,0.63,0.02278,0,2NAC.A,0.13035121138346592,0.17818447284605282,0.24586702884770606,1,0,0,0,0,0
15_2NAC.A,0.199,0.94,0.01462,0,2NAC.A,0.30271910250761613,0.33949124938730213,0.34169289893783844,1,1,0,0,0,1
14_2NAC.A,0.0,0.96,0.01406,0,2NAC.A,0.2523525182252085,0.2963314139804668,0.3088414789995835,0,1,0,0,0,0
13_2NAC.A,0.0,0.82,0.04195,0,2NAC.A,0.15705748560849023,0.22790885099465658,0.26952015086219466,0,0,0,0,0,0
33_3BX7.A,0.0,0.0,0.02548,0,3BX7.A,0.016500711000505038,0.02772006420677592,0.009827474226334815,0,0,0,0,0,0
34_3BX7.A,0.0,0.0,0.01338,0,3BX7.A,0.0136725739971429,0.02725934186764825,0.007850433899908624,0,0,0,0,0,0
10_2NAC.A,0.0,0.93,0.01192,0,2NAC.A,0.23590730819299058,0.2783761283940124,0.299089322543391,0,0,0,0,0,0
35_3BX7.A,0.0,0.0,0.00106,0,3BX7.A,0.011848029093358583,0.02679789269710808,0.005837447385729232,0,0,0,0,0,0
8_2NAC.A,0.0,0.74,0.00624,0,2NAC.A,0.12894832952712793,0.1829089559546625,0.23861210279770267,0,0,0,0,0,0
7_2NAC.A,0.0,0.0,0.0,0,2NAC.A,0.011911687957688459,0.026758546855358632,0.005664252117463797,0,0,0,0,0,0
6_2NAC.A,0.0,0.0,0.0,0,2NAC.A,0.011911687957688459,0.026758546855358632,0.005664252117463797,0,0,0,0,0,0
5_2NAC.A,0.0,0.0,0.0,0,2NAC.A,0.011911687957688459,0.026758546855358632,0.005664252117463797,0,0,0,0,0,0
4_2NAC.A,0.0,0.0,0.0,0,2NAC.A,0.011911687957688459,0.026758546855358632,0.005664252117463797,0,0,0,0,0,0
3_2NAC.A,0.0,0.0,0.0,0,2NAC.A,0.011911687957688459,0.026758546855358632,0.005664252117463797,0,0,0,0,0,0
2_2NAC.A,0.0,0.0,0.00259,0,2NAC.A,0.012099895023662594,0.026854783562976138,0.006087436782376511,0,0,0,0,0,0
1_2NAC.A,0.0,0.09,0.01052,0,2NAC.A,0.01613251593278892,0.03472902377093822,0.0355906277123512,0,0,0,0,0,0
157_2CFH.C,0.0,0.49,0.13907,0,2CFH.C,0.08101771438542707,0.11784246510000772,0.18196127990908345,0,1,0,1,1,0
156_2CFH.C,0.079,0.03,0.17248,0,2CFH.C,0.06992248527484836,0.0406105676907573,0.05874218931995534,0,0,0,0,0,0
155_2CFH.C,0.031,0.0,0.0766,0,2CFH.C,0.03404152287081805,0.030919262898593966,0.024259839170466875,0,0,0,0,0,0
154_2CFH.C,0.079,0.02,0.17446,0,2CFH.C,0.06767635498461952,0.03963249725341881,0.05593153898159704,0,0,0,0,0,0
153_2CFH.C,0.0,0.0,0.00998,0,2CFH.C,0.013279529798889356,0.027131227763361306,0.007294901907359117,0,0,0,0,0,0
152_2CFH.C,0.0,0.03,0.12523,0,2CFH.C,0.04335621980369919,0.03453088012999546,0.035528300621573694,0,0,0,0,0,0
151_2CFH.C,0.0,0.0,0.00791,0,2CFH.C,0.012949580032353771,0.027053515739248715,0.006956680958953976,0,0,0,0,0,0
32_3BX7.A,0.153,0.0,0.03107,0,3BX7.A,0.08211079501556107,0.0337793308881266,0.04074748065593048,1,0,0,0,0,0
31_3BX7.A,0.0,0.0,0.00129,0,3BX7.A,0.011848029093358583,0.02680643742770096,0.005875027491107581,0,0,0,0,0,0
30_3BX7.A,0.148,0.03,0.07092,0,3BX7.A,0.09343202791019058,0.03847411436109317,0.055680531114549126,1,0,0,0,0,0
33_2NAC.A,0.0,0.88,0.01282,0,2NAC.A,0.17616210834908894,0.25117812642037457,0.2835655449889684,0,0,0,0,0,0
44_2NAC.A,0.0,0.0,0.00562,0,2NAC.A,0.01272638021532879,0.026967796585184497,0.006582513822795631,0,0,0,0,0,0
43_2NAC.A,0.0,0.06,0.00506,0,2NAC.A,0.014615147031704745,0.03176026866153691,0.025296010604610286,0,0,0,0,0,0
42_2NAC.A,0.0,0.11,0.00337,0,2NAC.A,0.024373907450344286,0.036313344728458485,0.040690708666646355,0,0,0,0,0,0
41_2NAC.A,0.0,0.04,0.00242,0,2NAC.A,0.013988661840038554,0.02996042100863365,0.018596324295297575,0,0,0,0,0,0
40_2NAC.A,0.0,0.13,0.00444,0,2NAC.A,0.025680579340881703,0.0383970501448128,0.04713386990881121,0,0,0,0,0,0
39_2NAC.A,0.0,0.13,0.00186,0,2NAC.A,0.0252985115421845,0.038261600973642076,0.046712319161523644,0,0,0,0,0,0
38_2NAC.A,0.0,0.24,0.00236,0,2NAC.A,0.03270722697177288,0.051505567120474965,0.0812698413522894,0,0,0,0,0,0
37_2NAC.A,0.0,0.0,0.00141,0,2NAC.A,0.011848029093358583,0.02681089659974277,0.0058946345026093284,0,0,0,0,0,0
36_2NAC.A,0.0,0.4,0.00231,0,2NAC.A,0.037266509723942916,0.07858208473299398,0.13140832821435786,0,0,0,0,0,0
35_2NAC.A,0.0,0.45,0.0045,0,2NAC.A,0.041036722296763466,0.0896789741296255,0.1474369863149504,0,0,0,0,0,0
34_2NAC.A,0.0,0.49,0.00922,0,2NAC.A,0.04423017545641485,0.09993324791979162,0.1607448595465677,0,0,0,0,0,0
32_2NAC.A,0.0,0.68,0.0176,0,2NAC.A,0.09685704454766088,0.161123849381383,0.2216632370510453,0,0,0,0,0,0
29_3BX7.A,0.032,0.03,0.05133,0,3BX7.A,0.027241124418650804,0.03245128766701416,0.029729549288534923,0,0,0,0,0,0
25_3BX7.A,0.0,0.01,0.06018,0,3BX7.A,0.027020319647628438,0.029891135599749152,0.01863133441372722,0,0,0,0,0,0
31_2NAC.A,0.0,0.49,0.02306,0,2NAC.A,0.04669406601976171,0.10172033074041416,0.16300620153976922,0,0,0,0,0,0
26_3BX7.A,0.0,0.01,0.09027,0,3BX7.A,0.03546869549628163,0.031159243030760526,0.023547792547790363,0,0,0,0,0,0
30_2NAC.A,0.0,0.0,0.00956,0,2NAC.A,0.013195090126348879,0.027115442577995807,0.007226277367103001,0,0,0,0,0,0
29_2NAC.A,0.0,0.97,0.0266,0,2NAC.A,0.25564924334688066,0.3060289754336946,0.31402457772965325,0,1,0,0,0,0
28_2NAC.A,0.0,0.34,0.02255,0,2NAC.A,0.03540670854642171,0.06899375578945861,0.11591038131882976,0,0,0,0,0,0
27_3BX7.A,0.0,0.0,0.00287,0,3BX7.A,0.012099895023662594,0.0268652076690013,0.006133186475880587,0,0,0,0,0,0
26_2NAC.A,0.0,0.55,0.07013,0,2NAC.A,0.07681926001027413,0.12543871800529727,0.1895020479701524,0,0,0,0,0,0
28_3BX7.A,0.112,0.01,0.07039,0,3BX7.A,0.044325980797156654,0.0348294979734997,0.04226521401775643,1,0,0,0,0,0
24_2NAC.A,0.0,0.95,0.04651,0,2NAC.A,0.24292479835789815,0.3000985446944627,0.31100937566504383,0,1,0,0,0,0
23_2NAC.A,0.0,0.5,0.06602,0,2NAC.A,0.06804116425941509,0.11018540692042522,0.1731596776855319,0,0,0,0,0,0
323_2NAC.A,0.0,0.83,0.04634,0,2NAC.A,0.16177680272158518,0.23403133679491916,0.2733716067277708,0,0,0,0,0,0
324_2NAC.A,0.0,0.0,0.02846,0,2NAC.A,0.016580063070364665,0.027834687302111204,0.010314381678628207,0,0,0,0,0,0
40_2UTG.A,0.76,0.98,0.15085,0,2UTG.A,0.4678282792173692,0.589026640005423,0.48651279327392294,1,0,0,1,1,1
222_2PCB.A,0.0,0.0,0.03186,0,2PCB.A,0.019815326539153175,0.027966027667168318,0.010869913671177714,0,0,0,0,0,0
248_2PCB.A,0.0,0.0,0.0,0,2PCB.A,0.011911687957688459,0.026758546855358632,0.005664252117463797,0,0,0,0,0,0
247_2PCB.A,0.0,0.0,0.00988,0,2PCB.A,0.013279529798889356,0.027127468575831867,0.007278562731107661,0,0,0,0,0,0
246_2PCB.A,0.0,0.02,0.06665,0,2PCB.A,0.028479392384154867,0.030995921381405788,0.022822645145333567,0,0,0,0,0,0
245_2PCB.A,0.0,0.15,0.28398,0,2PCB.A,0.12267328622364185,0.059187246569585385,0.09907673525840588,0,1,0,1,1,1
244_2PCB.A,0.0,0.0,0.00181,0,2PCB.A,0.011878216457422697,0.026825765716782062,0.005959991207615153,0,0,0,0,0,0
243_2PCB.A,0.0,0.01,0.11855,0,2PCB.A,0.040697712024059376,0.03239843398180405,0.028168511591702153,0,0,0,0,0,0
242_2PCB.A,0.0,0.02,0.28315,0,2PCB.A,0.08092432443296793,0.041724228310011345,0.05819696172973605,0,0,0,0,0,0
241_2PCB.A,0.0,0.0,0.22054,0,2PCB.A,0.08046612663723578,0.036275441455354884,0.04169867142242511,0,0,0,0,0,0
240_2PCB.A,0.0,0.01,0.54195,0,2PCB.A,0.09437136606436175,0.05766750214038018,0.09734858384036733,0,0,1,1,1,1
239_2PCB.A,0.0,0.11,0.40309,0,2PCB.A,0.11209605476820421,0.06242901912369561,0.10600166397896672,0,1,1,1,1,1
238_2PCB.A,0.0,0.0,0.0,0,2PCB.A,0.011911687957688459,0.026758546855358632,0.005664252117463797,0,0,0,0,0,0
237_2PCB.A,0.0,0.0,0.04731,0,2PCB.A,0.02623503850369739,0.028570473318558363,0.013394316402027682,0,0,0,0,0,0
236_2PCB.A,0.04,0.03,0.54292,0,2PCB.A,0.1005110783675649,0.06388763361905354,0.11162028080226484,1,0,1,1,1,1
235_2PCB.A,0.0,0.0,0.0,0,2PCB.A,0.011911687957688459,0.026758546855358632,0.005664252117463797,0,0,0,0,0,0
234_2PCB.A,0.0,0.0,0.00292,0,2PCB.A,0.012099895023662594,0.026867069530494826,0.006141356064006316,0,0,0,0,0,0
233_2PCB.A,0.0,0.01,0.07347,0,2PCB.A,0.03329736814393381,0.030444939789770604,0.020802810937545737,0,0,0,0,0,0
232_2PCB.A,0.0,0.0,0.00097,0,2PCB.A,0.011848029093358583,0.026794549827929833,0.005822742127102922,0,0,0,0,0,0
231_2PCB.A,0.0,0.0,0.0,0,2PCB.A,0.011911687957688459,0.026758546855358632,0.005664252117463797,0,0,0,0,0,0
230_2PCB.A,0.0,0.0,0.0071,0,2PCB.A,0.012949580032353771,0.027023165629386746,0.006824333631317181,0,0,0,0,0,0
229_2PCB.A,0.0,0.02,0.42758,0,2PCB.A,0.08836966336130453,0.05077012554950404,0.08179563398971411,0,0,1,1,1,0
228_2PCB.A,0.0,0.01,0.31863,0,2PCB.A,0.07894179753464678,0.04262567691455639,0.06085993543561554,0,0,0,0,0,0
227_2PCB.A,0.0,0.01,0.41979,0,2PCB.A,0.08315485629024573,0.04890863810758959,0.07738864613158855,0,0,1,0,0,0
226_2PCB.A,0.0,0.01,0.30166,0,2PCB.A,0.07701457504023575,0.04165015101113006,0.058087177225743435,0,0,0,0,0,0
225_2PCB.A,0.019,0.0,0.06776,0,2PCB.A,0.02681705315916811,0.030092332819955856,0.020461993521042915,0,0,0,0,0,0
224_2PCB.A,0.02,0.01,0.06442,0,2PCB.A,0.026601237226503215,0.03082292158575512,0.02324655293478102,0,0,0,0,0,0
249_2PCB.A,0.0,0.01,0.25769,0,2PCB.A,0.07662025005454277,0.039220924694987364,0.05090284142797818,0,0,0,0,0,0
250_2PCB.A,0.0,0.01,0.02825,0,2PCB.A,0.016360771234268573,0.028600210819514627,0.013414235436637284,0,0,0,0,0,0
251_2PCB.A,0.0,0.0,0.00125,0,2PCB.A,0.011848029093358583,0.026804951197297235,0.005868491820606999,0,0,0,0,0,0
265_2PCB.A,0.0,0.0,0.00209,0,2PCB.A,0.012099895023662594,0.026836178869691564,0.00600574090111923,0,0,0,0,0,0
276_2PCB.A,0.0,0.01,0.17921,0,2PCB.A,0.06472733780088874,0.03521909394070421,0.03807985590583543,0,0,0,0,0,0
275_2PCB.A,0.0,0.01,0.15765,0,2PCB.A,0.045102216742351764,0.03419044562572866,0.034557129506021494,0,0,0,0,0,0
274_2PCB.A,0.0,0.0,0.09795,0,2PCB.A,0.036791959111101655,0.030641811879054324,0.021668475255765058,0,0,0,0,0,0
273_2PCB.A,0.0,0.01,0.08488,0,2PCB.A,0.035344458918297586,0.030928321123841834,0.02266711094783688,0,0,0,0,0,0
272_2PCB.A,0.0,0.0,0.07194,0,2PCB.A,0.033055955865406585,0.029560369779517304,0.017418655512761325,0,0,0,0,0,0
271_2PCB.A,0.0,0.01,0.10018,0,2PCB.A,0.0366328570149812,0.03158817533071464,0.025167004914309666,0,0,0,0,0,0
270_2PCB.A,0.0,0.0,0.0,0,2PCB.A,0.011911687957688459,0.026758546855358632,0.005664252117463797,0,0,0,0,0,0
269_2PCB.A,0.0,0.0,0.0,0,2PCB.A,0.011911687957688459,0.026758546855358632,0.005664252117463797,0,0,0,0,0,0
268_2PCB.A,0.0,0.01,0.08501,0,2PCB.A,0.035344458918297586,0.030933871122141042,0.02268835187696377,0,0,0,0,0,0
267_2PCB.A,0.0,0.0,0.09517,0,2PCB.A,0.03626909807447098,0.03052442052189997,0.02121424615597458,0,0,0,0,0,0
266_2PCB.A,0.0,0.0,0.0,0,2PCB.A,0.011911687957688459,0.026758546855358632,0.005664252117463797,0,0,0,0,0,0
264_2PCB.A,0.0,0.01,0.14999,0,2PCB.A,0.044618361620009435,0.033832003728744245,0.033305548605159954,0,0,0,0,0,0
252_2PCB.A,0.0,0.0,0.06498,0,2PCB.A,0.027721016581684174,0.029277319890717236,0.016281448845659977,0,0,0,0,0,0
263_2PCB.A,0.0,0.0,0.06776,0,2PCB.A,0.02750022883741817,0.029390060522622333,0.01673567794545046,0,0,0,0,0,0
262_2PCB.A,0.0,0.0,0.0,0,2PCB.A,0.011911687957688459,0.026758546855358632,0.005664252117463797,0,0,0,0,0,0
261_2PCB.A,0.0,0.0,0.00932,0,2PCB.A,0.013047041457815734,0.027106426480928265,0.007187063344099506,0,0,0,0,0,0
260_2PCB.A,0.0,0.01,0.15125,0,2PCB.A,0.044618361620009435,0.033890713961867276,0.0335114222259283,0,0,0,0,0,0
259_2PCB.A,0.0,0.0,0.11201,0,2PCB.A,0.041185807251393564,0.03124225273488434,0.023965763436719786,0,0,0,0,0,0
258_2PCB.A,0.0,0.0,0.0,0,2PCB.A,0.011911687957688459,0.026758546855358632,0.005664252117463797,0,0,0,0,0,0
257_2PCB.A,0.0,0.01,0.02755,0,2PCB.A,0.016360771234268573,0.028572524788031566,0.013299861202877091,0,0,0,0,0,0
256_2PCB.A,0.0,0.01,0.14554,0,2PCB.A,0.044618361620009435,0.03362543852052271,0.03257845526197016,0,0,0,0,0,0
255_2PCB.A,0.0,0.02,0.12453,0,2PCB.A,0.04326237201937429,0.03357003180268823,0.03227976035967636,0,0,0,0,0,0
254_2PCB.A,0.0,0.01,0.06679,0,2PCB.A,0.027063625160487263,0.030165347978387456,0.01971135396394847,0,0,0,0,0,0
253_2PCB.A,0.0,0.01,0.10616,0,2PCB.A,0.039796117318053714,0.031849763937986914,0.02614408765414674,0,0,0,0,0,0
223_2PCB.A,0.052,0.01,0.51412,0,2PCB.A,0.08942252806742713,0.05915072485531832,0.10299972845436645,1,0,1,1,1,1
221_2PCB.A,0.04,0.01,0.22735,0,2PCB.A,0.0686623416745849,0.03952441606276276,0.05379041024927052,1,0,0,0,0,0
278_2PCB.A,0.0,0.01,0.40879,0,2PCB.A,0.08130217332770664,0.04818498124557211,0.07559133674392837,0,0,1,0,0,0
220_2PCB.A,0.04,0.02,0.07861,0,2PCB.A,0.03689648833968252,0.03311345612878735,0.03262168552099184,1,0,0,0,0,0
190_2PCB.A,0.009,0.01,0.18464,0,2PCB.A,0.07207553652905717,0.035879493552286354,0.04073217002788592,0,0,0,0,0,0
189_2PCB.A,0.0,0.0,0.0782,0,2PCB.A,0.03489812877065496,0.029817216975975447,0.018441487946102477,0,0,0,0,0,0
188_2PCB.A,0.0,0.01,0.15361,0,2PCB.A,0.044618361620009435,0.03400094377270283,0.033897026785462664,0,0,0,0,0,0
187_2PCB.A,0.0,0.0,0.04425,0,2PCB.A,0.026105880259911896,0.02844975933041423,0.012894337608733125,0,0,0,0,0,0
186_2PCB.A,0.0,0.0,0.06039,0,2PCB.A,0.02745692332455934,0.029092093551625387,0.015531480655718143,0,0,0,0,0,0
185_2PCB.A,0.0,0.01,0.06178,0,2PCB.A,0.027020319647628438,0.029957288323286826,0.01889276123375052,0,0,0,0,0,0
184_2PCB.A,0.0,0.01,0.13761,0,2PCB.A,0.044618361620009435,0.03326034854114523,0.03128275858522969,0,0,0,0,0,0
183_2PCB.A,0.0,0.01,0.28134,0,2PCB.A,0.07662025005454277,0.04051013548993419,0.05476705661144755,0,0,0,0,0,0
182_2PCB.A,0.009,0.01,0.09128,0,2PCB.A,0.03601830328228067,0.031553081333876284,0.025477915079526497,0,0,0,0,0,0
181_2PCB.A,0.0,0.0,0.0384,0,2PCB.A,0.02408579955763844,0.028220359153025985,0.011938495798022943,0,0,0,0,0,0
180_2PCB.A,0.0,0.0,0.00362,0,2PCB.A,0.012260284256119898,0.026893148769523364,0.006255730297766509,0,0,0,0,0,0
179_2PCB.A,0.011,0.01,0.14164,0,2PCB.A,0.04648396380923875,0.03390390402448583,0.034098567984559,0,0,0,0,0,0
178_2PCB.A,0.0,0.0,0.00306,0,2PCB.A,0.012099895023662594,0.02687228341020992,0.006164230910758354,0,0,0,0,0,0
177_2PCB.A,0.0,0.0,0.0,0,2PCB.A,0.011911687957688459,0.026758546855358632,0.005664252117463797,0,0,0,0,0,0
176_2PCB.A,0.0,0.0,0.00097,0,2PCB.A,0.011848029093358583,0.026794549827929833,0.005822742127102922,0,0,0,0,0,0
175_2PCB.A,0.0,0.01,0.0,0,2PCB.A,0.011692396121592365,0.027503309789948846,0.008798418145600933,0,0,0,0,0,0
174_2PCB.A,0.0,0.01,0.0,0,2PCB.A,0.011692396121592365,0.027503309789948846,0.008798418145600933,0,0,0,0,0,0
173_2PCB.A,0.0,0.0,0.0,0,2PCB.A,0.011911687957688459,0.026758546855358632,0.005664252117463797,0,0,0,0,0,0
172_2PCB.A,0.0,0.0,0.0,0,2PCB.A,0.011911687957688459,0.026758546855358632,0.005664252117463797,0,0,0,0,0,0
171_2PCB.A,0.0,0.0,0.0,0,2PCB.A,0.011911687957688459,0.026758546855358632,0.005664252117463797,0,0,0,0,0,0
170_2PCB.A,0.0,0.0,0.0,0,2PCB.A,0.011911687957688459,0.026758546855358632,0.005664252117463797,0,0,0,0,0,0
169_2PCB.A,0.0,0.0,0.0,0,2PCB.A,0.011911687957688459,0.026758546855358632,0.005664252117463797,0,0,0,0,0,0
168_2PCB.A,0.0,0.0,0.00097,0,2PCB.A,0.011848029093358583,0.026794549827929833,0.005822742127102922,0,0,0,0,0,0
167_2PCB.A,0.0,0.01,0.03381,0,2PCB.A,0.021822602542935065,0.028821043609558623,0.014322693636218244,0,0,0,0,0,0
166_2PCB.A,0.0,0.04,0.02477,0,2PCB.A,0.018177247304067005,0.030899548474947188,0.022248130187498015,0,1,0,0,0,0
191_2PCB.A,0.009,0.0,0.0,0,2PCB.A,0.013136410593873174,0.027060418382272147,0.007429348969060225,0,0,0,0,0,0
192_2PCB.A,0.0,0.0,0.13163,0,2PCB.A,0.042738204268178516,0.03209919972189474,0.027171509817255475,0,0,0,0,0,0
193_2PCB.A,0.088,0.01,0.51537,0,2PCB.A,0.09743190860651028,0.061873068894906645,0.11026435556389536,1,0,1,1,1,1
208_2PCB.A,0.009,0.01,0.26729,0,2PCB.A,0.0784853959670591,0.04018169322252354,0.054236499199714405,0,0,0,0,0,0
219_2PCB.A,0.04,0.03,0.08515,0,2PCB.A,0.03813851021863656,0.0343364305563585,0.036824433675974204,1,0,0,0,0,0
218_2PCB.A,0.0,0.06,0.07708,0,2PCB.A,0.03617925002894373,0.03507079542205912,0.037063485340908975,0,1,0,0,0,0
217_2PCB.A,0.0,0.33,0.11062,0,2PCB.A,0.060265851627525915,0.07550628218054117,0.12716612781535003,0,1,0,1,1,0
216_2PCB.A,0.016,0.0,0.02143,0,2PCB.A,0.01694485736407208,0.028119740261357915,0.012303687546544491,0,0,0,0,0,0
215_2PCB.A,0.04,0.03,0.08154,0,2PCB.A,0.03774520519154858,0.03416635254000668,0.03623458941329664,1,0,0,0,0,0
214_2PCB.A,0.014,0.02,0.08265,0,2PCB.A,0.03584967381769172,0.03224264382929433,0.028182619559160987,0,0,0,0,0,0
213_2PCB.A,0.111,0.02,0.35801,0,2PCB.A,0.09202510020535543,0.05288765640022019,0.09219799690793204,1,0,1,1,1,1
212_2PCB.A,0.02,0.01,0.34827,0,2PCB.A,0.07830791849729414,0.0454814306370821,0.06962530472453919,0,0,0,0,0,0
211_2PCB.A,0.02,0.0,0.39627,0,2PCB.A,0.08500996890887408,0.04725653029745592,0.074333943297101,0,0,1,0,0,0
210_2PCB.A,0.011,0.01,0.41992,0,2PCB.A,0.08544893973911978,0.04957697291940972,0.07956722765711108,0,0,1,0,0,0
209_2PCB.A,0.009,0.01,0.39933,0,2PCB.A,0.08484750552782944,0.04809583530453426,0.07581074752213705,0,0,1,0,0,0
207_2PCB.A,0.009,0.01,0.27591,0,2PCB.A,0.0784853959670591,0.04065787993866435,0.055644936192589915,0,0,0,0,0,0
194_2PCB.A,0.117,0.02,0.36872,0,2PCB.A,0.09687733876026076,0.054048578223885965,0.0951246539188606,1,0,1,1,1,1
206_2PCB.A,0.0,0.0,0.15612,0,2PCB.A,0.045025575317570905,0.033200777411644754,0.03117297408123708,0,0,0,0,0,0
205_2PCB.A,0.009,0.0,0.10394,0,2PCB.A,0.039809144844209186,0.03124329157153564,0.024412288764823705,0,0,0,0,0,0
204_2PCB.A,0.0,0.01,0.11145,0,2PCB.A,0.04114232055645846,0.03208291462645125,0.02700843007784877,0,0,0,0,0,0
203_2PCB.A,0.0,0.0,0.00014,0,2PCB.A,0.011911687957688459,0.02676374025414609,0.0056871269642158355,0,0,0,0,0,0
202_2PCB.A,0.0,0.0,0.00042,0,2PCB.A,0.011848029093358583,0.02677412999258686,0.005732876657719913,0,0,0,0,0,0
201_2PCB.A,0.0,0.0,0.16739,0,2PCB.A,0.0464573992944542,0.03371989411347425,0.033014399244776185,0,0,0,0,0,0
200_2PCB.A,0.0,0.0,0.06025,0,2PCB.A,0.02745692332455934,0.029086461847894474,0.015508605808966104,0,0,0,0,0,0
199_2PCB.A,0.112,0.01,0.12564,0,2PCB.A,0.05207724211057161,0.03757389078654409,0.05129260889668593,1,0,0,0,0,0
198_2PCB.A,0.0,0.0,0.03089,0,2PCB.A,0.019815326539153175,0.027928495789565935,0.010711423661538589,0,0,0,0,0,0
197_2PCB.A,0.112,0.05,0.31167,0,2PCB.A,0.09312766665611064,0.05389505773834973,0.09422504258981829,1,1,0,1,1,1
196_2PCB.A,0.185,0.02,0.37039,0,2PCB.A,0.1875893781494465,0.05881038602729189,0.10873380548543292,1,0,1,1,1,1
277_2PCB.A,0.0,0.01,0.22735,0,2PCB.A,0.07460328900134612,0.03762457640535284,0.045945535353286396,0,0,0,0,0,0
279_2PCB.A,0.0,0.01,0.27508,0,2PCB.A,0.07662025005454277,0.040164992162351774,0.0537442241781064,0,0,0,0,0,0
325_2NAC.A,0.0,0.36,0.06535,0,2NAC.A,0.047930206156392756,0.0769267939914777,0.12917188081072722,0,0,0,0,0,0
49_2SIC.I,0.0,0.0,0.00231,0,2SIC.I,0.012099895023662594,0.026844363390086272,0.006041687088872433,0,0,0,0,0,0
77_2SIC.I,0.078,0.0,0.39686,0,2SIC.I,0.09186166369337817,0.05075674656910507,0.08580541303616156,1,0,1,0,0,0
76_2SIC.I,0.185,0.93,0.2046,0,2SIC.I,0.39843499734141374,0.39147272812341893,0.3668541937386232,1,1,0,1,1,1
109_2SIC.I,0.0,0.0,0.04491,0,2SIC.I,0.026105880259911896,0.028475753733447774,0.013002176171992737,0,0,0,0,0,0
110_2SIC.I,0.0,0.0,0.00169,0,2SIC.I,0.011878216457422697,0.02682130413987477,0.005940384196113406,0,0,0,0,0,0
111_2SIC.I,0.0,0.0,0.0245,0,2SIC.I,0.016190783381551558,0.027682469656556113,0.009667350299070544,0,0,0,0,0,0
112_2SIC.I,0.0,0.06,0.07793,0,2SIC.I,0.03617925002894373,0.03511178788271876,0.03720236833904635,0,0,0,0,0,0
113_2SIC.I,0.0,0.0,0.05832,0,2SIC.I,0.02745692332455934,0.029008932488875698,0.015193259707313,0,0,0,0,0,0
1_2UTG.A,0.68,0.93,0.48839,0,2UTG.A,0.502800305800354,0.645000541159186,0.510303468860434,1,0,1,1,1,1
2_2UTG.A,0.975,0.99,0.60013,0,2UTG.A,0.576748443622489,0.7864179990355148,0.6052218129305167,1,1,1,1,1,1
66_2SIC.I,0.044,0.13,0.04633,0,2SIC.I,0.03479213703882515,0.04291805550949575,0.06260771322612871,1,0,0,0,0,0
4_2UTG.A,0.214,0.96,0.16696,0,2UTG.A,0.3708632720337902,0.40783190526592145,0.37579416018157497,0,0,0,0,0,0
64_2SIC.I,0.012,0.05,0.08956,0,2SIC.I,0.03709065807510382,0.03523795903038428,0.038321910977748806,0,0,0,0,0,0
63_2SIC.I,0.012,0.0,0.05912,0,2SIC.I,0.026773747646309277,0.029477627430671383,0.017677435586119887,0,0,0,0,0,0
62_2SIC.I,0.0,0.04,0.09347,0,2SIC.I,0.03755021933275975,0.033968010720190546,0.033473144272248366,0,0,0,0,0,0
61_2SIC.I,0.0,0.02,0.2275,0,2SIC.I,0.07804541740390071,0.0386676979434235,0.04910421014580072,0,0,0,0,0,0
60_2SIC.I,0.0,0.0,0.0474,0,2SIC.I,0.02623503850369739,0.028574031245449015,0.013409021660653993,0,0,0,0,0,0
59_2SIC.I,0.032,0.05,0.14433,0,2SIC.I,0.043902550514207626,0.038935674463542645,0.05119331525866338,0,0,0,0,0,0
58_2SIC.I,0.032,0.0,0.07563,0,2SIC.I,0.0335482093854014,0.030916247701403683,0.024297471033227352,0,0,0,0,0,0
57_2SIC.I,0.0,0.26,0.23549,0,2SIC.I,0.14035200422896987,0.07414434535930324,0.1256296950035833,0,0,0,0,0,0
56_2SIC.I,0.0,0.38,0.14708,0,2SIC.I,0.06809583722117439,0.0901330987069396,0.1487942216173166,0,0,0,0,0,0
55_2SIC.I,0.0,0.11,0.20442,0,2SIC.I,0.10328343305062258,0.047778284499079435,0.07354062252019887,0,0,0,0,0,0
54_2SIC.I,0.0,0.16,0.27889,0,2SIC.I,0.1267825418113857,0.06036569721098855,0.10137923721534392,0,0,0,0,0,0
53_2SIC.I,0.0,0.0,0.06631,0,2SIC.I,0.027819069417128316,0.029331204528385155,0.016498759889804343,0,0,0,0,0,0
52_2SIC.I,0.0,0.05,0.03835,0,2SIC.I,0.02553090440809723,0.03235593544284381,0.027601156350582894,0,0,0,0,0,0
51_2SIC.I,0.0,0.24,0.14255,0,2SIC.I,0.06699821610759024,0.062180602549326155,0.10417573253920573,0,0,0,0,0,0
108_2SIC.I,0.012,0.5,0.0766,0,2SIC.I,0.06380873637776395,0.11320550601296724,0.17724182500173116,0,1,0,1,1,0
78_2SIC.I,0.0,0.0,0.01092,0,2SIC.I,0.013279529798889356,0.027166588887740258,0.007448490164122804,0,0,0,0,0,0
107_2SIC.I,0.0,0.0,0.02761,0,2SIC.I,0.016580063070364665,0.027801945944178723,0.010175498680490828,0,0,0,0,0,0
85_2SIC.I,0.012,0.06,0.22776,0,2SIC.I,0.0833212404422707,0.04374270055406904,0.06403681858539828,0,0,0,0,0,0
95_2SIC.I,0.0,0.01,0.39686,0,2SIC.I,0.08130217332770664,0.04741163775042205,0.07364207301712966,0,0,1,0,0,0
94_2SIC.I,0.0,0.01,0.19581,0,2SIC.I,0.07250024590915032,0.036031349878336116,0.04079215916357714,0,0,0,0,0,0
93_2SIC.I,0.032,0.0,0.13705,0,2SIC.I,0.043898774394749866,0.033647527678568025,0.034332993086871696,1,0,0,0,0,0
92_2SIC.I,0.012,0.02,0.09764,0,2SIC.I,0.03709536892198176,0.03283407655946246,0.030239618334455053,0,0,0,0,0,0
91_2SIC.I,0.018,0.04,0.06613,0,2SIC.I,0.02882515533208173,0.033450648971980176,0.032536207188293115,0,0,0,0,0,0
90_2SIC.I,0.032,0.2,0.42482,0,2SIC.I,0.1307172025631833,0.08445033620953794,0.14403556114842966,1,0,1,0,0,0
89_2SIC.I,0.067,0.2,0.36925,0,2SIC.I,0.13708868341699632,0.08183467424329124,0.1418201464394816,1,0,1,0,0,0
88_2SIC.I,0.032,0.82,0.46707,0,2SIC.I,0.2836512231887535,0.3603901088749552,0.3452571568591722,1,1,1,1,1,1
87_2SIC.I,0.067,0.89,0.63545,0,2SIC.I,0.31376706199909526,0.47714330142617306,0.4015724895623201,1,1,1,1,1,1
99_2SIC.I,0.281,0.0,0.13421,0,2SIC.I,0.14409254582176603,0.045534447615889685,0.08270330670883151,1,0,0,0,0,0
86_2SIC.I,0.018,0.54,0.35274,0,2SIC.I,0.19380393966519321,0.1758753016091331,0.23607422164944825,0,1,1,1,1,1
84_2SIC.I,0.012,0.05,0.08859,0,2SIC.I,0.036966421497119775,0.03519102116025604,0.03816342096810968,0,0,0,0,0,0
79_2SIC.I,0.0,0.0,0.03187,0,2SIC.I,0.019815326539153175,0.0279664148487386,0.01087154758880286,0,0,0,0,0,0
100_2SIC.I,0.02,0.44,0.05938,0,2SIC.I,0.05240687872265651,0.09604219222394524,0.15719219766160444,0,1,0,0,0,0
83_2SIC.I,0.015,0.13,0.07314,0,2SIC.I,0.044287271910665026,0.042960726484789595,0.061300712079555605,0,0,0,0,0,0
101_2SIC.I,0.185,0.98,0.10048,0,2SIC.I,0.3316934309402269,0.38975705164281527,0.36551267356629275,1,1,0,1,1,1
102_2SIC.I,0.281,0.0,0.41665,0,2SIC.I,0.21901306464408485,0.06658286483477294,0.12885167611344414,1,0,1,0,0,1
103_2SIC.I,0.0,0.0,0.00825,0,2SIC.I,0.012949580032353771,0.027066265163742914,0.007012234158208926,0,0,0,0,0,0
104_2SIC.I,0.0,0.59,0.08477,0,2SIC.I,0.07326382013488322,0.14085804514782024,0.20443076748591413,0,1,0,1,1,0
82_2SIC.I,0.0,0.0,0.0024,0,2SIC.I,0.012099895023662594,0.0268477123025251,0.006056392347498744,0,0,0,0,0,0
81_2SIC.I,0.0,0.0,0.01323,0,2SIC.I,0.0136725739971429,0.02725367739659242,0.007825925135531441,0,0,0,0,0,0
80_2SIC.I,0.0,0.0,0.00089,0,2SIC.I,0.011848029093358583,0.02679157872910024,0.005809670786101757,0,0,0,0,0,0
105_2SIC.I,0.048,0.0,0.03728,0,2SIC.I,0.02555121879186633,0.029910000672761027,0.021169346899187584,1,0,0,0,0,0
106_2SIC.I,0.018,0.0,0.21862,0,2SIC.I,0.0810873979215969,0.036992626598690743,0.04491515294159,0,0,0,0,0,0
50_2SIC.I,0.0,0.0,0.13243,0,2SIC.I,0.042588566076438274,0.03213461952371019,0.027302223227267122,0,0,0,0,0,0
48_2SIC.I,0.0,0.07,0.08859,0,2SIC.I,0.03704525712897757,0.03661220340390807,0.04207829055558872,0,0,0,0,0,0
280_2PCB.A,0.0,0.01,0.353,0,2PCB.A,0.08214314683962284,0.04466872089117739,0.066475710313241,0,0,1,0,0,0
47_2SIC.I,0.0,0.03,0.12311,0,2SIC.I,0.04229650292088022,0.03443035581291439,0.035181910085042824,0,0,0,0,0,0
18_2SIC.I,0.018,0.03,0.0948,0,2SIC.I,0.037090102378402705,0.033860973121813014,0.03408648299144845,0,0,0,0,0,0
17_2SIC.I,0.0,0.0,0.0024,0,2SIC.I,0.012099895023662594,0.0268477123025251,0.006056392347498744,0,0,0,0,0,0
16_2SIC.I,0.0,0.0,0.00107,0,2SIC.I,0.011848029093358583,0.02679826415205104,0.0058390813033543775,0,0,0,0,0,0
15_2SIC.I,0.0,0.1,0.01544,0,2SIC.I,0.02576790897880589,0.035929434544041725,0.03952868121205998,0,0,0,0,0,0
14_2SIC.I,0.0,0.0,0.0032,0,2SIC.I,0.012099895023662594,0.026877498273795482,0.006187105757510393,0,0,0,0,0,0
13_2SIC.I,0.0,0.8,0.07216,0,2SIC.I,0.15995108611842176,0.22555810466017162,0.2681878839514854,0,1,0,1,1,1
12_2SIC.I,0.0,0.0,0.04323,0,2SIC.I,0.025684086161195815,0.028409631463813367,0.012727678010968274,0,0,0,0,0,0
11_2SIC.I,0.0,0.35,0.16705,0,2SIC.I,0.07059990167863595,0.08562827894462462,0.14265465703032096,0,0,0,0,0,0
10_2SIC.I,0.032,0.0,0.25581,0,2SIC.I,0.0757714132618975,0.03960307281530539,0.05373739880310097,0,0,0,0,0,0
9_2SIC.I,0.032,0.98,0.61042,0,2SIC.I,0.38442496481336397,0.5204856276582394,0.4188260224658288,0,1,1,1,1,1
8_2SIC.I,0.0,0.76,0.58246,0,2SIC.I,0.3045554867244279,0.3498679673114028,0.33903003625011735,0,1,1,1,1,1
7_2SIC.I,0.0,0.14,0.87609,0,2SIC.I,0.15945768816089337,0.12445334852493053,0.19268846573276555,0,0,1,1,1,1
294_2PCB.A,0.0,0.03,0.23389,0,2PCB.A,0.08305311001260163,0.04007908119462384,0.053282449536405894,0,0,0,0,0,0
293_2PCB.A,0.0,0.01,0.17657,0,2PCB.A,0.06077491781060114,0.03509155244737986,0.037648501652796984,0,0,0,0,0,0
292_2PCB.A,0.0,0.01,0.1589,0,2PCB.A,0.045102216742351764,0.03424928472316934,0.0347613692091647,0,0,0,0,0,0
291_2PCB.A,0.0,0.01,0.21845,0,2PCB.A,0.07460328900134612,0.03716826444139776,0.04449134866690681,0,0,0,0,0,0
289_2PCB.A,0.0,0.0,0.03506,0,2PCB.A,0.0233475636833573,0.02809019184954013,0.01139276731122431,0,0,0,0,0,0
288_2PCB.A,0.0,0.0,0.03089,0,2PCB.A,0.019815326539153175,0.027928495789565935,0.010711423661538589,0,0,0,0,0,0
287_2PCB.A,0.0,0.01,0.42994,0,2PCB.A,0.08436268753017766,0.049585511089618305,0.07904707252111134,0,0,1,1,0,0
286_2PCB.A,0.0,0.0,0.10742,0,2PCB.A,0.04023272099498462,0.03104499259340902,0.023215795246777953,0,0,0,0,0,0
285_2PCB.A,0.0,0.01,0.53917,0,2PCB.A,0.09437136606436175,0.05745270964808262,0.09689435474057685,0,0,1,1,1,1
284_2PCB.A,0.0,0.0,0.60178,0,2PCB.A,0.10592770129503934,0.06084408753668314,0.10399014696347637,0,0,1,1,1,1
283_2PCB.A,0.0,0.01,0.53096,0,2PCB.A,0.09656840362326916,0.05682275426376077,0.0955529083703323,0,0,1,1,1,1
282_2PCB.A,0.0,0.01,0.64324,0,2PCB.A,0.09875000287938658,0.06602614240524445,0.11389853546546723,0,0,1,1,1,1
281_2PCB.A,0.0,0.01,0.45388,0,2PCB.A,0.08966775852456546,0.051217324329554816,0.08295867131570993,0,0,1,1,1,1
19_2SIC.I,0.047,0.01,0.15107,0,2SIC.I,0.043249956397027535,0.03590931744743514,0.042699739711457026,1,0,0,0,0,0
20_2SIC.I,0.032,0.01,0.58379,0,2SIC.I,0.0971120230533244,0.06338279730096445,0.11046079510076387,0,0,1,0,0,0
21_2SIC.I,0.0,0.01,0.20868,0,2SIC.I,0.07460328900134612,0.03667347352260191,0.04289501114713954,0,0,0,0,0,0
35_2SIC.I,0.0,0.34,0.18658,0,2SIC.I,0.11900977556923813,0.08559684825275865,0.1427115321240932,0,0,0,0,0,0
46_2SIC.I,0.0,0.0,0.05743,0,2SIC.I,0.02745692332455934,0.028973248183453537,0.015047841038675042,0,0,0,0,0,0
45_2SIC.I,0.0,0.03,0.07598,0,2SIC.I,0.035685936543527086,0.032267143881344065,0.02748125631773156,0,0,0,0,0,0
44_2SIC.I,0.0,0.06,0.10527,0,2SIC.I,0.04151384225327339,0.03645519020345603,0.041669499126194456,0,0,0,0,0,0
43_2SIC.I,0.0,0.0,0.06675,0,2SIC.I,0.02750022883741817,0.029349052188181,0.01657065226531075,0,0,0,0,0,0
42_2SIC.I,0.0,0.06,0.08264,0,2SIC.I,0.03666887882642928,0.03533977236339069,0.03797194354048994,0,0,0,0,0,0
41_2SIC.I,0.0,0.25,0.0924,0,2SIC.I,0.05501711847514602,0.05970798792408083,0.09911580167723763,0,0,0,0,0,0
40_2SIC.I,0.0,0.62,0.13962,0,2SIC.I,0.08907189807346418,0.16173091969332892,0.2227953037442492,0,1,0,1,1,0
39_2SIC.I,0.0,0.44,0.20451,0,2SIC.I,0.1506664660225687,0.11295502442915512,0.17698280670735064,0,1,0,0,0,1
38_2SIC.I,0.0,0.88,0.24436,0,2SIC.I,0.3394035187322799,0.3180911901380036,0.3213972736815899,0,1,0,1,1,1
37_2SIC.I,0.0,0.96,0.47284,0,2SIC.I,0.43579042842432253,0.4473480261191613,0.38380235180601385,0,1,1,1,1,1
36_2SIC.I,0.0,0.0,0.33144,0,2SIC.I,0.08643494800714463,0.04222055275638598,0.059818817885289935,0,0,1,0,0,0
34_2SIC.I,0.0,0.05,0.15223,0,2SIC.I,0.04594296957323331,0.0378380242891829,0.046208210265741116,0,0,0,0,0,0
22_2SIC.I,0.0,0.0,0.03693,0,2SIC.I,0.02408579955763844,0.028162997947790532,0.011698309907126538,0,0,0,0,0,0
33_2SIC.I,0.0,0.0,0.0182,0,2SIC.I,0.015197141762671972,0.027441970576171582,0.00863798219522881,0,0,0,0,0,0
32_2SIC.I,0.0,0.01,0.08876,0,2SIC.I,0.035344458918297586,0.031094382885250463,0.023301070986393377,0,0,0,0,0,0
31_2SIC.I,0.0,0.0,0.03923,0,2SIC.I,0.02408579955763844,0.02825279686308236,0.01207411096091003,0,0,0,0,0,0
30_2SIC.I,0.0,0.01,0.03604,0,2SIC.I,0.023416692280534286,0.028910079154804983,0.014687057266625716,0,0,0,0,0,0
29_2SIC.I,0.0,0.0,0.05459,0,2SIC.I,0.027100222101277972,0.028859663705391864,0.014583808433133689,0,0,0,0,0,0
28_2SIC.I,0.0,0.01,0.03089,0,2SIC.I,0.01959603470305708,0.02870486116481888,0.013845589689675725,0,0,0,0,0,0
27_2SIC.I,0.0,0.01,0.01855,0,2SIC.I,0.01497784992657588,0.0282188707999815,0.011829335340246041,0,0,0,0,0,0
26_2SIC.I,0.0,0.01,0.01544,0,2SIC.I,0.013745918342718584,0.028097654598504558,0.011321186958825755,0,0,0,0,0,0
25_2SIC.I,0.0,0.0,0.0182,0,2SIC.I,0.015197141762671972,0.027441970576171582,0.00863798219522881,0,0,0,0,0,0
24_2SIC.I,0.0,0.01,0.16536,0,2SIC.I,0.045626801678290675,0.03455492502203871,0.03581687999500876,0,0,0,0,0,0
23_2SIC.I,0.0,0.01,0.05335,0,2SIC.I,0.026528543857910543,0.029610334935021333,0.01751536867575277,0,0,0,0,0,0
165_2PCB.A,0.0,0.01,0.02588,0,2PCB.A,0.01628141916440895,0.02850657884455369,0.013026996959477774,0,0,0,0,0,0
164_2PCB.A,0.0,0.01,0.05301,0,2PCB.A,0.026528543857910543,0.02959642359376547,0.017459815476497817,0,0,0,0,0,0
163_2PCB.A,0.0,0.0,0.02477,0,2PCB.A,0.016288480487691045,0.02769282239227142,0.009711466074949476,0,0,0,0,0,0
4_2PCB.A,0.0,0.13,0.16001,0,2PCB.A,0.06299101107784648,0.047469097271535705,0.07255272640320148,0,1,0,0,0,0
30_2PCB.A,0.04,0.0,0.04272,0,2PCB.A,0.02610374804603037,0.029837568081921888,0.02048922310806997,1,0,0,0,0,0
29_2PCB.A,0.141,0.0,0.09712,0,2PCB.A,0.08882576914763861,0.036444493792218716,0.049186044101222,1,0,0,0,0,0
28_2PCB.A,0.112,0.01,0.12982,0,2PCB.A,0.05370549473712862,0.0377897772367156,0.0519755864639968,1,0,0,0,0,0
27_2PCB.A,0.0,0.0,0.00515,0,2PCB.A,0.01272638021532879,0.02695023626018571,0.006505719694413787,0,0,0,0,0,0
26_2PCB.A,0.0,0.0,0.00042,0,2PCB.A,0.011848029093358583,0.02677412999258686,0.005732876657719913,0,0,0,0,0,0
25_2PCB.A,0.0,0.01,0.04953,0,2PCB.A,0.025798434826766484,0.029454400784584014,0.016891212142947143,0,0,0,0,0,0
24_2PCB.A,0.0,0.0,0.06887,0,2PCB.A,0.02842479903690393,0.029435193177038077,0.01691704280184162,0,0,0,0,0,0
23_2PCB.A,0.0,0.0,0.00028,0,2PCB.A,0.011848029093358583,0.026768934633164074,0.005710001810967875,0,0,0,0,0,0
22_2PCB.A,0.0,0.0,0.00376,0,2PCB.A,0.012260284256119898,0.026898367570339265,0.006278605144518547,0,0,0,0,0,0
21_2PCB.A,0.0,0.01,0.14916,0,2PCB.A,0.044618361620009435,0.033793383159407116,0.03316993344227287,0,0,0,0,0,0
20_2PCB.A,0.0,0.0,0.09601,0,2PCB.A,0.03626909807447098,0.030559845294509686,0.02135149523648681,0,0,0,0,0,0
19_2PCB.A,0.0,0.0,0.05051,0,2PCB.A,0.02623503850369739,0.028697241903460402,0.01391717004207428,0,0,0,0,0,0
18_2PCB.A,0.0,0.01,0.1038,0,2PCB.A,0.039796117318053714,0.03174627898038023,0.025758483094612376,0,0,0,0,0,0
17_2PCB.A,0.0,0.01,0.56199,0,2PCB.A,0.0946485611891631,0.05923830165211268,0.10062295476115914,0,0,1,1,1,1
16_2PCB.A,0.0,0.01,0.63476,0,2PCB.A,0.1009440632017455,0.06528522405993321,0.11251297331934375,0,0,1,1,1,1
15_2PCB.A,0.0,0.01,0.38347,0,2PCB.A,0.08130217332770664,0.04655770281263324,0.07145425731705968,0,0,1,0,0,0
14_2PCB.A,0.0,0.02,0.29011,0,2PCB.A,0.08092432443296793,0.04212239184288237,0.05933416839683739,0,0,0,0,0,0
13_2PCB.A,0.0,0.02,0.17852,0,2PCB.A,0.06413452101665264,0.03615631643364543,0.04110128161783752,0,0,0,0,0,0
12_2PCB.A,0.0,0.05,0.22569,0,2PCB.A,0.08137353923909366,0.041836884711924,0.05821096914006077,0,1,0,0,0,0
11_2PCB.A,0.0,0.0,0.06414,0,2PCB.A,0.02745692332455934,0.02924333696673558,0.01614419976514775,0,0,0,0,0,0
10_2PCB.A,0.0,0.04,0.14805,0,2PCB.A,0.04594296957323331,0.03661342501359727,0.04239106667029311,0,1,0,0,0,0
9_2PCB.A,0.0,0.01,0.13399,0,2PCB.A,0.04346127086712129,0.03309496221418077,0.030691280404926975,0,0,0,0,0,0
8_2PCB.A,0.0,0.0,0.04397,0,2PCB.A,0.026105880259911896,0.028438738362124568,0.01284858791522905,0,0,0,0,0,0
7_2PCB.A,0.0,0.03,0.16641,0,2PCB.A,0.05359804403681667,0.036540553224540084,0.04225677340192332,0,1,0,0,0,0
6_2PCB.A,0.0,0.0,0.11521,0,2PCB.A,0.041185807251393564,0.031380493184434394,0.024488617076766386,0,0,0,0,0,0
31_2PCB.A,0.2,0.01,0.33463,0,2PCB.A,0.17423920802665566,0.055579195187455493,0.10269857811576913,1,0,0,1,1,1
20_2UTG.A,0.0,0.82,0.00202,0,2UTG.A,0.15072473877801804,0.21805639774725732,0.26299591778498826,0,0,0,0,0,0
33_2PCB.A,0.059,0.06,0.2524,0,2PCB.A,0.07819355659738161,0.04790686958056272,0.07728051961653841,1,1,0,0,0,0
47_2PCB.A,0.0,0.0,0.0,0,2PCB.A,0.011911687957688459,0.026758546855358632,0.005664252117463797,0,0,0,0,0,0
58_2PCB.A,0.0,0.02,0.05733,0,2PCB.A,0.02843608687129604,0.030599694595754023,0.021299833918697855,0,0,0,0,0,0
57_2PCB.A,0.0,0.0,0.09489,0,2PCB.A,0.03626909807447098,0.03051262110479719,0.0211684964624705,0,0,0,0,0,0
56_2PCB.A,0.0,0.0,0.0,0,2PCB.A,0.011911687957688459,0.026758546855358632,0.005664252117463797,0,0,0,0,0,0
55_2PCB.A,0.0,0.0,0.0,0,2PCB.A,0.011911687957688459,0.026758546855358632,0.005664252117463797,0,0,0,0,0,0
54_2PCB.A,0.0,0.0,0.0,0,2PCB.A,0.011911687957688459,0.026758546855358632,0.005664252117463797,0,0,0,0,0,0
53_2PCB.A,0.0,0.0,0.0,0,2PCB.A,0.011911687957688459,0.026758546855358632,0.005664252117463797,0,0,0,0,0,0
52_2PCB.A,0.0,0.0,0.00195,0,2PCB.A,0.011878216457422697,0.0268309718019941,0.005982866054367191,0,0,0,0,0,0
51_2PCB.A,0.0,0.05,0.0,0,2PCB.A,0.013800454774064417,0.030688783658596015,0.021335082258149476,0,1,0,0,0,0
50_2PCB.A,0.0,0.0,0.0,0,2PCB.A,0.011911687957688459,0.026758546855358632,0.005664252117463797,0,0,0,0,0,0
49_2PCB.A,0.0,0.0,0.0,0,2PCB.A,0.011911687957688459,0.026758546855358632,0.005664252117463797,0,0,0,0,0,0
48_2PCB.A,0.0,0.05,0.00598,0,2PCB.A,0.014615147031704745,0.030943162190191654,0.02231216499798655,0,1,0,0,0,0
46_2PCB.A,0.0,0.0,0.0,0,2PCB.A,0.011911687957688459,0.026758546855358632,0.005664252117463797,0,0,0,0,0,0
19_2UTG.A,0.0,0.95,0.00116,0,2UTG.A,0.244188068793893,0.28670927564411375,0.30359955923500853,0,0,0,0,0,0
45_2PCB.A,0.011,0.0,0.00042,0,2PCB.A,0.013024102688534753,0.02714374148261348,0.007890217254115546,0,0,0,0,0,0
44_2PCB.A,0.0,0.0,0.00056,0,2PCB.A,0.011848029093358583,0.02677932633258871,0.005755751504471951,0,0,0,0,0,0
43_2PCB.A,0.0,0.0,0.00612,0,2PCB.A,0.012835006956377057,0.026986489994635925,0.006664209704052911,0,0,0,0,0,0
42_2PCB.A,0.093,0.06,0.22819,0,2PCB.A,0.08534798421892599,0.04832224520889834,0.0799929487076474,1,1,0,0,0,0
41_2PCB.A,0.0,0.0,0.0295,0,2PCB.A,0.01735581808074273,0.027874798267151116,0.01048430911164335,0,0,0,0,0,0
40_2PCB.A,0.214,0.0,0.23097,0,2PCB.A,0.16846131360814728,0.047848239954074105,0.08537292819896702,1,0,0,0,1,1
17_2UTG.A,0.0,0.89,0.00241,0,2UTG.A,0.1825566375024879,0.25370520189659224,0.284998802769329,0,0,0,0,0,0
18_2UTG.A,0.0,0.98,0.00112,0,2UTG.A,0.26499016900536576,0.3043171501463643,0.31299552164891936,0,1,0,0,0,0
37_2PCB.A,0.433,0.07,0.23723,0,2PCB.A,0.20947209904253128,0.07559748328134283,0.1512856128847812,1,1,0,1,1,1
36_2PCB.A,0.139,0.09,0.26478,0,2PCB.A,0.11753736386437133,0.05815970803240866,0.10439555751284835,1,1,0,1,1,1
35_2PCB.A,0.494,0.47,0.79393,0,2PCB.A,0.4139034649005114,0.3766092391052311,0.3795758824184986,1,1,1,1,1,1
5_2PCB.A,0.0,0.05,0.21066,0,2PCB.A,0.08137353923909366,0.040987113361651596,0.05575519094946692,0,1,0,0,0,0
3_2PCB.A,0.0,0.03,0.18951,0,2PCB.A,0.07525491162311529,0.037716678481123735,0.04603112311600968,0,0,0,0,0,0
7_2UTG.A,0.111,0.93,0.04467,0,2UTG.A,0.18949260121056588,0.31784306311395183,0.3262099306020988,0,0,0,0,0,0
2_2PCB.A,0.0,0.02,0.17963,0,2PCB.A,0.06789135930754553,0.036211451994534745,0.04128264647422868,0,0,0,0,0,0
22_2UTG.A,0.0,0.98,0.00121,0,2UTG.A,0.26499016900536576,0.3043442889474908,0.3130102269075457,0,1,0,0,0,0
23_2UTG.A,0.0,0.94,0.00211,0,2UTG.A,0.2383221764926582,0.2812468470204594,0.3006206153812602,0,0,0,0,0,0
24_2UTG.A,0.0,0.0,0.06621,0,2UTG.A,0.027819069417128316,0.02932714971021967,0.016482420713552888,0,0,0,0,0,0
25_2UTG.A,0.0,0.0,0.29102,0,2UTG.A,0.08248308769043243,0.03995292847478071,0.05321452284445137,0,0,1,0,0,0
26_2UTG.A,0.129,0.93,0.01206,0,2UTG.A,0.19074181915950486,0.3127935290476388,0.32441191892969184,0,0,0,0,0,0
27_2UTG.A,0.275,0.97,0.10644,0,2UTG.A,0.36366048741774326,0.41270868466771393,0.38100329095870666,0,0,0,0,0,0
348_2NAC.A,0.0,0.0,0.0,0,2NAC.A,0.011911687957688459,0.026758546855358632,0.005664252117463797,0,0,0,0,0,0
347_2NAC.A,0.0,0.0,0.0,0,2NAC.A,0.011911687957688459,0.026758546855358632,0.005664252117463797,0,0,0,0,0,0
346_2NAC.A,0.0,0.0,0.00124,0,2NAC.A,0.011848029093358583,0.026804579652217032,0.005866857902981853,0,0,0,0,0,0
345_2NAC.A,0.0,0.0,0.0,0,2NAC.A,0.011911687957688459,0.026758546855358632,0.005664252117463797,0,0,0,0,0,0
344_2NAC.A,0.0,0.0,0.0,0,2NAC.A,0.011911687957688459,0.026758546855358632,0.005664252117463797,0,0,0,0,0,0
342_2NAC.A,0.0,0.0,0.00124,0,2NAC.A,0.011848029093358583,0.026804579652217032,0.005866857902981853,0,0,0,0,0,0
341_2NAC.A,0.0,0.0,0.00472,0,2NAC.A,0.012260284256119898,0.026934180170099124,0.006435461236532526,0,0,0,0,0,0
340_2NAC.A,0.0,0.0,0.0018,0,2NAC.A,0.011878216457422697,0.02682539389114313,0.005958357289990007,0,0,0,0,0,0
30_2UTG.A,0.406,0.94,0.3216,0,2UTG.A,0.481512662789948,0.5092039653023365,0.4324481297812762,1,0,1,1,1,1
31_2UTG.A,0.191,0.99,0.28473,0,2UTG.A,0.4245748640193373,0.46256918105870737,0.39992850307213534,0,1,1,1,1,1
32_2UTG.A,0.214,0.98,0.0118,0,2UTG.A,0.316059818527812,0.3687709820996075,0.35671062636608997,0,1,0,0,0,0
335_2NAC.A,0.0,0.0,0.00034,0,2NAC.A,0.011848029093358583,0.026771161095714105,0.005719805316718748,0,0,0,0,0,0
33_2UTG.A,0.283,0.75,0.2684,0,2UTG.A,0.3299994890267815,0.3246139179751291,0.34008354317574485,0,0,0,0,0,0
332_2NAC.A,0.0,0.0,0.00321,0,2NAC.A,0.012260284256119898,0.026877870801704323,0.006188739675135538,0,0,0,0,0,0
35_2UTG.A,0.32,0.0,0.08951,0,2UTG.A,0.13251897081027222,0.04494231051741367,0.08304844794801514,0,0,0,0,0,0
36_2UTG.A,0.32,0.96,0.03855,0,2UTG.A,0.36256983304021284,0.3965046941328439,0.3756019424314381,0,0,0,0,0,0
38_2UTG.A,0.455,0.0,0.36265,0,2UTG.A,0.22329138023018755,0.07624923472440749,0.1541537267351888,1,0,1,0,0,0
39_2UTG.A,0.214,0.0,0.00698,0,2UTG.A,0.08340527819953619,0.03523931788160286,0.04877480731333048,0,0,0,0,0,0
326_2NAC.A,0.056,0.5,0.0924,0,2NAC.A,0.06778276265333484,0.12136748880133622,0.18845277723504378,0,0,0,0,0,0
349_2NAC.A,0.0,0.0,0.00051,0,2NAC.A,0.011848029093358583,0.026777470384296335,0.005747581916346224,0,0,0,0,0,0
350_2NAC.A,0.0,0.0,0.00051,0,2NAC.A,0.011848029093358583,0.026777470384296335,0.005747581916346224,0,0,0,0,0,0
351_2NAC.A,0.0,0.0,0.00056,0,2NAC.A,0.011848029093358583,0.02677932633258871,0.005755751504471951,0,0,0,0,0,0
365_2NAC.A,0.0,0.0,0.00011,0,2NAC.A,0.011911687957688459,0.026762627300463873,0.005682225211340399,0,0,0,0,0,0
1_2PCB.A,0.0,0.03,0.12815,0,2PCB.A,0.0440193255264673,0.034669801589356786,0.036005404568116205,0,1,0,0,0,0
21_2UTG.A,0.0,0.0,0.26948,0,2UTG.A,0.08248308769043243,0.03879263982333589,0.04969506427988773,0,0,1,0,0,0
374_2NAC.A,0.0,0.77,0.01608,0,2NAC.A,0.14431984298046993,0.1981188835500663,0.24962237582525737,0,0,0,0,0,0
373_2NAC.A,0.0,0.9,0.01541,0,2NAC.A,0.1929425067555689,0.2626551087519535,0.29025706171015536,0,0,0,0,0,0
372_2NAC.A,0.0,0.09,0.01412,0,2NAC.A,0.016525560131042467,0.034901321763044446,0.036178838057403614,0,0,0,0,0,0
371_2NAC.A,0.0,0.12,0.01513,0,2NAC.A,0.026781058354487738,0.03792020720902564,0.045746361821954726,0,0,0,0,0,0
370_2NAC.A,0.0,0.12,0.02272,0,2NAC.A,0.02839963995256467,0.03831657075188234,0.04698650529944025,0,0,0,0,0,0
369_2NAC.A,0.0,0.2,0.02396,0,2NAC.A,0.03560871417809671,0.04763896889134518,0.0722624393100554,0,0,0,0,0,0
368_2NAC.A,0.0,0.0,0.00073,0,2NAC.A,0.011848029093358583,0.026785637492549107,0.005783528104099427,0,0,0,0,0,0
367_2NAC.A,0.0,0.22,0.00467,0,2NAC.A,0.03271075422275235,0.04897027624051086,0.07537894426742378,0,0,0,0,0,0
366_2NAC.A,0.0,0.0,0.01029,0,2NAC.A,0.013279529798889356,0.02714288446315793,0.007345553353738632,0,0,0,0,0,0
364_2NAC.A,0.0,0.44,0.00967,0,2NAC.A,0.04120471489615736,0.08799099930687249,0.14514755569901355,0,0,0,0,0,0
352_2NAC.A,0.0,0.0,0.0,0,2NAC.A,0.011911687957688459,0.026758546855358632,0.005664252117463797,0,0,0,0,0,0
363_2NAC.A,0.0,0.27,0.01749,0,2NAC.A,0.035428793769671556,0.056948014103871514,0.09314445680354613,0,0,0,0,0,0
362_2NAC.A,0.0,0.79,0.00411,0,2NAC.A,0.14528913493477538,0.20445069573496083,0.25393490848423234,0,0,0,0,0,0
361_2NAC.A,0.0,0.0,0.01412,0,2NAC.A,0.0136725739971429,0.027287303343435685,0.0079713438041694,0,0,0,0,0,0
360_2NAC.A,0.0,0.94,0.02047,0,2NAC.A,0.24233866751094837,0.2865631070430154,0.3036204881410276,0,1,0,0,0,0
359_2NAC.A,0.0,0.96,0.02154,0,2NAC.A,0.2554869692432497,0.29855772705060046,0.3100636493831924,0,1,0,0,0,0
358_2NAC.A,0.0,0.72,0.02784,0,2NAC.A,0.11960656737271852,0.17910350172740747,0.23587303281174293,0,0,0,0,0,0
357_2NAC.A,0.0,0.77,0.01968,0,2NAC.A,0.14455929190140013,0.19893473237830087,0.2502105861703098,0,0,0,0,0,0
356_2NAC.A,0.0,0.97,0.02086,0,2NAC.A,0.2563163978806685,0.3042954718845013,0.31308670901281965,0,1,0,0,0,0
355_2NAC.A,0.0,0.77,0.02682,0,2NAC.A,0.1448823155836242,0.20056029689237723,0.25137720335466374,0,0,0,0,0,0
354_2NAC.A,0.0,0.0,0.00534,0,2NAC.A,0.01272638021532879,0.02695733377580046,0.006536764129291554,0,0,0,0,0,0
353_2NAC.A,0.0,0.0,0.00107,0,2NAC.A,0.011848029093358583,0.02679826415205104,0.0058390813033543775,0,0,0,0,0,0
59_2PCB.A,0.0,0.02,0.12175,0,2PCB.A,0.04220265513655531,0.03344180920657511,0.03182553125988588,0,0,0,0,0,0
60_2PCB.A,0.0,0.03,0.14276,0,2PCB.A,0.04594296957323331,0.03537301468031618,0.03839255821845395,0,1,0,0,0,0
61_2PCB.A,0.0,0.01,0.05941,0,2PCB.A,0.027020319647628438,0.02985935008509522,0.01850552275659101,0,0,0,0,0,0
62_2PCB.A,0.0,0.0,0.08585,0,2PCB.A,0.03578106259522849,0.03013403358564533,0.01969143492933887,0,0,0,0,0,0
141_2PCB.A,0.0,0.01,0.10213,0,2PCB.A,0.0366328570149812,0.031673246783780785,0.02548561885121306,0,0,0,0,0,0
15_2UTG.A,0.0,0.89,0.00289,0,2UTG.A,0.18335423783019647,0.2538346672826914,0.2850772308153359,0,0,0,0,0,0
140_2PCB.A,0.0,0.01,0.07027,0,2PCB.A,0.03315366446910608,0.030310691763111654,0.020279957297499145,0,0,0,0,0,0
139_2PCB.A,0.0,0.0,0.00598,0,2PCB.A,0.01272638021532879,0.026981254570436326,0.006641334857300873,0,0,0,0,0,0
138_2PCB.A,0.0,0.0,0.00988,0,2PCB.A,0.013279529798889356,0.027127468575831867,0.007278562731107661,0,0,0,0,0,0
137_2PCB.A,0.0,0.01,0.05426,0,2PCB.A,0.02666361842434707,0.029647599426894617,0.01766405517964102,0,0,0,0,0,0
136_2PCB.A,0.0,0.01,0.14512,0,2PCB.A,0.044618361620009435,0.033606005464247746,0.03250983072171404,0,0,0,0,0,0
135_2PCB.A,0.051,0.01,0.24558,0,2PCB.A,0.06988505909236287,0.04107335970426512,0.0589263826763066,1,0,0,0,0,0
16_2UTG.A,0.0,0.62,0.0019,0,2UTG.A,0.04927017407831211,0.13686702846314988,0.20029299021074384,0,0,0,0,0,0
134_2PCB.A,0.0,0.01,0.19786,0,2PCB.A,0.07315724737804766,0.036132901125537756,0.04112711227673199,0,0,0,0,0,0
133_2PCB.A,0.0,0.01,0.13344,0,2PCB.A,0.04346127086712129,0.033069904059040166,0.03060141493554397,0,0,0,0,0,0
132_2PCB.A,0.0,0.04,0.19647,0,2PCB.A,0.07992749761579518,0.03912527044855969,0.05030249581124816,0,1,0,0,0,0
131_2PCB.A,0.0,0.02,0.13093,0,2PCB.A,0.04452083945899942,0.033867026753676484,0.033325467639769554,0,0,0,0,0,0
130_2PCB.A,0.0,0.0,0.01475,0,2PCB.A,0.0136725739971429,0.02731113035122754,0.008074280614553574,0,0,0,0,0,0
129_2PCB.A,0.0,0.0,0.0071,0,2PCB.A,0.012949580032353771,0.027023165629386746,0.006824333631317181,0,0,0,0,0,0
128_2PCB.A,0.0,0.0,0.06498,0,2PCB.A,0.027721016581684174,0.029277319890717236,0.016281448845659977,0,0,0,0,0,0
127_2PCB.A,0.0,0.03,0.19104,0,2PCB.A,0.07809815580989414,0.03779584925923911,0.04628111251265696,0,0,0,0,0,0
126_2PCB.A,0.0,0.0,0.00404,0,2PCB.A,0.012260284256119898,0.02690880812638043,0.006324354838022624,0,0,0,0,0,0
125_2PCB.A,0.0,0.02,0.15264,0,2PCB.A,0.04644448350576545,0.03489349015992641,0.036872702803960676,0,0,0,0,0,0
124_2PCB.A,0.0,0.0,0.01071,0,2PCB.A,0.013279529798889356,0.027158685177788085,0.007414177893994747,0,0,0,0,0,0
123_2PCB.A,0.0,0.04,0.21344,0,2PCB.A,0.08137353923909366,0.04004412986693214,0.05307525402112026,0,1,0,0,0,0
122_2PCB.A,0.0,0.0,0.06094,0,2PCB.A,0.02745692332455934,0.02911422834375196,0.015621346125101151,0,0,0,0,0,0
121_2PCB.A,0.0,0.13,0.05287,0,2PCB.A,0.03994030664475925,0.0410266097085626,0.0550469329673914,0,1,0,0,0,0
120_2PCB.A,0.0,0.9,0.27091,0,2PCB.A,0.3599970149537038,0.33887605109400243,0.3320036570326257,0,1,0,1,1,1
119_2PCB.A,0.011,0.0,0.04536,0,2PCB.A,0.025281022218640023,0.028886132835690418,0.015233043061519923,0,0,0,0,0,0
142_2PCB.A,0.0,0.01,0.12564,0,2PCB.A,0.04203161185047532,0.03271650068987681,0.02932695918793039,0,0,0,0,0,0
143_2PCB.A,0.0,0.03,0.08933,0,2PCB.A,0.037186420431501305,0.03286619424381787,0.029662536347300948,0,0,0,0,0,0
144_2PCB.A,0.0,0.0,0.09169,0,2PCB.A,0.03626909807447098,0.030378083985828145,0.020645642822423906,0,0,0,0,0,0
14_2UTG.A,0.0,0.0,0.08861,0,2UTG.A,0.03578106259522849,0.03024913481243877,0.02014239619387906,0,0,0,0,0,0
8_2UTG.A,0.075,0.97,0.04364,0,2UTG.A,0.21221038304491127,0.3321646931535588,0.3315179137928716,0,0,0,0,0,0
9_2UTG.A,0.051,0.0,0.43799,0,2UTG.A,0.08567013757825181,0.051925432112132866,0.08723042567359618,0,0,1,0,0,0
10_2UTG.A,0.051,0.0,0.43623,0,2UTG.A,0.08681190040717043,0.051802165047207686,0.08694285617157055,0,0,1,0,0,0
11_2UTG.A,0.0,0.91,0.00784,0,2UTG.A,0.22619661549181994,0.26604584991952984,0.2921543520960573,0,0,0,0,0,0
12_2UTG.A,0.0,0.88,0.00306,0,2UTG.A,0.17607766867654845,0.2485725541218053,0.28197084138682627,0,0,0,0,0,0
162_2PCB.A,0.0,0.01,0.1159,0,2PCB.A,0.04114232055645846,0.03228032044947375,0.027735523421038567,0,0,0,0,0,0
13_2UTG.A,0.0,0.0,0.29696,0,2UTG.A,0.0828774126761254,0.040278703773718276,0.05418506991378787,0,0,1,0,0,0
161_2PCB.A,0.0,0.0,0.01002,0,2PCB.A,0.013279529798889356,0.027132731580161384,0.007301437577859699,0,0,0,0,0,0
160_2PCB.A,0.0,0.0,0.09656,0,2PCB.A,0.03626909807447098,0.03058306165244684,0.02144136070586982,0,0,0,0,0,0
159_2PCB.A,0.0,0.01,0.10171,0,2PCB.A,0.0366328570149812,0.031654904995726575,0.025416994310956943,0,0,0,0,0,0
158_2PCB.A,0.0,0.0,0.00431,0,2PCB.A,0.012260284256119898,0.02691887953720455,0.006368470613901556,0,0,0,0,0,0
157_2PCB.A,0.0,0.0,0.11256,0,2PCB.A,0.041185807251393564,0.03126597079867325,0.024055628906102796,0,0,0,0,0,0
145_2PCB.A,0.0,0.01,0.0608,0,2PCB.A,0.027020319647628438,0.029916752961889764,0.01873263730648625,0,0,0,0,0,0
156_2PCB.A,0.0,0.01,0.14874,0,2PCB.A,0.044618361620009435,0.033773856435498954,0.033101308902016756,0,0,0,0,0,0
155_2PCB.A,0.0,0.01,0.08112,0,2PCB.A,0.034951153891209605,0.03076821461411292,0.02205275792078213,0,0,0,0,0,0
154_2PCB.A,0.0,0.0,0.00083,0,2PCB.A,0.011848029093358583,0.02678935061522933,0.005799867280350883,0,0,0,0,0,0
153_2PCB.A,0.0,0.01,0.17212,0,2PCB.A,0.06400374709608075,0.034877574530793515,0.03692140830960719,0,0,0,0,0,0
152_2PCB.A,0.0,0.01,0.14471,0,2PCB.A,0.044618361620009435,0.03358704555630142,0.032442840099083076,0,0,0,0,0,0
151_2PCB.A,0.0,0.0,0.0814,0,2PCB.A,0.035387757568140506,0.029949346875036337,0.01896434158614907,0,0,0,0,0,0
150_2PCB.A,0.0,0.01,0.25477,0,2PCB.A,0.07700788877434411,0.03906450491981191,0.05042573748143566,0,0,0,0,0,0
149_2PCB.A,0.0,0.01,0.20189,0,2PCB.A,0.07315724737804766,0.036333339671511096,0.04178558107966567,0,0,0,0,0,0
148_2PCB.A,0.0,0.01,0.15389,0,2PCB.A,0.044618361620009435,0.034014044817978664,0.03394277647896674,0,0,0,0,0,0
147_2PCB.A,0.0,0.02,0.0167,0,2PCB.A,0.016393617150243484,0.0289289543183924,0.014661226607731238,0,0,0,0,0,0
146_2PCB.A,0.0,0.01,0.14178,0,2PCB.A,0.044618361620009435,0.033451851820917464,0.0319641022349154,0,0,0,0,0,0
118_2PCB.A,0.0,0.02,0.06011,0,2PCB.A,0.02843608687129604,0.030717366270912327,0.021754063018488336,0,0,0,0,0,0
117_2PCB.A,0.0,0.0,0.02157,0,2PCB.A,0.015768783768895903,0.027570364835577444,0.00918861243490288,0,0,0,0,0,0
116_2PCB.A,0.0,0.0,0.0,0,2PCB.A,0.011911687957688459,0.026758546855358632,0.005664252117463797,0,0,0,0,0,0
75_2PCB.A,0.085,0.03,0.04592,0,2PCB.A,0.03454780696818102,0.03439506210352837,0.03924005909051011,1,0,0,0,0,0
86_2PCB.A,0.0,0.01,0.28496,0,2PCB.A,0.07662025005454277,0.04071101763304253,0.055358534791750263,0,0,0,0,0,0
85_2PCB.A,0.0,0.0,0.00334,0,2PCB.A,0.012260284256119898,0.02688271412142636,0.006209980604262431,0,0,0,0,0,0
84_2PCB.A,0.0,0.0,0.07291,0,2PCB.A,0.03345569514394883,0.02960002788284925,0.017577145522400448,0,0,0,0,0,0
83_2PCB.A,0.0,0.01,0.09795,0,2PCB.A,0.036355355434170754,0.031491159410451705,0.024802641283902194,0,0,0,0,0,0
82_2PCB.A,0.0,0.0,0.03214,0,2PCB.A,0.019815326539153175,0.027976870719291183,0.01091566336468179,0,0,0,0,0,0
81_2PCB.A,0.0,0.01,0.0711,0,2PCB.A,0.03261935218847568,0.030345457163561008,0.02041557246038623,0,0,0,0,0,0
80_2PCB.A,0.0,0.01,0.12745,0,2PCB.A,0.042694717573243404,0.032798181864605674,0.029622698278081748,0,0,0,0,0,0
79_2PCB.A,0.0,0.0,0.07736,0,2PCB.A,0.03489812877065496,0.02978262660667716,0.018304238865590246,0,0,0,0,0,0
78_2PCB.A,0.009,0.01,0.27981,0,2PCB.A,0.0784853959670591,0.040875095427718035,0.05628216406639671,0,0,0,0,0,0
77_2PCB.A,0.009,0.03,0.36441,0,2PCB.A,0.09515816354375467,0.04840348981672854,0.07637343923140284,0,0,1,0,0,1
76_2PCB.A,0.0,0.0,0.00056,0,2PCB.A,0.011848029093358583,0.02677932633258871,0.005755751504471951,0,0,0,0,0,0
74_2PCB.A,0.085,0.05,0.34896,0,2PCB.A,0.09513118692292169,0.05484759126464407,0.09502263085919697,1,1,0,1,1,1
88_2PCB.A,0.0,0.0,0.00682,0,2PCB.A,0.012949580032353771,0.027012681934604488,0.0067785839378131044,0,0,0,0,0,0
73_2PCB.A,0.024,0.02,0.32656,0,2PCB.A,0.07942833839132536,0.04558661679601534,0.06999672307808362,1,0,0,0,0,0
72_2PCB.A,0.011,0.04,0.34256,0,2PCB.A,0.09305862060573551,0.04838778556918476,0.07632973899339603,0,1,0,0,0,1
71_2PCB.A,0.0,0.0,0.0654,0,2PCB.A,0.027721016581684174,0.029294325712039975,0.016350073385916094,0,0,0,0,0,0
70_2PCB.A,0.0,0.0,0.0007,0,2PCB.A,0.011848029093358583,0.026784523653343943,0.00577862635122399,0,0,0,0,0,0
69_2PCB.A,0.0,0.0,0.00501,0,2PCB.A,0.012452559179830599,0.026945007674503207,0.006482844847661748,0,0,0,0,0,0
68_2PCB.A,0.0,0.0,0.00264,0,2PCB.A,0.012099895023662594,0.026856644721976998,0.006095606370502238,0,0,0,0,0,0
67_2PCB.A,0.0,0.0,0.12008,0,2PCB.A,0.04074119871899448,0.03159201428118243,0.025284334960212297,0,0,0,0,0,0
66_2PCB.A,0.0,0.0,0.0,0,2PCB.A,0.011911687957688459,0.026758546855358632,0.005664252117463797,0,0,0,0,0,0
65_2PCB.A,0.0,0.0,0.00014,0,2PCB.A,0.011911687957688459,0.02676374025414609,0.0056871269642158355,0,0,0,0,0,0
64_2PCB.A,0.0,0.01,0.00376,0,2PCB.A,0.012040992420023806,0.02764691154609913,0.009412771172655682,0,0,0,0,0,0
63_2PCB.A,0.0,0.01,0.02226,0,2PCB.A,0.015549491932799813,0.028364136990173774,0.012435518779175063,0,0,0,0,0,0
87_2PCB.A,0.009,0.01,0.25699,0,2PCB.A,0.0784853959670591,0.039619705892359254,0.05255356404581442,0,0,0,0,0,0
89_2PCB.A,0.0,0.03,0.31487,0,2PCB.A,0.08816732529591115,0.04475960063440853,0.06651391446483505,0,0,0,0,0,0
115_2PCB.A,0.0,0.0,0.00167,0,2PCB.A,0.011848029093358583,0.026820560613880887,0.005937116360863115,0,0,0,0,0,0
103_2PCB.A,0.0,0.0,0.05663,0,2PCB.A,0.02745692332455934,0.028941208750093254,0.014917127628663393,0,0,0,0,0,0
114_2PCB.A,0.0,0.0,0.0,0,2PCB.A,0.011911687957688459,0.026758546855358632,0.005664252117463797,0,0,0,0,0,0
113_2PCB.A,0.0,0.0,0.0,0,2PCB.A,0.011911687957688459,0.026758546855358632,0.005664252117463797,0,0,0,0,0,0
112_2PCB.A,0.0,0.0,0.0,0,2PCB.A,0.011911687957688459,0.026758546855358632,0.005664252117463797,0,0,0,0,0,0
111_2PCB.A,0.0,0.0,0.0,0,2PCB.A,0.011911687957688459,0.026758546855358632,0.005664252117463797,0,0,0,0,0,0
110_2PCB.A,0.0,0.0,0.0,0,2PCB.A,0.011911687957688459,0.026758546855358632,0.005664252117463797,0,0,0,0,0,0
109_2PCB.A,0.0,0.0,0.0,0,2PCB.A,0.011911687957688459,0.026758546855358632,0.005664252117463797,0,0,0,0,0,0
108_2PCB.A,0.0,0.0,0.04606,0,2PCB.A,0.02623503850369739,0.028521102104631497,0.013190076698884482,0,0,0,0,0,0
107_2PCB.A,0.0,0.0,0.00863,0,2PCB.A,0.012949580032353771,0.02708052143301855,0.007074323027964459,0,0,0,0,0,0
106_2PCB.A,0.0,0.0,0.00028,0,2PCB.A,0.011848029093358583,0.026768934633164074,0.005710001810967875,0,0,0,0,0,0
105_2PCB.A,0.0,0.0,0.00083,0,2PCB.A,0.011848029093358583,0.02678935061522933,0.005799867280350883,0,0,0,0,0,0
104_2PCB.A,0.0,0.0,0.10338,0,2PCB.A,0.04023272099498462,0.030872367258162607,0.022555692526219126,0,0,0,0,0,0
102_2PCB.A,0.0,0.0,0.0743,0,2PCB.A,0.03394493819744625,0.029656947467672837,0.01780426007229569,0,0,0,0,0,0
90_2PCB.A,0.0,0.01,0.40406,0,2PCB.A,0.08130217332770664,0.04787694390346479,0.07481849370723449,0,0,1,0,0,0
101_2PCB.A,0.0,0.02,0.17267,0,2PCB.A,0.06291027201132013,0.035867069707842494,0.040145439807127335,0,0,0,0,0,0
100_2PCB.A,0.0,0.01,0.21163,0,2PCB.A,0.07460328900134612,0.036822201528639534,0.0433770168465575,0,0,0,0,0,0
99_2PCB.A,0.0,0.0,0.1031,0,2PCB.A,0.0392374578407937,0.030860437621394534,0.022509942832715048,0,0,0,0,0,0
98_2PCB.A,0.0,0.01,0.13107,0,2PCB.A,0.042694717573243404,0.03296213564299356,0.030214176458384458,0,0,0,0,0,0
97_2PCB.A,0.0,0.01,0.28273,0,2PCB.A,0.07662025005454277,0.04058715726550329,0.05499417116134279,0,0,0,0,0,0
96_2PCB.A,0.0,0.02,0.17838,0,2PCB.A,0.06413452101665264,0.036149368139707615,0.04107840677108548,0,0,0,0,0,0
95_2PCB.A,0.0,0.0,0.00445,0,2PCB.A,0.012260284256119898,0.026924103193099496,0.006391345460653594,0,0,0,0,0,0
94_2PCB.A,0.0,0.01,0.08474,0,2PCB.A,0.034951153891209605,0.030922345280650545,0.02264423610108484,0,0,0,0,0,0
93_2PCB.A,0.0,0.01,0.28649,0,2PCB.A,0.07662025005454277,0.040796207333924264,0.05560852418839755,0,0,0,0,0,0
92_2PCB.A,0.0,0.0,0.0089,0,2PCB.A,0.013047041457815734,0.027090655323356614,0.007118438803843391,0,0,0,0,0,0
91_2PCB.A,0.0,0.0,0.09976,0,2PCB.A,0.0370694606919121,0.03071847780768832,0.021964214345916413,0,0,0,0,0,0
36_2CFH.C,0.0,0.0,0.00929,0,2CFH.C,0.013047041457815734,0.02710529967373336,0.00718216159122407,0,0,0,0,0,0
34_2CFH.C,0.131,0.02,0.16467,0,2CFH.C,0.08815540607572087,0.041686322835749405,0.06453027099135886,1,0,0,0,0,0
33_2CFH.C,0.173,0.1,0.05229,0,2CFH.C,0.09052059520976238,0.04672957007127018,0.07947875158585288,1,1,0,0,0,0
128_1YVE.I,0.0,0.0,0.0,0,1YVE.I,0.011911687957688459,0.026758546855358632,0.005664252117463797,0,0,0,0,0,0
154_1YVE.I,0.0,0.03,0.16111,0,1YVE.I,0.048021462521801485,0.03627572445875795,0.041390797060596146,0,0,0,0,0,0
153_1YVE.I,0.0,0.02,0.04395,0,1YVE.I,0.02708504380664859,0.030039427389119487,0.019113652136253028,0,0,0,0,0,0
152_1YVE.I,0.0,0.05,0.19157,0,1YVE.I,0.07824436538987165,0.03993159896128518,0.05263604220306395,0,0,1,0,0,0
151_1YVE.I,0.0,0.0,0.00864,0,1YVE.I,0.012949580032353771,0.027080896696563158,0.007075956945589605,0,0,0,0,0,0
150_1YVE.I,0.0,0.06,0.04607,0,1YVE.I,0.02768014335415618,0.03360644363864062,0.03199670678533244,0,0,0,0,0,0
149_1YVE.I,0.0,0.14,0.0441,0,1YVE.I,0.03898108969711779,0.041649845664608054,0.05674815323827584,0,0,0,0,0,0
148_1YVE.I,0.0,0.0,0.00061,0,1YVE.I,0.011848029093358583,0.026781182405977186,0.0057639210925976795,0,0,0,0,0,0
147_1YVE.I,0.0,0.0,0.0,0,1YVE.I,0.011911687957688459,0.026758546855358632,0.005664252117463797,0,0,0,0,0,0
146_1YVE.I,0.0,0.05,0.00515,0,1YVE.I,0.014615147031704745,0.03090773385329423,0.022176549835099466,0,0,0,0,0,0
145_1YVE.I,0.0,0.1,0.0244,0,1YVE.I,0.02780849018953848,0.03637410726928573,0.040992671404190446,0,0,0,0,0,0
144_1YVE.I,0.0,0.0,0.0,0,1YVE.I,0.011911687957688459,0.026758546855358632,0.005664252117463797,0,0,0,0,0,0
143_1YVE.I,0.0,0.0,0.0,0,1YVE.I,0.011911687957688459,0.026758546855358632,0.005664252117463797,0,0,0,0,0,0
142_1YVE.I,0.0,0.05,0.00485,0,1YVE.I,0.014149051072495858,0.030894938094941524,0.022127532306345097,0,0,0,0,0,0
141_1YVE.I,0.0,0.0,0.0,0,1YVE.I,0.011911687957688459,0.026758546855358632,0.005664252117463797,0,0,0,0,0,0
140_1YVE.I,0.0,0.0,0.0,0,1YVE.I,0.011911687957688459,0.026758546855358632,0.005664252117463797,0,0,0,0,0,0
139_1YVE.I,0.0,0.0,0.0,0,1YVE.I,0.011911687957688459,0.026758546855358632,0.005664252117463797,0,0,0,0,0,0
138_1YVE.I,0.0,0.0,0.0,0,1YVE.I,0.011911687957688459,0.026758546855358632,0.005664252117463797,0,0,0,0,0,0
137_1YVE.I,0.0,0.0,0.0,0,1YVE.I,0.011911687957688459,0.026758546855358632,0.005664252117463797,0,0,0,0,0,0
136_1YVE.I,0.0,0.11,0.0,0,1YVE.I,0.024025311151912847,0.03614574813393772,0.04014007842697229,0,0,0,0,0,0
135_1YVE.I,0.0,0.0,0.0,0,1YVE.I,0.011911687957688459,0.026758546855358632,0.005664252117463797,0,0,0,0,0,0
134_1YVE.I,0.0,0.02,0.0,0,1YVE.I,0.01310816334525997,0.028268199421239357,0.011932584173738069,0,0,0,0,0,0
133_1YVE.I,0.0,0.0,0.0,0,1YVE.I,0.011911687957688459,0.026758546855358632,0.005664252117463797,0,0,0,0,0,0
132_1YVE.I,0.0,0.0,0.0,0,1YVE.I,0.011911687957688459,0.026758546855358632,0.005664252117463797,0,0,0,0,0,0
131_1YVE.I,0.0,0.0,0.0,0,1YVE.I,0.011911687957688459,0.026758546855358632,0.005664252117463797,0,0,0,0,0,0
130_1YVE.I,0.0,0.0,0.0,0,1YVE.I,0.011911687957688459,0.026758546855358632,0.005664252117463797,0,0,0,0,0,0
155_1YVE.I,0.0,0.0,0.01182,0,1YVE.I,0.0136725739971429,0.027200487262591732,0.00759554275038591,0,0,0,0,0,0
156_1YVE.I,0.0,0.06,0.02667,0,1YVE.I,0.018389477816881,0.03272053376714559,0.028826906592549953,0,0,0,0,0,0
157_1YVE.I,0.0,0.0,0.0,0,1YVE.I,0.011911687957688459,0.026758546855358632,0.005664252117463797,0,0,0,0,0,0
167_1YVE.I,0.0,0.49,0.005,0,1YVE.I,0.044526550888348615,0.09939392069427756,0.16005534630875623,0,0,0,0,0,0
178_1YVE.I,0.0,0.64,0.2666,0,1YVE.I,0.21832048816478836,0.1965319404538361,0.24981112180462245,0,0,1,0,0,0
177_1YVE.I,0.0,0.0,0.01258,0,1YVE.I,0.0136725739971429,0.02722914457328469,0.007719720489896976,0,0,0,0,0,0
176_1YVE.I,0.0,0.0,0.0003,0,1YVE.I,0.011848029093358583,0.02676967676733848,0.005713269646218166,0,0,0,0,0,0
175_1YVE.I,0.0,0.07,0.03622,0,1YVE.I,0.02528147408338429,0.0340703114242764,0.033521463952701155,0,0,0,0,0,0
174_1YVE.I,0.0,0.04,0.03183,0,1YVE.I,0.02147774323044678,0.031202082982192406,0.023401676030850818,0,0,0,0,0,0
173_1YVE.I,0.0,0.03,0.07866,0,1YVE.I,0.03617925002894373,0.032386549808326254,0.02791914624127058,0,0,0,0,0,0
172_1YVE.I,0.0,0.16,0.34874,0,1YVE.I,0.13271886579820827,0.06626178164199778,0.112792151826986,0,0,1,0,0,0
171_1YVE.I,0.0,0.0,0.0,0,1YVE.I,0.011911687957688459,0.026758546855358632,0.005664252117463797,0,0,0,0,0,0
170_1YVE.I,0.0,0.14,0.03259,0,1YVE.I,0.0355199113568577,0.04100038669910896,0.05486751405173324,0,0,0,0,0,0
169_1YVE.I,0.0,0.1,0.13201,0,1YVE.I,0.05637625897352959,0.04214510635549863,0.058575258968382365,0,0,0,0,0,0
168_1YVE.I,0.0,0.86,0.56926,0,1YVE.I,0.35817442496009777,0.41186987862439745,0.36821492526629646,0,0,1,1,1,1
166_1YVE.I,0.0,0.55,0.78691,0,1YVE.I,0.23227506848727988,0.2847542122564706,0.3066179955053395,0,0,1,0,0,0
158_1YVE.I,0.0,0.23,0.01046,0,1YVE.I,0.033789400321537676,0.05069671597656706,0.07945914860052022,0,0,0,0,0,0
165_1YVE.I,0.0,0.0,0.60715,0,1YVE.I,0.10592770129503934,0.06128260709006767,0.10486756072817957,0,0,1,0,0,0
164_1YVE.I,0.0,0.82,0.92861,0,1YVE.I,0.3423426378814238,0.5106752140732697,0.4143930910133554,0,0,1,1,1,1
163_1YVE.I,0.0,0.77,1.0,0,1YVE.I,0.3407754152410752,0.5008244724450581,0.4103867987985843,0,0,1,1,1,0
162_1YVE.I,0.0,0.94,0.51773,0,1YVE.I,0.4165175900585055,0.44920311422359527,0.38486867596901825,0,1,1,1,1,1
161_1YVE.I,0.0,0.0,0.00591,0,1YVE.I,0.01272638021532879,0.02697863722866827,0.0066298974339248536,0,0,0,0,0,0
141_3BX7.A,0.0,0.01,0.03017,0,3BX7.A,0.020941981548117754,0.02867628336387681,0.01372794762066524,0,0,0,0,0,0
142_3BX7.A,0.0,0.02,0.0251,0,3BX7.A,0.01748495587526256,0.029266950599690172,0.016033717412853553,0,0,0,0,0,0
143_3BX7.A,0.0,0.02,0.05126,0,3BX7.A,0.027214202050434087,0.030344279305941465,0.02030804592023447,0,0,0,0,0,0
657_1QFH.A,0.11,0.0,0.11841,0,1QFH.A,0.05071534343348182,0.03611633551978338,0.04658487668076931,0,0,0,0,0,0
160_1YVE.I,0.0,0.0,0.0,0,1YVE.I,0.011911687957688459,0.026758546855358632,0.005664252117463797,0,0,0,0,0,0
159_1YVE.I,0.0,0.0,0.0,0,1YVE.I,0.011911687957688459,0.026758546855358632,0.005664252117463797,0,0,0,0,0,0
129_1YVE.I,0.0,0.0,0.0,0,1YVE.I,0.011911687957688459,0.026758546855358632,0.005664252117463797,0,0,0,0,0,0
127_1YVE.I,0.0,0.02,0.00621,0,1YVE.I,0.014031482343948569,0.028512176311785174,0.012947247018953492,0,0,0,0,0,0
140_3BX7.A,0.0,0.01,0.05103,0,3BX7.A,0.025798434826766484,0.029515536299350918,0.017136299786718986,0,0,0,0,0,0
126_1YVE.I,0.0,0.02,0.1167,0,1YVE.I,0.041928472192958345,0.03321009543566015,0.03100040285918735,0,0,0,0,0,0
99_1YVE.I,0.0,0.04,0.08412,0,1YVE.I,0.03666887882642928,0.03353372116105023,0.03194543129273722,0,0,0,0,0,0
98_1YVE.I,0.0,0.0,0.00955,0,1YVE.I,0.013195090126348879,0.027115066849085847,0.007224643449477855,0,0,0,0,0,0
97_1YVE.I,0.0,0.03,0.08199,0,1YVE.I,0.03666887882642928,0.03253551122552984,0.028463240810444067,0,0,0,0,0,0
96_1YVE.I,0.0,0.01,0.04335,0,1YVE.I,0.025669276582980988,0.029203815074580013,0.015881451050607155,0,0,0,0,0,0
95_1YVE.I,0.0,0.02,0.01273,0,1YVE.I,0.014869049384714412,0.028770531638676315,0.01401256131054843,0,0,0,0,0,0
94_1YVE.I,0.0,0.03,0.10564,0,1YVE.I,0.04151384225327339,0.03361265724658774,0.032327455993913436,0,0,0,0,0,0
93_1YVE.I,0.0,0.0,0.00803,0,1YVE.I,0.012949580032353771,0.027058014869303683,0.006976287970455723,0,0,0,0,0,0
92_1YVE.I,0.0,0.05,0.04501,0,1YVE.I,0.027550985110370685,0.03265424755796374,0.028689345488929874,0,0,0,0,0,0
91_1YVE.I,0.0,0.15,0.0773,0,1YVE.I,0.049366533465214524,0.0447701208846683,0.0653069257818964,0,0,0,0,0,0
90_1YVE.I,0.0,0.04,0.01273,0,1YVE.I,0.015561340813518858,0.030390151054073628,0.020280893366822702,0,0,0,0,0,0
89_1YVE.I,0.0,0.11,0.00349,0,1YVE.I,0.024373907450344286,0.03631932632742557,0.040710315678148104,0,0,0,0,0,0
88_1YVE.I,0.0,0.0,0.00015,0,1YVE.I,0.011911687957688459,0.026764111248709085,0.0056887608818409815,0,0,0,0,0,0
87_1YVE.I,0.0,0.16,0.00303,0,1YVE.I,0.02790495613532347,0.0415677048901026,0.056305985608077085,0,0,0,0,0,0
86_1YVE.I,0.0,0.36,0.00106,0,1YVE.I,0.033929282841902324,0.07067135308547841,0.11866742439866611,0,0,0,0,0,0
85_1YVE.I,0.0,0.23,0.0194,0,1YVE.I,0.03540670854642171,0.05131303804502447,0.0809198709574004,0,0,0,0,0,0
84_1YVE.I,0.0,0.1,0.04001,0,1YVE.I,0.03433060037051608,0.037161488499060105,0.04354321681704274,0,0,0,0,0,0
83_1YVE.I,0.0,0.51,0.01591,0,1YVE.I,0.045539949824135055,0.1060250798537485,0.16810628249406434,0,0,0,0,0,0
248_1YPI.A,0.0,0.82,0.00352,0,1YPI.A,0.1517011928132319,0.21842089693656136,0.2632410054287601,0,0,0,0,0,0
247_1YPI.A,0.0,0.6,0.00264,0,1YPI.A,0.049976307647089026,0.13045510359937115,0.19414556805873034,0,0,0,0,0,0
246_1YPI.A,0.0,0.0,0.00098,0,1YPI.A,0.011848029093358583,0.026794921237811884,0.005824376044728067,0,0,0,0,0,0
245_1YPI.A,0.0,0.5,0.00191,0,1YPI.A,0.043952208165940705,0.10154631860197544,0.16268463179072337,0,0,0,0,0,0
244_1YPI.A,0.0,0.0,0.00024,0,1YPI.A,0.011848029093358583,0.026767450424839537,0.005703466140467292,0,0,0,0,0,0
243_1YPI.A,0.0,0.0,0.00015,0,1YPI.A,0.011911687957688459,0.026764111248709085,0.0056887608818409815,0,0,0,0,0,0
242_1YPI.A,0.0,0.33,0.00357,0,1YPI.A,0.03366101248868713,0.06552819007391662,0.10967503963816624,0,0,0,0,0,0
241_1YPI.A,0.0,0.11,0.00142,0,1YPI.A,0.02396165228758297,0.03621627651810121,0.040372094729742965,0,0,0,0,0,0
100_1YVE.I,0.0,0.0,0.00045,0,1YVE.I,0.011848029093358583,0.026775243411461137,0.00573777841059535,0,0,0,0,0,0
101_1YVE.I,0.0,0.57,0.12731,0,1YVE.I,0.08248631556662668,0.14136144460986405,0.20511312100700926,0,0,0,0,0,0
102_1YVE.I,0.0,0.11,0.15308,0,1YVE.I,0.05912850930330467,0.04455938148415591,0.0651520894327013,0,0,0,0,0,0
115_1YVE.I,0.0,0.0,0.00242,0,1YVE.I,0.012099895023662594,0.026848456560458638,0.006059660182749035,0,0,0,0,0,0
125_1YVE.I,0.0,0.0,0.03077,0,1YVE.I,0.019815326539153175,0.02792385607254193,0.010691816650036844,0,0,0,0,0,0
124_1YVE.I,0.0,0.02,0.08336,0,1YVE.I,0.036575031042104376,0.03171879167391452,0.02555292149695188,0,0,0,0,0,0
123_1YVE.I,0.0,0.07,0.12064,0,1YVE.I,0.04200539325274355,0.03825681264429267,0.0473149965441804,0,0,0,0,0,0
122_1YVE.I,0.0,0.0,0.00955,0,1YVE.I,0.013195090126348879,0.027115066849085847,0.007224643449477855,0,0,0,0,0,0
121_1YVE.I,0.0,0.0,0.00152,0,1YVE.I,0.011848029093358583,0.02681498480778139,0.00591260759648593,0,0,0,0,0,0
120_1YVE.I,0.0,0.08,0.20506,0,1YVE.I,0.081581132851895,0.044109466506133094,0.06424269516379678,0,0,1,0,0,0
119_1YVE.I,0.0,0.06,0.08791,0,1YVE.I,0.03706218385351726,0.03559655377358748,0.038833018128941674,0,0,0,0,0,0
118_1YVE.I,0.0,0.0,0.0,0,1YVE.I,0.011911687957688459,0.026758546855358632,0.005664252117463797,0,0,0,0,0,0
117_1YVE.I,0.0,0.27,0.08366,0,1YVE.I,0.052943103948651024,0.062225940550387784,0.10395608972913464,0,0,0,0,0,0
116_1YVE.I,0.0,0.26,0.13337,0,1YVE.I,0.06565561364873063,0.06475767740495106,0.10894412821559633,0,0,0,0,0,0
144_3BX7.A,0.0,0.0,0.01837,0,3BX7.A,0.015197141762671972,0.027448433498888626,0.008665758794856284,0,0,0,0,0,0
114_1YVE.I,0.0,0.4,0.01349,0,1YVE.I,0.03782962924368597,0.07974282872726386,0.13323504811927064,0,0,0,0,0,0
103_1YVE.I,0.0,0.14,0.11822,0,1YVE.I,0.055975631006827176,0.046073577653541316,0.06885875067585512,0,0,0,0,0,0
113_1YVE.I,0.0,0.33,0.16308,0,1YVE.I,0.06817829653286292,0.08089027151042794,0.13573765967686388,0,0,0,0,0,0
145_3BX7.A,0.0,0.01,0.02714,0,3BX7.A,0.016360771234268573,0.028556320765705485,0.013232870580246121,0,0,0,0,0,0
112_1YVE.I,0.0,0.13,0.10064,0,1YVE.I,0.052309593398963204,0.04378866538412335,0.06285215746271199,0,0,0,0,0,0
111_1YVE.I,0.0,0.0,0.00394,0,1YVE.I,0.012260284256119898,0.026905078904099013,0.0063080156617711675,0,0,0,0,0,0
110_1YVE.I,0.0,0.05,0.01364,0,1YVE.I,0.015561340813518858,0.03127198815376064,0.02356374589884809,0,0,0,0,0,0
109_1YVE.I,0.0,0.07,0.13095,0,1YVE.I,0.0440023988019276,0.03880078018174296,0.04899956561570552,0,0,0,0,0,0
108_1YVE.I,0.0,0.0,0.0,0,1YVE.I,0.011911687957688459,0.026758546855358632,0.005664252117463797,0,0,0,0,0,0
107_1YVE.I,0.0,0.0,0.0,0,1YVE.I,0.011911687957688459,0.026758546855358632,0.005664252117463797,0,0,0,0,0,0
106_1YVE.I,0.0,0.11,0.02546,0,1YVE.I,0.028331880777263185,0.03743057707205484,0.04430003270059301,0,0,0,0,0,0
105_1YVE.I,0.0,0.0,0.00227,0,1YVE.I,0.012099895023662594,0.026842875114949934,0.006035151418371851,0,0,0,0,0,0
104_1YVE.I,0.0,0.11,0.08154,0,1YVE.I,0.04609665906030693,0.040417173010324416,0.0534630427424096,0,0,0,0,0,0
179_1YVE.I,0.0,0.64,0.11943,0,1YVE.I,0.09048509970969729,0.16551875446104233,0.2257647561153545,0,0,0,0,0,0
180_1YVE.I,0.0,0.22,0.05896,0,1YVE.I,0.046135491714856806,0.052699673886509375,0.0842494830543393,0,0,0,0,0,0
282_1YVE.I,0.0,0.56,0.0,0,1YVE.I,0.05370267720920834,0.11778521540529518,0.1811775496931434,0,0,0,0,0,0
230_1YVE.I,0.0,0.0,0.0,0,1YVE.I,0.011911687957688459,0.026758546855358632,0.005664252117463797,0,0,0,0,0,0
253_1YVE.I,0.0,0.0,0.0,0,1YVE.I,0.011911687957688459,0.026758546855358632,0.005664252117463797,0,0,0,0,0,0
252_1YVE.I,0.0,0.0,0.0,0,1YVE.I,0.011911687957688459,0.026758546855358632,0.005664252117463797,0,0,0,0,0,0
251_1YVE.I,0.0,0.0,0.0,0,1YVE.I,0.011911687957688459,0.026758546855358632,0.005664252117463797,0,0,0,0,0,0
250_1YVE.I,0.0,0.0,0.0,0,1YVE.I,0.011911687957688459,0.026758546855358632,0.005664252117463797,0,0,0,0,0,0
249_1YVE.I,0.0,0.0,0.0,0,1YVE.I,0.011911687957688459,0.026758546855358632,0.005664252117463797,0,0,0,0,0,0
248_1YVE.I,0.0,0.0,0.0,0,1YVE.I,0.011911687957688459,0.026758546855358632,0.005664252117463797,0,0,0,0,0,0
129_3BX7.A,0.0,0.46,0.23444,0,3BX7.A,0.16069703255461776,0.12326795344380725,0.18814145421568573,0,1,0,1,1,1
247_1YVE.I,0.0,0.0,0.0,0,1YVE.I,0.011911687957688459,0.026758546855358632,0.005664252117463797,0,0,0,0,0,0
130_3BX7.A,0.0,0.04,0.2042,0,3BX7.A,0.08065535714101307,0.03954128451708768,0.05156551413548572,0,0,0,0,0,0
246_1YVE.I,0.0,0.0,0.0,0,1YVE.I,0.011911687957688459,0.026758546855358632,0.005664252117463797,0,0,0,0,0,0
245_1YVE.I,0.0,0.0,0.0,0,1YVE.I,0.011911687957688459,0.026758546855358632,0.005664252117463797,0,0,0,0,0,0
244_1YVE.I,0.0,0.0,0.00515,0,1YVE.I,0.01272638021532879,0.02695023626018571,0.006505719694413787,0,0,0,0,0,0
243_1YVE.I,0.0,0.36,0.12489,0,1YVE.I,0.06367291220148429,0.0831687420093728,0.1389002263508442,0,0,0,0,0,0
242_1YVE.I,0.0,0.2,0.12489,0,1YVE.I,0.06187265661374613,0.05460181156030427,0.08875356990065005,0,0,0,0,0,0
241_1YVE.I,0.0,0.26,0.08715,0,1YVE.I,0.053774009815434655,0.06088310465500711,0.10139216095217332,0,0,0,0,0,0
240_1YVE.I,0.0,0.0,0.07805,0,1YVE.I,0.03489812877065496,0.029811037269700892,0.01841697918172529,0,0,0,0,0,0
239_1YVE.I,0.0,0.29,0.14353,0,1YVE.I,0.06699821610759024,0.07102639799296909,0.12000668660715566,0,0,0,0,0,0
238_1YVE.I,0.0,0.61,0.26478,0,1YVE.I,0.19685749816386466,0.1831188006362017,0.24011125071243455,0,0,1,0,0,0
237_1YVE.I,0.0,0.69,0.14686,0,1YVE.I,0.16721284305562065,0.1919223005666069,0.24591742230181454,0,0,0,0,0,0
131_3BX7.A,0.0,0.02,0.04846,0,3BX7.A,0.027214202050434087,0.030227157244745236,0.0198505489851937,0,0,0,0,0,0
236_1YVE.I,0.0,0.45,0.13428,0,1YVE.I,0.07209054855259012,0.10595741436244457,0.16864196925409014,0,0,0,0,0,0
235_1YVE.I,0.0,0.34,0.03289,0,1YVE.I,0.04133553747847219,0.06994576253758866,0.11759985214323032,0,0,0,0,0,0
234_1YVE.I,0.0,0.3,0.01773,0,1YVE.I,0.035428793769671556,0.061688358791918155,0.10258616891096102,0,0,0,0,0,0
233_1YVE.I,0.0,0.0,0.01758,0,1YVE.I,0.015197141762671972,0.02741841244599348,0.00853667930246978,0,0,0,0,0,0
232_1YVE.I,0.0,0.0,0.00227,0,1YVE.I,0.012099895023662594,0.026842875114949934,0.006035151418371851,0,0,0,0,0,0
254_1YVE.I,0.0,0.0,0.0,0,1YVE.I,0.011911687957688459,0.026758546855358632,0.005664252117463797,0,0,0,0,0,0
255_1YVE.I,0.0,0.0,0.0,0,1YVE.I,0.011911687957688459,0.026758546855358632,0.005664252117463797,0,0,0,0,0,0
256_1YVE.I,0.0,0.0,0.00015,0,1YVE.I,0.011911687957688459,0.026764111248709085,0.0056887608818409815,0,0,0,0,0,0
270_1YVE.I,0.0,0.33,0.00106,0,1YVE.I,0.03324875732592581,0.06530961877517462,0.1092649263142547,0,0,0,0,0,0
280_1YVE.I,0.0,0.08,0.00015,0,1YVE.I,0.014842303279924841,0.033316415688736535,0.030762089106938062,0,0,0,0,0,0
128_3BX7.A,0.148,0.04,0.21479,0,3BX7.A,0.151493632568863,0.04808961044548168,0.08232187001565616,1,0,0,0,0,1
279_1YVE.I,0.0,0.41,0.0,0,1YVE.I,0.04505538548689901,0.08040610003084529,0.13416505927108632,0,0,0,0,0,0
278_1YVE.I,0.0,0.0,0.0,0,1YVE.I,0.011911687957688459,0.026758546855358632,0.005664252117463797,0,0,0,0,0,0
277_1YVE.I,0.0,0.0,0.0,0,1YVE.I,0.011911687957688459,0.026758546855358632,0.005664252117463797,0,0,0,0,0,0
276_1YVE.I,0.0,0.0,0.0,0,1YVE.I,0.011911687957688459,0.026758546855358632,0.005664252117463797,0,0,0,0,0,0
275_1YVE.I,0.0,0.0,0.0,0,1YVE.I,0.011911687957688459,0.026758546855358632,0.005664252117463797,0,0,0,0,0,0
274_1YVE.I,0.0,0.0,0.0,0,1YVE.I,0.011911687957688459,0.026758546855358632,0.005664252117463797,0,0,0,0,0,0
273_1YVE.I,0.0,0.0,0.0,0,1YVE.I,0.011911687957688459,0.026758546855358632,0.005664252117463797,0,0,0,0,0,0
272_1YVE.I,0.0,0.0,0.0,0,1YVE.I,0.011911687957688459,0.026758546855358632,0.005664252117463797,0,0,0,0,0,0
271_1YVE.I,0.0,0.0,0.0,0,1YVE.I,0.011911687957688459,0.026758546855358632,0.005664252117463797,0,0,0,0,0,0
269_1YVE.I,0.0,0.54,0.18051,0,1YVE.I,0.131144546589134,0.14028685907917599,0.20440306468837255,0,0,1,0,0,0
257_1YVE.I,0.0,0.0,0.0,0,1YVE.I,0.011911687957688459,0.026758546855358632,0.005664252117463797,0,0,0,0,0,0
268_1YVE.I,0.0,0.79,0.22946,0,1YVE.I,0.2997923239419813,0.2615860260537957,0.2907552421668887,0,0,1,0,0,0
267_1YVE.I,0.0,0.35,0.29327,0,1YVE.I,0.14464030355965843,0.1007927372228885,0.16327796529490887,0,0,1,0,0,0
266_1YVE.I,0.0,0.58,0.07927,0,1YVE.I,0.07170143073041624,0.13655141733818774,0.20039794676394687,0,0,0,0,0,0
265_1YVE.I,0.0,0.0,0.00091,0,1YVE.I,0.011848029093358583,0.02679232147377072,0.005812938621352048,0,0,0,0,0,0
264_1YVE.I,0.0,0.4,0.05183,0,1YVE.I,0.05245193866698403,0.0838432160992823,0.13949948829407893,0,0,0,0,0,0
263_1YVE.I,0.0,0.1,0.0291,0,1YVE.I,0.02868273033432511,0.03660947479178471,0.04176061268800888,0,0,0,0,0,0
262_1YVE.I,0.0,0.0,0.0,0,1YVE.I,0.011911687957688459,0.026758546855358632,0.005664252117463797,0,0,0,0,0,0
261_1YVE.I,0.0,0.0,0.0,0,1YVE.I,0.011911687957688459,0.026758546855358632,0.005664252117463797,0,0,0,0,0,0
260_1YVE.I,0.0,0.21,0.07714,0,1YVE.I,0.052981112839509834,0.05258375992324232,0.08408577926871688,0,0,0,0,0,0
259_1YVE.I,0.0,0.0,0.01167,0,1YVE.I,0.0136725739971429,0.02719483467956766,0.007571033986008726,0,0,0,0,0,0
258_1YVE.I,0.0,0.0,0.0,0,1YVE.I,0.011911687957688459,0.026758546855358632,0.005664252117463797,0,0,0,0,0,0
231_1YVE.I,0.0,0.0,0.00015,0,1YVE.I,0.011911687957688459,0.026764111248709085,0.0056887608818409815,0,0,0,0,0,0
229_1YVE.I,0.0,0.0,0.0,0,1YVE.I,0.011911687957688459,0.026758546855358632,0.005664252117463797,1,0,0,0,0,0
181_1YVE.I,0.0,0.1,0.02895,0,1YVE.I,0.02868273033432511,0.036601940478690316,0.041736103923631696,0,0,0,0,0,0
228_1YVE.I,0.0,0.0,0.0,0,1YVE.I,0.011911687957688459,0.026758546855358632,0.005664252117463797,0,0,0,0,0,0
204_1YVE.I,0.0,0.62,0.00424,0,1YVE.I,0.04965224187700931,0.13726122922654685,0.2006753269350279,0,0,0,0,0,0
203_1YVE.I,0.0,0.0,0.00076,0,1YVE.I,0.011848029093358583,0.026786751376798576,0.005788429856974864,0,0,0,0,0,0
202_1YVE.I,0.0,0.0,0.0,0,1YVE.I,0.011911687957688459,0.026758546855358632,0.005664252117463797,0,0,0,0,0,0
201_1YVE.I,0.0,0.51,0.00091,0,1YVE.I,0.04392202080187659,0.10401705919483946,0.16565540605634593,0,0,0,0,0,0
200_1YVE.I,0.0,0.97,0.0,0,1YVE.I,0.3632757296334369,0.2980425286237546,0.3096783568467659,0,1,0,0,0,1
199_1YVE.I,0.0,0.0,0.0,0,1YVE.I,0.011911687957688459,0.026758546855358632,0.005664252117463797,0,0,0,0,0,0
198_1YVE.I,0.0,0.0,0.0,0,1YVE.I,0.011911687957688459,0.026758546855358632,0.005664252117463797,0,0,0,0,0,0
197_1YVE.I,0.0,0.0,0.0,0,1YVE.I,0.011911687957688459,0.026758546855358632,0.005664252117463797,0,0,0,0,0,0
196_1YVE.I,0.0,0.0,0.0,0,1YVE.I,0.011911687957688459,0.026758546855358632,0.005664252117463797,0,0,0,0,0,0
195_1YVE.I,0.0,0.0,0.0,0,1YVE.I,0.011911687957688459,0.026758546855358632,0.005664252117463797,0,0,0,0,0,0
194_1YVE.I,0.0,0.05,0.03486,0,1YVE.I,0.024506930933767296,0.03220066625145733,0.027030919099407077,0,0,0,0,0,0
193_1YVE.I,0.0,0.0,0.0003,0,1YVE.I,0.011848029093358583,0.02676967676733848,0.005713269646218166,0,0,0,0,0,0
192_1YVE.I,0.0,0.03,0.02728,0,1YVE.I,0.018468829886740624,0.030170089734554283,0.01952407748327243,0,0,0,0,0,0
191_1YVE.I,0.0,0.02,0.06275,0,1YVE.I,0.02843608687129604,0.030829517586094396,0.02218541727152678,0,0,0,0,0,0
190_1YVE.I,0.0,0.0,0.0,0,1YVE.I,0.011911687957688459,0.026758546855358632,0.005664252117463797,0,0,0,0,0,0
189_1YVE.I,0.0,0.0,0.00015,0,1YVE.I,0.011911687957688459,0.026764111248709085,0.0056887608818409815,0,0,0,0,0,0
188_1YVE.I,0.0,0.06,0.18278,0,1YVE.I,0.07326952083895195,0.04053779581863586,0.05433399463869809,0,0,1,0,0,0
187_1YVE.I,0.0,0.0,0.16096,0,1YVE.I,0.04581318278096552,0.033422764384897725,0.03196379021180755,0,0,0,0,0,0
186_1YVE.I,0.0,0.0,0.00576,0,1YVE.I,0.01272638021532879,0.02697302947039578,0.006605388669547669,0,0,0,0,0,0
185_1YVE.I,0.0,0.0,0.08018,0,1YVE.I,0.035387757568140506,0.029898905555076037,0.018765003635881308,0,0,0,0,0,0
184_1YVE.I,0.0,0.0,0.07229,0,1YVE.I,0.033055955865406585,0.029574673460406774,0.01747584262964142,0,0,0,0,0,0
138_3BX7.A,0.0,0.0,0.04347,0,3BX7.A,0.026105880259911896,0.02841906836884257,0.012766892033971768,0,0,0,0,0,0
139_3BX7.A,0.0,0.0,0.00053,0,3BX7.A,0.011848029093358583,0.026778212748602266,0.005750849751596515,0,0,0,0,0,0
183_1YVE.I,0.0,0.0,0.0482,0,1YVE.I,0.02623503850369739,0.028605676168409016,0.013539735070665642,0,0,0,0,0,0
182_1YVE.I,0.0,0.0,0.00212,0,1YVE.I,0.012099895023662594,0.026837294797752577,0.006010642653994667,0,0,0,0,0,0
205_1YVE.I,0.0,0.0,0.0,0,1YVE.I,0.011911687957688459,0.026758546855358632,0.005664252117463797,0,0,0,0,0,0
206_1YVE.I,0.0,0.0,0.0044,0,1YVE.I,0.012260284256119898,0.026922237488573832,0.006383175872527866,0,0,0,0,0,0
207_1YVE.I,0.0,0.65,0.12231,0,1YVE.I,0.09655585473809859,0.170031245196783,0.22936949041953358,0,0,0,0,0,0
219_1YVE.I,0.0,0.84,0.06108,0,1YVE.I,0.17007630988558384,0.2429682916155205,0.27891416733537255,0,0,0,0,0,0
133_3BX7.A,0.0,0.0,0.09246,0,3BX7.A,0.03626909807447098,0.03041040438746738,0.020771454479560116,0,0,0,0,0,0
227_1YVE.I,0.0,0.0,0.0,0,1YVE.I,0.011911687957688459,0.026758546855358632,0.005664252117463797,0,0,0,0,0,0
226_1YVE.I,0.0,0.0,0.0,0,1YVE.I,0.011911687957688459,0.026758546855358632,0.005664252117463797,0,0,0,0,0,0
134_3BX7.A,0.0,0.01,0.12671,0,3BX7.A,0.042694717573243404,0.03276476357016694,0.029501788373820968,0,0,0,0,0,0
135_3BX7.A,0.0,0.0,0.00756,0,3BX7.A,0.012949580032353771,0.027040397430405896,0.006899493842073879,0,0,0,0,0,0
225_1YVE.I,0.0,0.0,0.0,0,1YVE.I,0.011911687957688459,0.026758546855358632,0.005664252117463797,0,0,0,0,0,0
224_1YVE.I,0.0,0.0,0.0,0,1YVE.I,0.011911687957688459,0.026758546855358632,0.005664252117463797,0,0,0,0,0,0
223_1YVE.I,0.0,0.0,0.0,0,1YVE.I,0.011911687957688459,0.026758546855358632,0.005664252117463797,0,0,0,0,0,0
222_1YVE.I,0.0,0.0,0.0,0,1YVE.I,0.011911687957688459,0.026758546855358632,0.005664252117463797,0,0,0,0,0,0
221_1YVE.I,0.0,0.0,0.0,0,1YVE.I,0.011911687957688459,0.026758546855358632,0.005664252117463797,0,0,0,0,0,0
220_1YVE.I,0.0,0.0,0.00015,0,1YVE.I,0.011911687957688459,0.026764111248709085,0.0056887608818409815,0,0,0,0,0,0
218_1YVE.I,0.0,0.24,0.14989,0,1YVE.I,0.06699821610759024,0.06279303490550965,0.10537502807606261,1,0,0,0,0,0
208_1YVE.I,0.0,0.19,0.13595,0,1YVE.I,0.06483140253693395,0.05396190981615898,0.08742651676592395,0,0,0,0,0,0
217_1YVE.I,0.0,0.05,0.10731,0,1YVE.I,0.04151384225327339,0.03557641959323732,0.03886865229358703,0,0,0,0,0,0
136_3BX7.A,0.0,0.0,0.03047,0,3BX7.A,0.019815326539153175,0.02791226005508092,0.010642799121282475,0,0,0,0,0,0
216_1YVE.I,0.0,0.0,0.09366,0,1YVE.I,0.03626909807447098,0.03046084025753525,0.02096752459457759,0,0,0,0,0,0
215_1YVE.I,0.0,0.03,0.14216,0,1YVE.I,0.04594296957323331,0.0353438666086013,0.03829452316094521,0,0,0,0,0,0
137_3BX7.A,0.0,0.0,0.01142,0,3BX7.A,0.01338446577356709,0.027185416245180786,0.007530186045380085,0,0,0,0,0,0
214_1YVE.I,0.0,0.04,0.19521,0,1YVE.I,0.07927049614689784,0.03905785878709763,0.05009662219047981,0,0,1,0,0,0
213_1YVE.I,0.0,0.02,0.15778,0,1YVE.I,0.04692833862810779,0.03514086848705558,0.03771253646328552,0,0,0,0,0,0
212_1YVE.I,0.0,0.0,0.0,0,1YVE.I,0.011911687957688459,0.026758546855358632,0.005664252117463797,0,0,0,0,0,0
211_1YVE.I,0.0,0.02,0.33707,0,1YVE.I,0.08735795391068163,0.04490525533217559,0.06700704556452118,0,0,1,0,0,0
210_1YVE.I,0.0,0.05,0.33162,0,1YVE.I,0.0906295302333554,0.04832087573708109,0.07551905854322824,0,0,1,0,0,0
209_1YVE.I,0.0,0.0,0.16975,0,1YVE.I,0.049282525059790784,0.033829587786239804,0.033400003804310546,0,0,0,0,0,0
240_1YPI.A,0.0,0.0,0.0,0,1YPI.A,0.011911687957688459,0.026758546855358632,0.005664252117463797,0,0,0,0,0,0
239_1YPI.A,0.0,0.28,0.01507,0,1YPI.A,0.034244053011004014,0.058293040728100064,0.09588321476639804,0,0,0,0,0,0
238_1YPI.A,0.0,0.08,0.00602,0,1YPI.A,0.015656995537565173,0.03358673404224223,0.03172119875289854,0,0,0,0,0,0
78_1YPI.A,0.595,0.98,0.10914,0,1YPI.A,0.434686382209322,0.522280793663605,0.44733761391350607,1,1,0,1,1,1
101_1YPI.A,0.706,0.97,0.92336,0,1YPI.A,0.6372087524717024,0.7962202185280999,0.5990098165963308,1,1,1,1,1,1
100_1YPI.A,0.422,0.96,0.38545,0,1YPI.A,0.5007782988488793,0.5509950622385543,0.4522869758324988,1,1,1,1,1,1
99_1YPI.A,0.422,0.93,0.03313,0,1YPI.A,0.3443747798913781,0.4057002989115757,0.38531829197895734,1,1,0,1,1,1
153_3BX7.A,0.0,0.0,0.02374,0,3BX7.A,0.015768783768895903,0.027653348806690112,0.009543172559559478,0,0,0,0,0,0
154_3BX7.A,0.0,0.01,0.15657,0,3BX7.A,0.044618361620009435,0.03413968717156573,0.03438066640250577,0,0,0,0,0,0
155_3BX7.A,0.0,0.01,0.15007,0,3BX7.A,0.044618361620009435,0.033835728442934455,0.033318619946161115,0,0,0,0,0,0
96_1YPI.A,0.422,0.91,0.0484,0,1YPI.A,0.3368069244627999,0.39736511349423437,0.38154495213628037,1,0,0,1,1,1
95_1YPI.A,0.398,0.0,0.02706,0,1YPI.A,0.12323981033353754,0.0454153294788661,0.08814213842614983,1,0,0,0,0,0
94_1YPI.A,0.0,0.0,0.0001,0,1YPI.A,0.011911687957688459,0.026762256325905186,0.005680591293715253,0,0,0,0,0,0
93_1YPI.A,0.0,0.0,0.0,0,1YPI.A,0.011911687957688459,0.026758546855358632,0.005664252117463797,0,0,0,0,0,0
156_3BX7.A,0.0,0.0,0.00038,0,3BX7.A,0.011848029093358583,0.026772645504128886,0.0057263409872193305,0,0,0,0,0,0
157_3BX7.A,0.0,0.01,0.06305,0,3BX7.A,0.027020319647628438,0.03000989803232224,0.019100268772144012,0,0,0,0,0,0
92_1YPI.A,0.0,0.0,0.00044,0,1YPI.A,0.011848029093358583,0.026774872266833318,0.005736144492970204,0,0,0,0,0,0
91_1YPI.A,0.0,0.0,0.0,0,1YPI.A,0.011911687957688459,0.026758546855358632,0.005664252117463797,0,0,0,0,0,0
90_1YPI.A,0.0,0.0,0.0138,0,1YPI.A,0.0136725739971429,0.027275208475073812,0.007919058440164741,0,0,0,0,0,0
89_1YPI.A,0.0,0.12,0.02031,0,1YPI.A,0.02839963995256467,0.03819028707737393,0.046592731151780156,0,0,0,0,0,0
88_1YPI.A,0.0,0.0,0.0023,0,1YPI.A,0.012099895023662594,0.0268439913137799,0.006040053171247288,0,0,0,0,0,0
87_1YPI.A,0.0,0.3,0.00876,0,1YPI.A,0.03355691198046405,0.060952979785297505,0.1011205448012054,0,0,0,0,0,0
86_1YPI.A,0.0,0.97,0.01175,0,1YPI.A,0.25318194686262735,0.30155559700003537,0.311598210056312,0,1,0,0,0,1
158_3BX7.A,0.0,0.02,0.13299,0,3BX7.A,0.045287392752877326,0.033963160260617006,0.03366205467054955,0,0,0,0,0,0
84_1YPI.A,0.0,0.35,0.01625,0,1YPI.A,0.03537676271939393,0.07024022626727594,0.11801517924312514,0,0,0,0,0,0
83_1YPI.A,0.0,0.0,0.00103,0,1YPI.A,0.011848029093358583,0.026796778362321104,0.005832545632853795,0,0,0,0,0,0
159_3BX7.A,0.0,0.0,0.04876,0,3BX7.A,0.02623503850369739,0.028627847850002913,0.013631234457673797,0,0,0,0,0,0
81_1YPI.A,0.0,0.33,0.00984,0,1YPI.A,0.033789400321537676,0.06607715788372673,0.11069950598913254,0,0,0,0,0,0
80_1YPI.A,0.0,0.0,5e-05,0,1YPI.A,0.011911687957688459,0.026760401528124356,0.005672421705589526,0,0,0,0,0,0
152_3BX7.A,0.0,0.0,0.04098,0,3BX7.A,0.025055633803996825,0.028321308297426736,0.012360046545310512,0,0,0,0,0,0
103_1YPI.A,0.706,0.78,0.79861,0,1YPI.A,0.4814961589892082,0.6567882623779404,0.5190775396880337,1,0,1,1,1,1
104_1YPI.A,0.422,0.0,0.26785,0,1YPI.A,0.20314552239246492,0.06466233884532836,0.13219216585962149,1,0,1,0,0,0
115_1YPI.A,0.0,0.08,0.02716,0,1YPI.A,0.019413216967139095,0.034577894897520764,0.035175300612456356,0,0,0,0,0,0
126_1YPI.A,0.0,0.0,0.0,0,1YPI.A,0.011911687957688459,0.026758546855358632,0.005664252117463797,0,0,0,0,0,0
125_1YPI.A,0.0,0.0,0.0,0,1YPI.A,0.011911687957688459,0.026758546855358632,0.005664252117463797,0,0,0,0,0,0
124_1YPI.A,0.0,0.0,0.0,0,1YPI.A,0.011911687957688459,0.026758546855358632,0.005664252117463797,0,0,0,0,0,0
123_1YPI.A,0.0,0.0,0.00059,0,1YPI.A,0.011848029093358583,0.026780439961609757,0.005760653257347388,0,0,0,0,0,0
122_1YPI.A,0.0,0.0,0.01038,0,1YPI.A,0.013279529798889356,0.027146269578117537,0.0073602586123649415,0,0,0,0,0,0
121_1YPI.A,0.0,0.0,0.01033,0,1YPI.A,0.013279529798889356,0.027144388908032887,0.007352089024239214,0,0,0,0,0,0
120_1YPI.A,0.0,0.09,0.01918,0,1YPI.A,0.01843677791079118,0.035144889593209244,0.037005600375727296,0,0,0,0,0,0
119_1YPI.A,0.0,0.02,0.02212,0,1YPI.A,0.01696525915646742,0.029146606281892255,0.01554680996056016,0,0,0,0,0,0
118_1YPI.A,0.0,0.02,0.0183,0,1YPI.A,0.016393617150243484,0.028993041258353537,0.014922653427754536,0,0,0,0,0,0
117_1YPI.A,0.0,0.05,0.01248,0,1YPI.A,0.015561340813518858,0.031221975652630497,0.023374211454331197,0,0,0,0,0,0
116_1YPI.A,0.0,0.0,0.00039,0,1YPI.A,0.011848029093358583,0.026773016618739164,0.005727974904844476,0,0,0,0,0,0
114_1YPI.A,0.0,0.22,0.02755,0,1YPI.A,0.036597664166605606,0.05051046469259044,0.07911734779375694,0,0,0,0,0,0
151_3BX7.A,0.0,0.01,0.16043,0,3BX7.A,0.04540596908340405,0.03432143671826875,0.03501135860581197,0,0,0,0,0,0
113_1YPI.A,0.0,0.0,0.00015,0,1YPI.A,0.011911687957688459,0.026764111248709085,0.0056887608818409815,0,0,0,0,0,0
112_1YPI.A,0.0,0.0,0.06152,0,1YPI.A,0.02745692332455934,0.02913758818518879,0.015716113347359596,0,0,0,0,0,0
111_1YPI.A,0.051,0.3,0.13072,0,1YPI.A,0.0605233187884223,0.07615817002402199,0.13105001964986104,1,0,1,0,0,0
110_1YPI.A,0.0,0.0,0.00039,0,1YPI.A,0.011848029093358583,0.026773016618739164,0.005727974904844476,0,0,0,0,0,0
149_3BX7.A,0.0,0.01,0.03773,0,3BX7.A,0.02364919588070754,0.02897773222271016,0.014963189345275324,0,0,0,0,0,0
109_1YPI.A,0.0,0.0,0.00049,0,1YPI.A,0.011848029093358583,0.026776728040004513,0.005744314081095932,0,0,0,0,0,0
108_1YPI.A,0.594,0.77,0.42828,0,1YPI.A,0.39617738629564075,0.48747095260951867,0.43346885253912365,1,0,1,1,1,1
107_1YPI.A,0.0,0.47,0.14163,0,1YPI.A,0.07492020875772601,0.11246442271094684,0.17611123076484644,0,0,1,0,0,0
106_1YPI.A,0.03,0.2,0.01307,0,1YPI.A,0.03203732639946441,0.04868956299821982,0.07636675918825991,0,0,0,0,0,0
105_1YPI.A,0.044,0.43,0.25317,0,1YPI.A,0.13604288219602045,0.12309342309580645,0.19042864622875458,0,0,1,0,0,0
150_3BX7.A,0.0,0.01,0.04188,0,3BX7.A,0.025247482484264908,0.029144514830747887,0.015641265159710753,0,0,0,0,0,0
79_1YPI.A,0.0,0.0,0.00587,0,1YPI.A,0.01272638021532879,0.026977141715636702,0.006623361763424271,0,0,0,0,0,0
160_3BX7.A,0.0,0.01,0.0527,0,3BX7.A,0.026528543857910543,0.029583745246374086,0.0174091640301183,0,0,0,0,0,0
237_1YPI.A,0.0,0.18,0.06196,0,1YPI.A,0.04319477920421659,0.04753415018351528,0.07220299422933443,0,0,0,0,0,0
161_3BX7.A,0.0,0.0,0.02472,0,3BX7.A,0.016190783381551558,0.027690904935245668,0.009703296486823748,0,0,0,0,0,0
50_1YPI.A,0.0,0.0,0.0002,0,1YPI.A,0.011911687957688459,0.026765966296543976,0.005696930469966709,0,0,0,0,0,0
49_1YPI.A,0.241,0.96,0.01238,0,1YPI.A,0.36816529450301394,0.36389051918853793,0.35583235208686337,1,1,0,1,1,1
170_3BX7.A,0.0,0.37,0.06819,0,3BX7.A,0.05207434103587705,0.07924925493530484,0.13277007944440572,0,1,0,0,0,0
47_1YPI.A,0.0,0.0,0.00401,0,1YPI.A,0.012260284256119898,0.02690768930692597,0.006319453085147187,0,0,0,0,0,0
171_3BX7.A,0.0,0.07,0.05534,0,3BX7.A,0.028885101450478446,0.03497798067975926,0.036645514451979555,0,0,0,0,0,0
172_3BX7.A,0.0,0.0,0.04861,0,3BX7.A,0.02623503850369739,0.0286219073718494,0.013606725693296613,0,0,0,0,0,0
44_1YPI.A,0.241,0.85,0.0763,0,1YPI.A,0.2729808279483899,0.3147782049499545,0.33180052723728565,1,0,0,1,1,1
173_3BX7.A,0.0,0.22,0.07386,0,3BX7.A,0.05232636487938112,0.05376923900759993,0.08668402031580626,0,0,0,0,0,0
42_1YPI.A,0.0,0.0,0.00299,0,1YPI.A,0.012099895023662594,0.026869676347379485,0.006152793487382335,0,0,0,0,0,0
41_1YPI.A,0.0,0.0,0.0,0,1YPI.A,0.011911687957688459,0.026758546855358632,0.005664252117463797,0,0,0,0,0,0
40_1YPI.A,0.0,0.0,0.0,0,1YPI.A,0.011911687957688459,0.026758546855358632,0.005664252117463797,0,0,0,0,0,0
39_1YPI.A,0.0,0.0,0.00157,0,1YPI.A,0.011848029093358583,0.026816843284555324,0.005920777184611658,0,0,0,0,0,0
38_1YPI.A,0.0,0.0,0.00367,0,1YPI.A,0.012260284256119898,0.02689501251392393,0.006263899885892236,0,0,0,0,0,0
37_1YPI.A,0.0,0.31,0.01375,0,1YPI.A,0.034063742775972884,0.06300654845719571,0.1050700357242902,0,0,0,0,0,0
36_1YPI.A,0.0,0.0,0.00602,0,1YPI.A,0.01272638021532879,0.026982750305146692,0.0066478705278014555,0,0,0,0,0,0
35_1YPI.A,0.0,0.78,0.00817,0,1YPI.A,0.14462765351104712,0.2008257648330437,0.2514641130119043,0,0,0,0,0,0
34_1YPI.A,0.0,0.44,0.01052,0,1YPI.A,0.04120471489615736,0.0880882006927204,0.14528643869715094,0,0,0,0,0,0
33_1YPI.A,0.0,0.0,0.00196,0,1YPI.A,0.011878216457422697,0.026831343702816562,0.005984499971992337,0,0,0,0,0,0
32_1YPI.A,0.0,0.0,0.00117,0,1YPI.A,0.011848029093358583,0.026801978976880695,0.005855420479605833,0,0,0,0,0,0
31_1YPI.A,0.0,0.33,0.00254,0,1YPI.A,0.03350062325622983,0.0654384152975148,0.10950674612277625,0,0,0,0,0,0
30_1YPI.A,0.0,0.0,0.0021,0,1YPI.A,0.012099895023662594,0.026836550840698248,0.0060073748187443755,0,0,0,0,0,0
29_1YPI.A,0.0,0.09,0.00313,0,1YPI.A,0.015050342583024122,0.03437790006142992,0.03438316258736859,0,0,0,0,0,0
28_1YPI.A,0.0,0.05,0.00259,0,1YPI.A,0.013988661840038554,0.030798708092971253,0.021758266923062188,0,0,0,0,0,0
27_1YPI.A,0.0,0.0,0.0,0,1YPI.A,0.011911687957688459,0.026758546855358632,0.005664252117463797,0,0,0,0,0,0
26_1YPI.A,0.0,0.02,0.00343,0,1YPI.A,0.01345675964369141,0.028402704710004528,0.012493017919163012,0,0,0,0,0,0
51_1YPI.A,0.0,0.36,0.00891,0,1YPI.A,0.03423743749644057,0.07140920140219631,0.11995004973440541,0,0,0,0,0,0
52_1YPI.A,0.0,0.15,0.01199,0,1YPI.A,0.0286282080124587,0.04095627370813858,0.05463580977207041,0,0,0,0,0,0
53_1YPI.A,0.0,0.0,0.00622,0,1YPI.A,0.012835006956377057,0.02699023018805244,0.006680548880304367,0,0,0,0,0,0
67_1YPI.A,0.525,0.97,0.44502,0,1YPI.A,0.5299173457012478,0.6105657415693838,0.4853549420107875,1,1,1,1,1,1
162_3BX7.A,0.0,0.01,0.03455,0,3BX7.A,0.022625222406377602,0.02885055950106559,0.014443603540479018,0,0,0,0,0,0
74_1YPI.A,0.929,0.97,0.46381,0,1YPI.A,0.537597981227738,0.7298672589655416,0.5676583096778758,1,1,1,1,1,1
163_3BX7.A,0.0,0.01,0.03999,0,3BX7.A,0.02364919588070754,0.029068443262359186,0.015332454728558232,0,0,0,0,0,0
164_3BX7.A,0.0,0.01,0.02979,0,3BX7.A,0.020507296246254903,0.028661211769402638,0.013665858750909709,0,0,0,0,0,0
165_3BX7.A,0.0,0.06,0.05988,0,3BX7.A,0.02890202817501814,0.03425114434330514,0.03425314702565853,0,0,0,0,0,0
166_3BX7.A,0.0,0.0,0.0034,0,3BX7.A,0.012260284256119898,0.026884949785978413,0.006219784110013305,0,0,0,0,0,0
167_3BX7.A,0.0,0.0,0.09224,0,3BX7.A,0.03626909807447098,0.030401166589697087,0.020735508291806915,0,0,0,0,0,0
70_1YPI.A,0.0,0.25,0.01547,0,1YPI.A,0.03435637895764466,0.05384506523239107,0.08654607338699244,0,0,0,0,0,0
168_3BX7.A,0.0,0.03,0.04816,0,3BX7.A,0.02768014335415618,0.031052520546967877,0.022935697484576467,0,0,0,0,0,0
69_1YPI.A,0.085,0.73,0.18827,0,1YPI.A,0.21419134978063187,0.23924254479972748,0.28189049845405734,1,0,1,0,0,0
68_1YPI.A,0.109,0.63,0.19165,0,1YPI.A,0.17326131766669184,0.19726766238181917,0.2558080272675757,1,0,1,0,0,0
66_1YPI.A,0.0,0.0,0.01473,0,1YPI.A,0.0136725739971429,0.027310373627590732,0.008071012779303282,0,0,0,0,0,0
54_1YPI.A,0.0,0.04,0.00925,0,1YPI.A,0.01493580827419169,0.030244438135395714,0.019712290033272028,0,0,0,0,0,0
65_1YPI.A,0.355,0.0,0.11026,0,1YPI.A,0.1392016373182831,0.048245460896199174,0.09330309255417837,1,0,0,0,0,0
169_3BX7.A,0.0,0.0,0.04393,0,3BX7.A,0.026105880259911896,0.028437164276437287,0.012842052244728466,0,0,0,0,0,0
63_1YPI.A,0.0,0.0,0.00162,0,1YPI.A,0.011848029093358583,0.026818701886585843,0.005928946772737386,0,0,0,0,0,0
62_1YPI.A,0.0,0.0,0.0,0,1YPI.A,0.011911687957688459,0.026758546855358632,0.005664252117463797,0,0,0,0,0,0
61_1YPI.A,0.0,0.0,0.00152,0,1YPI.A,0.011848029093358583,0.02681498480778139,0.00591260759648593,0,0,0,0,0,0
60_1YPI.A,0.0,0.03,0.01272,0,1YPI.A,0.015561340813518858,0.02956918347092186,0.01714509342106042,0,0,0,0,0,0
96_2SIC.I,0.0,0.01,0.53888,0,2SIC.I,0.09437136606436175,0.05743034655820583,0.09684697112944764,0,0,1,0,0,0
58_1YPI.A,0.0,0.04,0.01175,0,1YPI.A,0.015561340813518858,0.030349048308543815,0.02012076943955843,0,0,0,0,0,0
57_1YPI.A,0.0,0.05,0.01767,0,1YPI.A,0.01708590857904793,0.03144634168817006,0.02422221470178177,0,0,0,0,0,0
56_1YPI.A,0.0,0.03,0.01067,0,1YPI.A,0.015168296615265314,0.02948551518490969,0.01681014030790557,0,0,0,0,0,0
55_1YPI.A,0.0,0.15,0.01243,0,1YPI.A,0.0286282080124587,0.04098089642623171,0.054707702147576816,0,0,0,0,0,0
127_1YPI.A,0.0,0.0,0.0001,0,1YPI.A,0.011911687957688459,0.026762256325905186,0.005680591293715253,0,0,0,0,0,0
128_1YPI.A,0.0,0.0,0.00113,0,1YPI.A,0.011848029093358583,0.02680049298685975,0.005848884809105251,0,0,0,0,0,0
129_1YPI.A,0.0,0.0,0.00152,0,1YPI.A,0.011848029093358583,0.02681498480778139,0.00591260759648593,0,0,0,0,0,0
130_1YPI.A,0.0,0.41,0.04317,0,1YPI.A,0.04873505699252705,0.08507138179934284,0.14121868165883994,0,0,0,0,0,0
208_1YPI.A,0.0,0.0,0.00269,0,1YPI.A,0.012099895023662594,0.026858506006404666,0.006103775958627967,0,0,0,0,0,0
207_1YPI.A,0.0,0.0,0.0,0,1YPI.A,0.011911687957688459,0.026758546855358632,0.005664252117463797,0,0,0,0,0,0
206_1YPI.A,0.0,0.0,0.0,0,1YPI.A,0.011911687957688459,0.026758546855358632,0.005664252117463797,0,0,0,0,0,0
205_1YPI.A,0.0,0.0,0.00871,0,1YPI.A,0.012949580032353771,0.027083523682930287,0.007087394368965625,0,0,0,0,0,0
204_1YPI.A,0.0,0.0,0.00073,0,1YPI.A,0.011848029093358583,0.026785637492549107,0.005783528104099427,0,0,0,0,0,0
203_1YPI.A,0.0,0.16,0.00651,0,1YPI.A,0.02875464114401465,0.04176562198706283,0.05687458894162775,0,0,0,0,0,0
202_1YPI.A,0.0,0.02,0.00073,0,1YPI.A,0.013044504480930095,0.028296774009187706,0.012051860160373698,0,0,0,0,0,0
201_1YPI.A,0.0,0.0,5e-05,0,1YPI.A,0.011911687957688459,0.026760401528124356,0.005672421705589526,0,0,0,0,0,0
200_1YPI.A,0.0,0.05,0.00225,0,1YPI.A,0.013988661840038554,0.030784256149446836,0.02170271372380724,0,0,0,0,0,0
199_1YPI.A,0.0,0.03,0.00367,0,1YPI.A,0.014149051072495858,0.029201545358594577,0.01566639797030364,0,0,0,0,0,0
198_1YPI.A,0.0,0.05,0.00142,0,1YPI.A,0.013736795909734542,0.030749003978743163,0.021567098560920154,0,0,0,0,0,0
197_1YPI.A,0.0,0.02,0.00171,0,1YPI.A,0.013074691844994208,0.028335178511650443,0.012211984087637968,0,0,0,0,0,0
196_1YPI.A,0.0,0.04,0.00186,0,1YPI.A,0.013766983273798656,0.02993724908376351,0.018504824908289422,0,0,0,0,0,0
195_1YPI.A,0.0,0.05,0.00543,0,1YPI.A,0.014615147031704745,0.030919681189928817,0.022222299528603544,0,0,0,0,0,0
194_1YPI.A,0.0,0.04,0.00514,0,1YPI.A,0.014615147031704745,0.030073217817920852,0.019040749889337183,0,0,0,0,0,0
193_1YPI.A,0.0,0.03,0.00147,0,1YPI.A,0.013736795909734542,0.029112846800608796,0.015306936092771608,0,0,0,0,0,0
192_1YPI.A,0.0,0.0,5e-05,0,1YPI.A,0.011911687957688459,0.026760401528124356,0.005672421705589526,0,0,0,0,0,0
191_1YPI.A,0.0,0.0,0.00661,0,1YPI.A,0.012949580032353771,0.027004821758603283,0.006744271667685046,0,0,0,0,0,0
190_1YPI.A,0.0,0.05,0.00715,0,1YPI.A,0.01483834684872973,0.030993170115065798,0.022503333360128587,0,0,0,0,0,0
189_1YPI.A,0.0,0.0,0.00029,0,1YPI.A,0.011848029093358583,0.02676930569775022,0.00571163572859302,0,0,0,0,0,0
188_1YPI.A,0.0,0.0,0.00186,0,1YPI.A,0.011878216457422697,0.026827624920154877,0.005968160795740881,0,0,0,0,0,0
187_1YPI.A,0.0,0.06,0.00558,0,1YPI.A,0.014615147031704745,0.0317830521676715,0.02538097432111786,0,0,0,0,0,0
186_1YPI.A,0.0,0.08,0.00122,0,1YPI.A,0.014778644415594965,0.03336553302769862,0.030936918292828644,0,0,0,0,0,0
185_1YPI.A,0.0,0.0,0.0,0,1YPI.A,0.011911687957688459,0.026758546855358632,0.005664252117463797,0,0,0,0,0,0
184_1YPI.A,0.0,0.0,0.00225,0,1YPI.A,0.012099895023662594,0.026842131007470318,0.00603188358312156,0,0,0,0,0,0
209_1YPI.A,0.0,0.0,0.00436,0,1YPI.A,0.012260284256119898,0.026920745015462905,0.006376640202027284,0,0,0,0,0,0
210_1YPI.A,0.0,0.0,0.01268,0,1YPI.A,0.0136725739971429,0.02723291745615604,0.0077360596661484315,0,0,0,0,0,0
211_1YPI.A,0.0,0.23,0.05628,0,1YPI.A,0.04680198756055955,0.05393120367181834,0.08694575915893742,0,0,0,0,0,0
225_1YPI.A,0.0,0.17,0.00083,0,1YPI.A,0.027653090205019458,0.04257863977532578,0.059080689758682185,0,0,0,0,0,0
236_1YPI.A,0.0,0.14,0.0648,0,1YPI.A,0.04147409300985603,0.042842691852153655,0.06013036272232726,0,0,0,0,0,0
235_1YPI.A,0.0,0.0,0.00162,0,1YPI.A,0.011848029093358583,0.026818701886585843,0.005928946772737386,0,0,0,0,0,0
234_1YPI.A,0.0,0.0,0.01811,0,1YPI.A,0.015197141762671972,0.027438549627559452,0.0086232769366025,0,0,0,0,0,0
233_1YPI.A,0.0,0.08,0.08198,0,1YPI.A,0.03733411478088956,0.03728124110132181,0.0441324370335046,0,0,0,0,0,0
232_1YPI.A,0.0,0.1,0.03206,0,1YPI.A,0.030890314410138443,0.03675845745691352,0.04224425230505198,0,0,0,0,0,0
231_1YPI.A,0.0,0.0,0.00416,0,1YPI.A,0.012260284256119898,0.02691328385655489,0.006343961849524371,0,0,0,0,0,0
230_1YPI.A,0.0,0.0,0.00137,0,1YPI.A,0.011848029093358583,0.02680941012891966,0.005888098832108746,0,0,0,0,0,0
229_1YPI.A,0.0,0.0,0.0,0,1YPI.A,0.011911687957688459,0.026758546855358632,0.005664252117463797,0,0,0,0,0,0
228_1YPI.A,0.0,0.0,0.0,0,1YPI.A,0.011911687957688459,0.026758546855358632,0.005664252117463797,0,0,0,0,0,0
227_1YPI.A,0.0,0.0,0.00039,0,1YPI.A,0.011848029093358583,0.026773016618739164,0.005727974904844476,0,0,0,0,0,0
226_1YPI.A,0.0,0.0,0.00049,0,1YPI.A,0.011848029093358583,0.026776728040004513,0.005744314081095932,0,0,0,0,0,0
224_1YPI.A,0.0,0.2,0.00142,0,1YPI.A,0.03265736667314387,0.04620341664248734,0.06857958898297718,0,0,0,0,0,0
212_1YPI.A,0.0,0.0,0.00822,0,1YPI.A,0.012949580032353771,0.02706513997959959,0.00700733240533349,0,0,0,0,0,0
223_1YPI.A,0.0,0.03,0.00113,0,1YPI.A,0.013736795909734542,0.029099162177313183,0.015251382893516657,0,0,0,0,0,0
222_1YPI.A,0.0,0.09,0.00196,0,1YPI.A,0.014828664016784222,0.03432262426808143,0.034191994225226556,0,0,0,0,0,0
221_1YPI.A,0.0,0.14,0.00269,0,1YPI.A,0.02617849646838231,0.03935826467768697,0.04998210035254787,0,0,0,0,0,0
220_1YPI.A,0.0,0.0,0.00206,0,1YPI.A,0.012099895023662594,0.026835062986752704,0.006000839148243793,0,0,0,0,0,0
219_1YPI.A,0.0,0.26,0.00352,0,1YPI.A,0.032867616204230184,0.0544183962961478,0.08772770785308058,0,0,0,0,0,0
218_1YPI.A,0.0,0.17,0.00201,0,1YPI.A,0.02768327756908357,0.04264720601512741,0.059273492038449366,0,0,0,0,0,0
217_1YPI.A,0.0,0.0,0.00039,0,1YPI.A,0.011848029093358583,0.026773016618739164,0.005727974904844476,0,0,0,0,0,0
216_1YPI.A,0.0,0.38,0.0092,0,1YPI.A,0.03577563893193703,0.07527192631637726,0.1262657654018089,0,0,0,0,0,0
215_1YPI.A,0.0,0.37,0.01282,0,1YPI.A,0.036983647315764985,0.07368231130076044,0.12372307755397448,0,0,0,0,0,0
214_1YPI.A,0.0,0.26,0.00367,0,1YPI.A,0.032867616204230184,0.05442939083165593,0.08775221661745776,0,0,0,0,0,0
213_1YPI.A,0.0,0.17,0.02506,0,1YPI.A,0.03112413442876744,0.04400791039679546,0.06303967216441,0,0,0,0,0,0
183_1YPI.A,0.0,0.04,0.00485,0,1YPI.A,0.014149051072495858,0.030061172116760293,0.01899336627820796,0,0,0,0,0,0
182_1YPI.A,0.0,0.05,0.00093,0,1YPI.A,0.013736795909734542,0.030728210809105424,0.02148703659728802,0,0,0,0,0,0
181_1YPI.A,0.0,0.0,0.0,0,1YPI.A,0.011911687957688459,0.026758546855358632,0.005664252117463797,0,0,0,0,0,0
140_1YPI.A,0.0,0.04,0.0071,0,1YPI.A,0.01483834684872973,0.030154752855562333,0.019360997743865724,0,0,0,0,0,0
151_1YPI.A,0.0,0.0,0.00113,0,1YPI.A,0.011848029093358583,0.02680049298685975,0.005848884809105251,0,0,0,0,0,0
150_1YPI.A,0.0,0.0,0.0,0,1YPI.A,0.011911687957688459,0.026758546855358632,0.005664252117463797,0,0,0,0,0,0
149_1YPI.A,0.0,0.05,0.00225,0,1YPI.A,0.013988661840038554,0.030784256149446836,0.02170271372380724,0,0,0,0,0,0
148_1YPI.A,0.0,0.02,0.00416,0,1YPI.A,0.01345675964369141,0.0284314112830175,0.012612293905798641,0,0,0,0,0,0
147_1YPI.A,0.0,0.0,0.0,0,1YPI.A,0.011911687957688459,0.026758546855358632,0.005664252117463797,0,0,0,0,0,0
146_1YPI.A,0.0,0.0,0.00108,0,1YPI.A,0.011848029093358583,0.02679863561200108,0.0058407152209795235,0,0,0,0,0,0
145_1YPI.A,0.0,0.02,0.01175,0,1YPI.A,0.014869049384714412,0.02873155452171955,0.01385243738328416,0,0,0,0,0,0
144_1YPI.A,0.0,0.02,0.00798,0,1YPI.A,0.014146055419925281,0.02858208913086901,0.013236450438604264,0,0,0,0,0,0
143_1YPI.A,0.0,0.0,0.00078,0,1YPI.A,0.011848029093358583,0.026787493991323692,0.005791697692225155,0,0,0,0,0,0
142_1YPI.A,0.0,0.0,0.00083,0,1YPI.A,0.011848029093358583,0.02678935061522933,0.005799867280350883,0,0,0,0,0,0
141_1YPI.A,0.0,0.02,0.00837,0,1YPI.A,0.014146055419925281,0.028597516005196322,0.013300173225984945,0,0,0,0,0,0
139_1YPI.A,0.0,0.11,0.00392,0,1YPI.A,0.024373907450344286,0.03634076817747009,0.04078057413602937,0,0,0,0,0,0
153_1YPI.A,0.0,0.11,0.02334,0,1YPI.A,0.02759995354565405,0.03732193764224682,0.04395364216406214,0,0,0,0,0,0
138_1YPI.A,0.0,0.07,0.00558,0,1YPI.A,0.014916203460937597,0.03266296735266178,0.028515140349254998,0,0,0,0,0,0
137_1YPI.A,0.0,0.08,0.00587,0,1YPI.A,0.015656995537565173,0.03357980013269116,0.03169668998852135,0,0,0,0,0,0
136_1YPI.A,0.0,0.21,0.0047,0,1YPI.A,0.03290562509508899,0.047674644716727686,0.07224967999216207,0,0,0,0,0,0
135_1YPI.A,0.0,0.95,0.02491,0,1YPI.A,0.24511774417759682,0.29367673651177456,0.3074801135947293,0,1,0,0,0,0
134_1YPI.A,0.0,0.78,0.00352,0,1YPI.A,0.14528913493477538,0.19976491934399454,0.2507043413162116,0,0,0,0,0,0
133_1YPI.A,0.0,0.17,0.01409,0,1YPI.A,0.029261471939523474,0.043355232047410486,0.06124726452962527,0,0,0,0,0,0
132_1YPI.A,0.0,0.46,0.11902,0,1YPI.A,0.06913031977318602,0.10657314484353148,0.1692827769862551,0,0,1,0,0,0
146_3BX7.A,0.0,0.01,0.03402,0,3BX7.A,0.021822602542935065,0.028829416761990346,0.014357005906346301,0,0,0,0,0,0
147_3BX7.A,0.0,0.01,0.13367,0,3BX7.A,0.04346127086712129,0.03308038069396302,0.03063899504092232,0,0,0,0,0,0
148_3BX7.A,0.0,0.01,0.10214,0,3BX7.A,0.0366328570149812,0.031673683618293126,0.025487252768838203,0,0,0,0,0,0
131_1YPI.A,0.0,0.86,0.05716,0,1YPI.A,0.1745517598758528,0.25244367243783683,0.2845420036825897,0,0,0,0,0,0
152_1YPI.A,0.0,0.09,0.01038,0,1YPI.A,0.01613251593278892,0.03472233988395139,0.035567752865599156,0,0,0,0,0,0
154_1YPI.A,0.0,0.0,0.0023,0,1YPI.A,0.012099895023662594,0.0268439913137799,0.006040053171247288,0,0,0,0,0,0
180_1YPI.A,0.0,0.08,0.00343,0,1YPI.A,0.015190899578356282,0.033467202403733846,0.031298014087985826,0,0,0,0,0,0
168_1YPI.A,0.0,0.0,0.01243,0,1YPI.A,0.0136725739971429,0.02722348620159044,0.007695211725519792,0,0,0,0,0,0
179_1YPI.A,0.0,0.27,0.00362,0,1YPI.A,0.032867616204230184,0.055896314775140864,0.09087821305746917,0,0,0,0,0,0
178_1YPI.A,0.0,0.0,0.00191,0,1YPI.A,0.011878216457422697,0.0268294842488304,0.005976330383866609,0,0,0,0,0,0
177_1YPI.A,0.0,0.73,0.00529,0,1YPI.A,0.12277820804595409,0.1785308395864363,0.2353227145951767,0,0,0,0,0,0
176_1YPI.A,0.0,0.95,0.0067,0,1YPI.A,0.24256600802080303,0.28832566836700435,0.30450474959933915,0,1,0,0,0,0
175_1YPI.A,0.02,0.98,0.01718,0,1YPI.A,0.22306959823370132,0.31467976871241893,0.31954203080289534,0,1,0,1,1,0
174_1YPI.A,0.02,0.97,0.02936,0,1YPI.A,0.21051574450088695,0.3123403065940162,0.3183979764421855,0,1,0,1,1,0
173_1YPI.A,0.02,0.65,0.07302,0,1YPI.A,0.07923340342351169,0.16383163970514708,0.22523834789318292,0,0,0,0,0,0
172_1YPI.A,0.02,0.98,0.12304,0,1YPI.A,0.24574238153437175,0.3480651446359091,0.33683868278268675,0,1,1,1,1,0
171_1YPI.A,0.02,0.82,0.24221,0,1YPI.A,0.2496681762872548,0.28714121862767694,0.30616342267135277,0,0,1,0,0,0
170_1YPI.A,0.02,0.51,0.20149,0,1YPI.A,0.16349818796520982,0.13680748352033778,0.20235096322950866,0,0,1,0,0,0
169_1YPI.A,0.02,0.97,0.02765,0,1YPI.A,0.21051574450088695,0.31181743075141316,0.31811857652828557,0,1,0,1,1,0
167_1YPI.A,0.03,0.66,0.06612,0,1YPI.A,0.07566668333636134,0.16815065213592884,0.22920632948396563,0,0,0,0,0,0
155_1YPI.A,0.0,0.57,0.00778,0,1YPI.A,0.047749627052615894,0.12193057580343053,0.18558290363364377,0,0,0,0,0,0
166_1YPI.A,0.0,0.0,0.00181,0,1YPI.A,0.011878216457422697,0.026825765716782062,0.005959991207615153,0,0,0,0,0,0
165_1YPI.A,0.0,0.0,0.00832,0,1YPI.A,0.012949580032353771,0.02706889077026525,0.0070236715815849456,0,0,0,0,0,0
164_1YPI.A,0.0,0.0,0.0,0,1YPI.A,0.011911687957688459,0.026758546855358632,0.005664252117463797,0,0,0,0,0,0
163_1YPI.A,0.0,0.0,0.0,0,1YPI.A,0.011911687957688459,0.026758546855358632,0.005664252117463797,0,0,0,0,0,0
162_1YPI.A,0.0,0.0,0.0,0,1YPI.A,0.011911687957688459,0.026758546855358632,0.005664252117463797,0,0,0,0,0,0
161_1YPI.A,0.0,0.0,0.00206,0,1YPI.A,0.012099895023662594,0.026835062986752704,0.006000839148243793,0,0,0,0,0,0
160_1YPI.A,0.0,0.0,0.0023,0,1YPI.A,0.012099895023662594,0.0268439913137799,0.006040053171247288,0,0,0,0,0,0
159_1YPI.A,0.0,0.12,0.0184,0,1YPI.A,0.028012989938345032,0.03809048732892058,0.046280652885377346,0,0,0,0,0,0
158_1YPI.A,0.0,0.5,0.01414,0,1YPI.A,0.04473700625192367,0.1031466120473144,0.16468291304627647,0,0,0,0,0,0
157_1YPI.A,0.0,0.0,0.00387,0,1YPI.A,0.012260284256119898,0.026902468747514476,0.006296578238395149,0,0,0,0,0,0
156_1YPI.A,0.0,0.32,0.01219,0,1YPI.A,0.034063742775972884,0.06455881700268708,0.10794931060290462,0,0,0,0,0,0
281_1YVE.I,0.0,0.0,0.00106,0,1YVE.I,0.011848029093358583,0.02679789269710808,0.005837447385729232,0,0,0,0,0,0
283_1YVE.I,0.0,0.09,0.00727,0,1YVE.I,0.0159000275917153,0.034574181476157595,0.03505960448417887,0,0,0,0,0,0
31_2CFH.C,0.173,0.03,0.31412,0,2CFH.C,0.20324004240309343,0.05519405234998467,0.10032045456808046,1,0,0,0,0,1
551_1YVE.I,0.0,0.54,0.02273,0,1YVE.I,0.04707998325831115,0.11530782125490117,0.17862311239882508,0,0,0,0,0,0
572_1YVE.I,0.0,0.02,0.17581,0,1YVE.I,0.06260103969635716,0.03602204543506392,0.04065848994142306,0,0,0,0,0,0
571_1YVE.I,0.0,0.04,0.01122,0,1YVE.I,0.015168296615265314,0.030326841715078292,0.020034171805425716,0,0,0,0,0,0
570_1YVE.I,0.0,0.0,0.0,0,1YVE.I,0.011911687957688459,0.026758546855358632,0.005664252117463797,0,0,0,0,0,0
569_1YVE.I,0.0,0.05,0.02167,0,1YVE.I,0.017657550585271863,0.03162032717730247,0.024875781751840013,0,0,0,0,0,0
568_1YVE.I,0.0,0.02,0.01046,0,1YVE.I,0.014476005186460868,0.02868032602188452,0.013641662009640378,0,0,0,0,0,0
567_1YVE.I,0.0,0.0,0.0,0,1YVE.I,0.011911687957688459,0.026758546855358632,0.005664252117463797,0,0,0,0,0,0
566_1YVE.I,0.0,0.0,0.00015,0,1YVE.I,0.011911687957688459,0.026764111248709085,0.0056887608818409815,0,0,0,0,0,0
565_1YVE.I,0.0,0.08,0.1743,0,1YVE.I,0.06512860838499476,0.04229867273569047,0.05921676454884889,0,0,0,0,0,0
564_1YVE.I,0.0,0.0,0.00273,0,1YVE.I,0.012099895023662594,0.026859995124259455,0.006110311629128549,0,0,0,0,0,0
563_1YVE.I,0.0,0.0,0.0,0,1YVE.I,0.011911687957688459,0.026758546855358632,0.005664252117463797,0,0,0,0,0,0
562_1YVE.I,0.0,0.13,0.08881,0,1YVE.I,0.05002845465413372,0.04308855895005257,0.06091923291216473,0,0,0,0,0,0
561_1YVE.I,0.0,0.0,0.01485,0,1YVE.I,0.017874220039224117,0.027314914275103522,0.00809061979080503,0,0,0,0,0,0
560_1YVE.I,0.0,0.08,0.17536,0,1YVE.I,0.06512860838499476,0.04235987427568825,0.05938995981711431,0,0,0,0,0,0
559_1YVE.I,0.0,0.14,0.17581,0,1YVE.I,0.08783613805695528,0.049815886024550116,0.07826848227906869,0,0,1,0,0,0
558_1YVE.I,0.0,0.0,0.00288,0,1YVE.I,0.012099895023662594,0.026865580031262673,0.006134820393505733,0,0,0,0,0,0
72_3BX7.A,0.278,0.93,0.43774,0,3BX7.A,0.466307935439596,0.5025150921450215,0.4231866833844311,1,1,1,1,1,1
557_1YVE.I,0.0,0.21,0.07578,0,1YVE.I,0.052981112839509834,0.0524873427176243,0.08386356647169707,0,0,0,0,0,0
556_1YVE.I,0.0,0.77,0.1937,0,1YVE.I,0.2782556156374509,0.2413833842079582,0.2786440206830937,0,0,1,0,0,0
76_3BX7.A,0.523,0.25,0.22658,0,3BX7.A,0.25034603987168713,0.13059746589660828,0.22361144763643384,1,1,0,1,1,1
555_1YVE.I,0.0,0.0,0.06472,0,1YVE.I,0.027721016581684174,0.029266797275978917,0.016238966987406192,0,0,0,0,0,0
78_3BX7.A,1.0,0.64,0.59152,0,3BX7.A,0.4197213515514075,0.5831211405755399,0.49902224568045667,1,1,1,1,1,1
554_1YVE.I,0.0,0.0,0.00045,0,1YVE.I,0.011848029093358583,0.026775243411461137,0.00573777841059535,0,0,0,0,0,0
553_1YVE.I,0.0,0.85,0.11034,0,1YVE.I,0.19661524808606995,0.2615176292722428,0.29009701158497697,0,0,0,0,0,0
79_3BX7.A,0.069,0.99,0.74915,0,3BX7.A,0.4332441743284173,0.5878763078387732,0.45188403698639623,1,1,1,1,1,1
552_1YVE.I,0.0,0.29,0.13928,0,1YVE.I,0.06699821610759024,0.07062803036676388,0.11931227161646878,0,0,0,0,0,0
573_1YVE.I,0.0,0.0,0.02561,0,1YVE.I,0.016500711000505038,0.027725054963678948,0.009848715155461707,0,0,0,0,0,0
574_1YVE.I,0.0,0.02,0.08866,0,1YVE.I,0.03696833606919236,0.03195145578274367,0.026418897838279057,0,0,0,0,0,0
575_1YVE.I,0.0,0.02,0.0676,0,1YVE.I,0.028479392384154867,0.031036587143504588,0.022977867319722397,0,0,0,0,0,0
587_1YVE.I,0.0,0.06,0.03213,0,1YVE.I,0.02147774323044678,0.03296756016570706,0.029719025615879455,0,0,0,0,0,0
65_3BX7.A,0.112,0.04,0.17623,0,3BX7.A,0.07002755621554757,0.043670111743821995,0.06896109624670899,1,0,0,0,0,0
66_3BX7.A,0.0,0.0,0.08967,0,3BX7.A,0.03590529917321253,0.030293453466258113,0.02031559146214449,0,0,0,0,0,0
67_3BX7.A,0.0,0.0,0.16096,0,3BX7.A,0.04581318278096552,0.033422764384897725,0.03196379021180755,0,0,0,0,0,0
68_3BX7.A,0.027,0.0,0.27225,0,3BX7.A,0.077213500371822,0.04025516176616026,0.055442950016842345,0,0,1,0,0,0
69_3BX7.A,0.0,0.0,0.0564,0,3BX7.A,0.02745692332455934,0.028932003776635528,0.014879547523285044,0,0,0,0,0,0
593_1YVE.I,0.0,0.23,0.10382,0,1YVE.I,0.05783724014530475,0.057492187325550906,0.09471340354887965,0,0,0,0,0,0
592_1YVE.I,0.0,0.0,0.0094,0,1YVE.I,0.013047041457815734,0.0271094315227489,0.007200134685100672,0,0,0,0,0,0
591_1YVE.I,0.0,0.33,0.0776,0,1YVE.I,0.052943103948651024,0.07228817630156437,0.1217709318171192,0,0,0,0,0,0
590_1YVE.I,0.0,0.12,0.0582,0,1YVE.I,0.040453443146616,0.04022273249608341,0.05278364503345687,0,0,0,0,0,0
589_1YVE.I,0.0,0.0,0.00015,0,1YVE.I,0.011911687957688459,0.026764111248709085,0.0056887608818409815,0,0,0,0,0,0
588_1YVE.I,0.0,0.0,0.0,0,1YVE.I,0.011911687957688459,0.026758546855358632,0.005664252117463797,0,0,0,0,0,0
586_1YVE.I,0.0,0.19,0.18339,0,1YVE.I,0.10403971403037097,0.05751707624439217,0.09517782197961473,0,0,1,0,0,0
576_1YVE.I,0.0,0.02,0.24674,0,1YVE.I,0.08001787262824273,0.039699328770933316,0.052247867656580876,0,0,1,0,0,0
585_1YVE.I,0.0,0.0,0.00925,0,1YVE.I,0.013047041457815734,0.027103797334973822,0.007175625920723488,0,0,0,0,0,0
70_3BX7.A,0.072,0.6,0.42806,0,3BX7.A,0.213472030990593,0.23169038550598617,0.27777646648044635,1,1,1,1,1,1
584_1YVE.I,0.0,0.53,0.32419,0,1YVE.I,0.18728540898170187,0.16294392995760656,0.22474502709832753,0,0,1,0,0,0
583_1YVE.I,0.0,0.25,0.04835,0,1YVE.I,0.044702235748731625,0.05628135331884258,0.09191839453847121,0,0,0,0,0,0
582_1YVE.I,0.0,0.29,0.1408,0,1YVE.I,0.06699821610759024,0.07077026766793196,0.11956062709549091,0,0,0,0,0,0
581_1YVE.I,0.0,0.17,0.01713,0,1YVE.I,0.03062652293322214,0.04353517058594914,0.061743975487669536,0,0,0,0,0,0
580_1YVE.I,0.0,0.12,0.10928,0,1YVE.I,0.05534364843704202,0.043127223659338555,0.06112969626270066,0,0,0,0,0,0
579_1YVE.I,0.0,0.0,0.02061,0,1YVE.I,0.015768783768895903,0.02753373027836073,0.009031756342888901,0,0,0,0,0,0
71_3BX7.A,0.112,0.39,0.18719,0,3BX7.A,0.12484048278496003,0.11074041679156124,0.1804476809486683,1,1,0,1,1,0
578_1YVE.I,0.0,0.04,0.11352,0,1YVE.I,0.04246692850968233,0.03491766217627866,0.03674914911066531,0,0,0,0,0,0
577_1YVE.I,0.0,0.02,0.07866,0,1YVE.I,0.03608540224461883,0.03151383850832756,0.024784980213133443,0,0,0,0,0,0
80_3BX7.A,0.069,0.63,0.74287,0,3BX7.A,0.23864528525513265,0.33858688128842107,0.338027959704868,1,1,1,1,1,1
550_1YVE.I,0.0,0.91,0.05987,0,1YVE.I,0.23086117998995456,0.28076464159608605,0.3006556254996899,0,0,0,0,0,0
64_3BX7.A,0.0,0.0,0.00892,0,3BX7.A,0.013047041457815734,0.027091406128539667,0.007121706639093683,0,0,0,0,0,0
549_1YVE.I,0.0,0.91,0.15095,0,1YVE.I,0.29514697618205665,0.3076886817319377,0.3155373472295161,0,0,0,1,0,0
87_3BX7.A,0.0,0.16,0.08309,0,3BX7.A,0.04949850382769983,0.04635570238243124,0.06938713011499284,0,0,0,0,0,0
521_1YVE.I,0.0,0.0,0.0,0,1YVE.I,0.011911687957688459,0.026758546855358632,0.005664252117463797,0,0,0,0,0,0
520_1YVE.I,0.0,0.0,0.0,0,1YVE.I,0.011911687957688459,0.026758546855358632,0.005664252117463797,0,0,0,0,0,0
519_1YVE.I,0.0,0.98,0.0,0,1YVE.I,0.37637583561105226,0.30397953677380823,0.3128125228749031,0,1,0,0,0,1
518_1YVE.I,0.0,0.86,0.0,0,1YVE.I,0.25115043546747823,0.2373914964178484,0.2752025305372574,0,0,0,0,0,0
517_1YVE.I,0.0,0.0,0.0,0,1YVE.I,0.011911687957688459,0.026758546855358632,0.005664252117463797,0,0,0,0,0,0
516_1YVE.I,0.0,0.0,0.0,0,1YVE.I,0.011911687957688459,0.026758546855358632,0.005664252117463797,0,0,0,0,0,0
515_1YVE.I,0.0,0.0,0.0,0,1YVE.I,0.011911687957688459,0.026758546855358632,0.005664252117463797,0,0,0,0,0,0
514_1YVE.I,0.0,0.0,0.0,0,1YVE.I,0.011911687957688459,0.026758546855358632,0.005664252117463797,0,0,0,0,0,0
513_1YVE.I,0.0,0.0,0.0,0,1YVE.I,0.011911687957688459,0.026758546855358632,0.005664252117463797,0,0,0,0,0,0
512_1YVE.I,0.0,0.0,0.0,0,1YVE.I,0.011911687957688459,0.026758546855358632,0.005664252117463797,0,0,0,0,0,0
511_1YVE.I,0.0,0.0,0.0,0,1YVE.I,0.011911687957688459,0.026758546855358632,0.005664252117463797,0,0,0,0,0,0
510_1YVE.I,0.0,0.0,0.0,0,1YVE.I,0.011911687957688459,0.026758546855358632,0.005664252117463797,0,0,0,0,0,0
509_1YVE.I,0.0,0.0,0.0,0,1YVE.I,0.011911687957688459,0.026758546855358632,0.005664252117463797,0,0,0,0,0,0
508_1YVE.I,0.0,0.0,0.0238,0,1YVE.I,0.015768783768895903,0.027655646738652614,0.009552976065310352,0,0,0,0,0,0
507_1YVE.I,0.0,0.0,0.0003,0,1YVE.I,0.011848029093358583,0.02676967676733848,0.005713269646218166,0,0,0,0,0,0
506_1YVE.I,0.0,0.59,0.0044,0,1YVE.I,0.05013669687954633,0.1275661221037131,0.19129897153261885,0,0,0,0,0,0
505_1YVE.I,0.0,0.0,0.0,0,1YVE.I,0.011911687957688459,0.026758546855358632,0.005664252117463797,0,0,0,0,0,0
504_1YVE.I,0.0,0.0,0.0,0,1YVE.I,0.011911687957688459,0.026758546855358632,0.005664252117463797,0,0,0,0,0,0
503_1YVE.I,0.0,0.76,0.00091,0,1YVE.I,0.13824823952099197,0.19032225939454797,0.24400955675977432,0,0,0,0,0,0
502_1YVE.I,0.0,0.0,0.0,0,1YVE.I,0.011911687957688459,0.026758546855358632,0.005664252117463797,0,0,0,0,0,0
501_1YVE.I,0.0,0.0,0.0,0,1YVE.I,0.011911687957688459,0.026758546855358632,0.005664252117463797,0,0,0,0,0,0
500_1YVE.I,0.0,0.0,0.0,0,1YVE.I,0.011911687957688459,0.026758546855358632,0.005664252117463797,0,0,0,0,0,0
499_1YVE.I,0.0,0.0,0.0,0,1YVE.I,0.011911687957688459,0.026758546855358632,0.005664252117463797,0,0,0,0,0,0
498_1YVE.I,0.0,0.0,0.0,0,1YVE.I,0.011911687957688459,0.026758546855358632,0.005664252117463797,0,0,0,0,0,0
86_3BX7.A,0.0,0.02,0.04415,0,3BX7.A,0.02708504380664859,0.03004772844616068,0.01914633048875594,0,0,0,0,0,0
522_1YVE.I,0.0,0.0,0.00076,0,1YVE.I,0.011848029093358583,0.026786751376798576,0.005788429856974864,0,0,0,0,0,0
523_1YVE.I,0.0,0.87,0.0,0,1YVE.I,0.26824671866224226,0.24253777785794556,0.27833669656539456,0,0,0,0,0,0
537_1YVE.I,0.0,0.8,0.00015,0,1YVE.I,0.23948325242678567,0.2081474919853078,0.25642204313281186,0,0,0,0,0,0
548_1YVE.I,0.0,0.64,0.13171,0,1YVE.I,0.09788050458274937,0.16794871217166146,0.2277712069590333,0,0,0,0,0,0
547_1YVE.I,0.0,0.96,0.19248,0,1YVE.I,0.40901955734105705,0.3518980415142261,0.3379938372674315,0,1,1,1,1,1
546_1YVE.I,0.0,0.93,0.18293,0,1YVE.I,0.386029969640257,0.3298281484404808,0.32703094785100606,0,1,1,1,1,1
545_1YVE.I,0.0,0.54,0.15202,0,1YVE.I,0.08371272859287686,0.13546393468142762,0.1997480333743327,0,0,0,0,0,0
544_1YVE.I,0.0,0.69,0.06335,0,1YVE.I,0.11328656442671806,0.17414795638215408,0.23227257621422356,0,0,0,0,0,0
543_1YVE.I,0.0,0.55,0.0047,0,1YVE.I,0.045349913828502536,0.11556697439063382,0.17881132494882468,0,0,0,0,0,0
542_1YVE.I,0.0,0.91,0.00227,0,1YVE.I,0.22539901516411137,0.26449962540737265,0.29124425997885117,0,0,0,0,0,0
541_1YVE.I,0.0,0.0,0.0,0,1YVE.I,0.011911687957688459,0.026758546855358632,0.005664252117463797,0,0,0,0,0,0
540_1YVE.I,0.0,0.0,0.0,0,1YVE.I,0.011911687957688459,0.026758546855358632,0.005664252117463797,0,0,0,0,0,0
539_1YVE.I,0.215,0.98,0.0003,0,1YVE.I,0.44320768063862664,0.36526339807183805,0.35502774296957207,1,1,0,1,1,1
538_1YVE.I,0.0,0.99,0.0003,0,1YVE.I,0.33559581503037533,0.31007398604661385,0.31599570643179453,0,1,0,1,0,0
536_1YVE.I,0.0,0.0,0.0,0,1YVE.I,0.011911687957688459,0.026758546855358632,0.005664252117463797,0,0,0,0,0,0
524_1YVE.I,0.0,0.0,0.0,0,1YVE.I,0.011911687957688459,0.026758546855358632,0.005664252117463797,0,0,0,0,0,0
535_1YVE.I,0.355,0.0,0.0,0,1YVE.I,0.2196356329956366,0.04152499177539654,0.07528751681932287,1,0,0,0,0,0
81_3BX7.A,0.02,0.8,0.4388,0,3BX7.A,0.267859091890214,0.33498068342468734,0.3320162772078162,0,1,1,1,1,1
82_3BX7.A,0.02,0.17,0.25599,0,3BX7.A,0.11823879560589151,0.061580633384940624,0.10469416932988966,0,0,1,0,0,0
532_1YVE.I,0.0,0.0,0.0,0,1YVE.I,0.011911687957688459,0.026758546855358632,0.005664252117463797,0,0,0,0,0,0
83_3BX7.A,0.0,0.0,0.16292,0,3BX7.A,0.04546848572088513,0.03351306699190589,0.03228403806633609,0,0,0,0,0,0
84_3BX7.A,0.012,0.03,0.03243,0,3BX7.A,0.023630061860243454,0.03084160702100412,0.022719007529017655,0,0,0,0,0,0
529_1YVE.I,0.0,0.0,0.0,0,1YVE.I,0.011911687957688459,0.026758546855358632,0.005664252117463797,0,0,0,0,0,0
528_1YVE.I,0.0,0.0,0.0,0,1YVE.I,0.011911687957688459,0.026758546855358632,0.005664252117463797,0,0,0,0,0,0
85_3BX7.A,0.0,0.01,0.03606,0,3BX7.A,0.023416692280534286,0.028910878886081876,0.014690325101876006,0,0,0,0,0,0
526_1YVE.I,0.215,0.82,0.0,0,1YVE.I,0.38230286063404245,0.26805642066955643,0.3048320689906235,1,0,0,0,0,1
525_1YVE.I,0.0,0.0,0.0,0,1YVE.I,0.011911687957688459,0.026758546855358632,0.005664252117463797,0,0,0,0,0,0
594_1YVE.I,0.0,0.38,0.15338,0,1YVE.I,0.06809583722117439,0.09087168203038626,0.1498235897211583,0,0,0,0,0,0
595_1YVE.I,0.0,0.62,0.33844,0,1YVE.I,0.2053543622768258,0.2038785747037077,0.25528085396739425,0,0,1,0,0,0
284_1YVE.I,0.0,0.15,0.01228,0,1YVE.I,0.0286282080124587,0.04097250072621799,0.05468319338319963,0,0,0,0,0,0
399_2B4J.C,0.0,0.0,0.02788,0,2B4J.C,0.016580063070364665,0.027812342083743315,0.01021961445636976,0,0,0,0,0,0
425_2B4J.C,0.466,0.81,0.89872,0,2B4J.C,0.48322086863774844,0.6384933346175745,0.4977679377418731,1,1,1,1,1,1
424_2B4J.C,0.433,0.98,0.75071,0,2B4J.C,0.5827596881820629,0.6890015505952107,0.5203931236612374,1,1,1,1,1,1
423_2B4J.C,0.433,0.0,0.40901,0,2B4J.C,0.22754768950499824,0.07895832269834577,0.15741388765257255,1,0,1,0,0,0
422_2B4J.C,0.572,0.74,0.41299,0,2B4J.C,0.40190924573803544,0.45394628759070327,0.41725341321307335,1,0,1,1,1,1
421_2B4J.C,0.572,0.68,0.32382,0,2B4J.C,0.3783631129010252,0.3820041059109996,0.3838787735808271,1,0,1,1,1,1
420_2B4J.C,0.435,0.62,0.44144,0,2B4J.C,0.3236991553007329,0.34111705243255147,0.35742322000022136,1,0,1,0,0,1
419_2B4J.C,0.0,0.0,0.02227,0,2B4J.C,0.015768783768895903,0.02759710738706098,0.009302986668663074,0,0,0,0,0,0
418_2B4J.C,0.649,0.56,0.27879,0,2B4J.C,0.29500894141923845,0.3132066544472729,0.3540126343519202,1,0,1,0,0,0
417_2B4J.C,0.572,0.53,0.16663,0,2B4J.C,0.23423764937894676,0.24449260667579584,0.3111827320091062,1,0,0,0,0,0
416_2B4J.C,0.0,0.0,0.00106,0,2B4J.C,0.011848029093358583,0.02679789269710808,0.005837447385729232,0,0,0,0,0,0
415_2B4J.C,0.433,0.85,0.09445,0,2B4J.C,0.277694348605212,0.37611179785691484,0.3724214872276488,1,1,0,1,1,0
414_2B4J.C,0.387,0.95,0.24051,0,2B4J.C,0.4390817057006313,0.48130979517667444,0.4186065422115151,0,1,0,1,1,1
413_2B4J.C,0.329,0.0,0.13371,0,2B4J.C,0.14282874461163192,0.048249846178983515,0.09203546070275516,0,0,0,0,0,0
412_2B4J.C,0.0,0.0,0.00683,0,2B4J.C,0.012949580032353771,0.027013056284176322,0.00678021785543825,0,0,0,0,0,0
411_2B4J.C,0.083,0.88,0.14785,0,2B4J.C,0.2150048930921785,0.3113749314472078,0.32190645009047664,0,1,0,0,0,0
410_2B4J.C,0.197,0.73,0.25888,0,2B4J.C,0.3007605610468,0.28642656723177456,0.31539324051396606,0,0,0,0,0,0
409_2B4J.C,0.387,0.0,0.15606,0,2B4J.C,0.15042893280777275,0.05336376191061504,0.10706233519413258,0,0,0,0,0,0
408_2B4J.C,0.282,0.96,0.38795,0,2B4J.C,0.4886717387248441,0.5072301110436327,0.4252383931028408,0,1,1,1,1,1
54_3BX7.A,0.0,0.0,0.07477,0,3BX7.A,0.034210235808195356,0.029676217652605676,0.01788105420067753,0,0,0,0,0,0
406_2B4J.C,0.262,0.83,0.26579,0,2B4J.C,0.34110241688531295,0.36876438610248685,0.3606118595802872,0,1,0,1,1,1
55_3BX7.A,0.067,0.78,0.09753,0,3BX7.A,0.14296898140488054,0.23720870574835096,0.2792049663609789,0,1,0,1,1,0
404_2B4J.C,0.0,0.4,0.29269,0,2B4J.C,0.14497210354334544,0.11423605021258881,0.17885402821333612,0,0,1,0,0,0
403_2B4J.C,0.0,0.0,0.07608,0,2B4J.C,0.03489812877065496,0.029729992254308675,0.018095097409571603,0,0,0,0,0,0
402_2B4J.C,0.0,0.68,0.24904,0,2B4J.C,0.2570013955689731,0.2107764961441987,0.2594786265674153,0,0,0,0,0,0
401_2B4J.C,0.0,0.92,0.41526,0,2B4J.C,0.3886855728918686,0.3998058252476822,0.36185759000787693,0,1,1,1,1,1
426_2B4J.C,0.493,0.8,1.0,0,2B4J.C,0.5010865586423833,0.6724859748634355,0.5164773799760001,1,1,1,1,1,1
53_3BX7.A,0.0,0.0,0.00801,0,3BX7.A,0.012949580032353771,0.027057264963782576,0.006973020135205432,0,0,0,0,0,0
4_2CFH.C,0.616,0.11,0.15795,0,2CFH.C,0.1831049167702354,0.0936924966462556,0.1867588807143027,1,1,0,1,1,1
48_3BX7.A,0.0,0.47,0.20337,0,3BX7.A,0.15380153729012483,0.12154546209637583,0.18619903818249545,0,1,0,1,1,1
30_2CFH.C,0.068,0.01,0.07987,0,2CFH.C,0.041746577001760675,0.03341711919595236,0.035184805540811936,0,0,0,0,0,0
29_2CFH.C,0.173,0.01,0.02362,0,2CFH.C,0.0782541327922464,0.03521892711194947,0.046586815501326186,1,0,0,0,0,0
28_2CFH.C,0.279,0.01,0.09914,0,2CFH.C,0.12392550129666903,0.04449019039810334,0.07971507988078377,1,0,0,0,0,1
27_2CFH.C,0.173,0.07,0.09499,0,2CFH.C,0.10615405974712554,0.04567914898553777,0.07705308176081324,1,1,0,0,0,1
26_2CFH.C,0.131,0.03,0.11584,0,2CFH.C,0.08543168381427049,0.04006615642055221,0.05968601725590996,1,0,0,0,0,0
25_2CFH.C,0.368,0.02,0.01591,0,2CFH.C,0.12016084529113147,0.04550763562464265,0.08670499615839865,1,0,0,0,0,1
24_2CFH.C,0.282,0.02,0.07898,0,2CFH.C,0.12678167128154252,0.04463269063282433,0.08014363359382616,1,0,0,0,0,1
23_2CFH.C,0.0,0.01,0.051,0,2CFH.C,0.025798434826766484,0.029514312384173392,0.01713139803384355,0,0,0,0,0,0
22_2CFH.C,0.0,0.02,0.10537,0,2CFH.C,0.041419994468948486,0.03269585862130641,0.029149174189897376,0,0,0,0,0,0
21_2CFH.C,0.0,0.0,0.04349,0,2CFH.C,0.026105880259911896,0.028419854914938255,0.01277015986922206,0,0,0,0,0,0
20_2CFH.C,0.279,0.01,0.29663,0,2CFH.C,0.1816778918080278,0.05810223773305101,0.11198331905978445,1,0,0,0,1,1
17_2CFH.C,0.117,0.02,0.32875,0,2CFH.C,0.09346299105212913,0.0512107613362911,0.08859388517115359,0,0,0,0,0,0
5_2CFH.C,0.466,0.04,0.16616,0,2CFH.C,0.15550628931502736,0.0661536208260818,0.13674288402764684,1,0,0,1,1,1
16_2CFH.C,0.416,0.02,0.44934,0,2CFH.C,0.22017422531430392,0.08592142836499089,0.16693773766026582,1,0,1,1,1,1
15_2CFH.C,0.0,0.0,0.01315,0,2CFH.C,0.0136725739971429,0.02725065681318674,0.007812853794530276,0,0,0,0,0,0
14_2CFH.C,0.548,0.0,0.86557,0,2CFH.C,0.3434083470051459,0.15989592373501882,0.2545660460721749,1,0,1,1,1,1
49_3BX7.A,0.0,0.55,0.44802,0,3BX7.A,0.19192397552691165,0.19723300392828183,0.2512461611067799,0,1,1,1,1,1
12_2CFH.C,0.81,0.0,0.45646,0,2CFH.C,0.2571729689806822,0.12942056704070012,0.23910477267853886,1,0,1,1,1,1
11_2CFH.C,0.0,0.0,0.14016,0,2CFH.C,0.045025575317570905,0.03247881535685643,0.028565241551504684,0,0,0,0,0,0
10_2CFH.C,0.918,0.27,1.0,0,2CFH.C,0.46384938404444304,0.4423313069676529,0.43371837625456316,1,1,1,1,1,1
9_2CFH.C,0.616,0.16,0.54137,0,2CFH.C,0.29386435384837867,0.17048864368786634,0.2650773804383214,1,1,1,1,1,1
8_2CFH.C,0.698,0.07,0.08758,0,2CFH.C,0.16521984215344862,0.084910537628241,0.17880633181037195,1,1,0,1,1,1
50_3BX7.A,0.018,0.27,0.2377,0,3BX7.A,0.13682901456678304,0.07796794945734266,0.1326551505300705,0,1,0,0,0,0
51_3BX7.A,0.0,0.0,0.04861,0,3BX7.A,0.02623503850369739,0.0286219073718494,0.013606725693296613,0,0,0,0,0,0
400_2B4J.C,0.0,0.0,0.00081,0,2B4J.C,0.011848029093358583,0.026788607950650842,0.005796599445100591,0,0,0,0,0,0
398_2B4J.C,0.0,0.88,0.22515,0,2B4J.C,0.34010182553074136,0.312186165784504,0.31825851792368515,0,1,0,0,0,1
345_2B4J.C,0.0,0.02,0.13525,0,2B4J.C,0.045287392752877326,0.0340689299826979,0.034031320053832456,0,0,0,0,0,0
397_2B4J.C,0.0,0.26,0.27465,0,2B4J.C,0.1422404199317963,0.07806526713639339,0.13202811642365353,0,0,1,0,0,0
56_3BX7.A,0.0,0.0,0.03379,0,3BX7.A,0.022259206219865976,0.028040850248101903,0.011185259772830816,0,0,0,0,0,0
57_3BX7.A,0.0,0.09,0.16119,0,3BX7.A,0.05067875210121966,0.0426870485839638,0.06020886457042012,0,0,0,0,0,0
58_3BX7.A,0.0,0.03,0.0502,0,3BX7.A,0.02768014335415618,0.031140062985604764,0.02326901668010617,0,0,0,0,0,0
59_3BX7.A,0.0,0.01,0.13019,0,3BX7.A,0.042694717573243404,0.0329222067916927,0.030070391707371646,0,0,0,0,0,0
60_3BX7.A,0.0,0.02,0.06124,0,3BX7.A,0.02843608687129604,0.030765321992395234,0.02193869571012979,0,0,0,0,0,0
363_2B4J.C,0.929,0.0,0.10688,0,2B4J.C,0.1715049413583107,0.09521450860232375,0.20532478315425132,1,0,0,0,0,0
362_2B4J.C,0.0,0.0,0.00471,0,2B4J.C,0.012260284256119898,0.026933806883342196,0.00643382731890738,0,0,0,0,0,0
361_2B4J.C,0.294,0.5,0.04357,0,2B4J.C,0.17774037664122463,0.1487763730087642,0.2271513631025633,0,0,0,0,0,0
61_3BX7.A,0.0,0.01,0.04861,0,3BX7.A,0.025798434826766484,0.029416965103598664,0.016740891721433747,0,0,0,0,0,0
359_2B4J.C,0.0,0.0,0.00284,0,2B4J.C,0.012099895023662594,0.026864090612328136,0.006128284723005151,0,0,0,0,0,0
358_2B4J.C,0.0,0.0,0.03519,0,2B4J.C,0.0233475636833573,0.02809524731911561,0.011414008240351202,0,0,0,0,0,0
357_2B4J.C,0.0,0.36,0.03771,0,2B4J.C,0.04286503496976999,0.0741774920265705,0.12465573249482477,0,0,0,0,0,0
356_2B4J.C,0.0,0.14,0.02845,0,2B4J.C,0.029967475860148644,0.040769163630796544,0.05419107215492296,0,0,0,0,0,0
355_2B4J.C,0.0,0.0,0.00618,0,2B4J.C,0.012835006956377057,0.026988734050210468,0.006674013209803785,0,0,0,0,0,0
354_2B4J.C,0.0,0.15,0.08982,0,2B4J.C,0.05063914825075542,0.04553894729821207,0.06735259064857871,0,0,0,0,0,0
353_2B4J.C,0.0,0.07,0.06852,0,2B4J.C,0.02985297716282303,0.03561718814963716,0.03879901788192147,0,0,0,0,0,0
352_2B4J.C,0.0,0.0,0.00545,0,2B4J.C,0.01272638021532879,0.026961443694417626,0.0065547372231681555,0,0,0,0,0,0
351_2B4J.C,0.0,0.28,0.1876,0,2B4J.C,0.11961900590419736,0.07334017084121876,0.12407319555303525,0,0,0,0,0,0
350_2B4J.C,0.0,0.22,0.09981,0,2B4J.C,0.0549241474388977,0.055681028499135164,0.09092403655305911,0,0,0,0,0,0
349_2B4J.C,0.0,0.12,0.08047,0,2B4J.C,0.04817414948453611,0.04146525733712339,0.05642237958465615,0,0,0,0,0,0
62_3BX7.A,0.0,0.01,0.04256,0,3BX7.A,0.025247482484264908,0.029171931704072958,0.01575237155822065,0,0,0,0,0,0
348_2B4J.C,0.056,0.0,0.14996,0,2B4J.C,0.04329712923436111,0.035282129499582086,0.04114930567852516,0,0,0,0,0,0
63_3BX7.A,0.0,0.0,0.01762,0,3BX7.A,0.015197141762671972,0.02741993173208878,0.008543214972970364,0,0,0,0,0,0
347_2B4J.C,0.0,0.05,0.20808,0,2B4J.C,0.08137353923909366,0.040842915570974886,0.055333640202179346,0,0,0,0,0,0
346_2B4J.C,0.0,0.04,0.1837,0,2B4J.C,0.07326952083895195,0.038447195997242015,0.048215983003937216,0,0,0,0,0,0
369_2B4J.C,0.329,0.89,0.12607,0,2B4J.C,0.3117026254531142,0.38192312037654524,0.369727924141349,0,1,0,1,1,0
370_2B4J.C,0.45,0.9,0.17654,0,2B4J.C,0.37531197888640816,0.44366548279970003,0.4048392189839479,1,1,0,1,1,1
371_2B4J.C,0.119,0.75,0.19077,0,2B4J.C,0.21709227793233604,0.2585941290308638,0.2952354535782045,0,1,0,0,0,0
385_2B4J.C,0.329,0.0,0.34504,0,2B4J.C,0.21501318005322204,0.06410901869837513,0.12656504187495737,0,0,1,0,0,0
396_2B4J.C,0.0,0.0,0.00658,0,2B4J.C,0.012949580032353771,0.027003699057857822,0.006739369914809609,0,0,0,0,0,0
395_2B4J.C,0.0,0.62,0.12217,0,2B4J.C,0.08017254791065484,0.15838963631996453,0.21994411748837012,0,0,0,0,0,0
394_2B4J.C,0.0,0.76,0.31423,0,2B4J.C,0.29094729612908365,0.26861558306563593,0.2952034637908366,0,1,1,0,0,0
393_2B4J.C,0.056,0.0,0.03552,0,2B4J.C,0.023539207650927475,0.030135418825858483,0.02245075237635878,0,0,0,0,0,0
392_2B4J.C,0.119,0.52,0.19686,0,2B4J.C,0.16603315086964762,0.15529938862503062,0.2241446907647641,0,0,0,0,0,0
391_2B4J.C,0.416,0.62,0.64822,0,2B4J.C,0.3539119563434758,0.40416454646116307,0.3874830530773899,1,0,1,1,1,1
390_2B4J.C,0.0,0.0,0.21653,0,2B4J.C,0.08046612663723578,0.03607630093434936,0.041043470454741715,0,0,0,0,0,0
389_2B4J.C,0.036,0.51,0.21718,0,2B4J.C,0.16511137179687618,0.14194592028800582,0.20805252994175577,0,0,0,0,0,0
388_2B4J.C,0.433,0.65,0.51727,0,2B4J.C,0.37861090282469123,0.3850366787682008,0.37882347169131275,1,0,1,1,1,1
387_2B4J.C,0.616,0.89,0.99382,0,2B4J.C,0.5999154939146418,0.7543899438208895,0.5677981034420455,1,1,1,1,1,1
386_2B4J.C,0.45,0.3,0.55239,0,2B4J.C,0.2857739809602752,0.2003584667244055,0.2782000512368176,1,0,1,0,0,0
384_2B4J.C,0.119,0.66,0.60319,0,2B4J.C,0.25082919221308186,0.3274275860006228,0.3344139900212256,0,0,1,0,0,0
372_2B4J.C,0.0,0.44,0.06657,0,2B4J.C,0.05818494946213026,0.09471537773404272,0.15444454698609208,0,0,0,0,0,0
383_2B4J.C,0.262,0.26,0.2362,0,2B4J.C,0.219273579242636,0.10082516107885549,0.17712963372366466,0,0,0,0,0,0
382_2B4J.C,0.0,0.15,0.22832,0,2B4J.C,0.1206563251704452,0.054924036804598814,0.08998234975684541,0,0,0,0,0,0
381_2B4J.C,0.0,0.11,0.15386,0,2B4J.C,0.05912850930330467,0.044606702791990756,0.06527953500746266,0,0,0,0,0,0
380_2B4J.C,0.0,0.0,0.02,0,2B4J.C,0.015768783768895903,0.02751047665132981,0.00893208736775502,0,0,0,0,0,0
379_2B4J.C,0.0,0.05,0.09055,0,2B4J.C,0.03755021933275975,0.03476640103545342,0.03613020635384299,0,0,0,0,0,0
378_2B4J.C,0.0,0.09,0.10656,0,2B4J.C,0.04406572483203496,0.039618137439583895,0.051282772584249646,0,0,0,0,0,0
377_2B4J.C,0.0,0.0,0.00398,0,2B4J.C,0.012260284256119898,0.02690657053270374,0.006314551332271751,0,0,0,0,0,0
376_2B4J.C,0.0,0.0,0.00024,0,2B4J.C,0.011848029093358583,0.026767450424839537,0.005703466140467292,0,0,0,0,0,0
375_2B4J.C,0.0,0.13,0.10843,0,2B4J.C,0.054927596658263064,0.04425559561288525,0.06412497929270042,0,0,0,0,0,0
374_2B4J.C,0.119,0.0,0.09177,0,2B4J.C,0.04989107214274715,0.03520796799768254,0.043997216978977835,0,0,0,0,0,0
373_2B4J.C,0.0,0.0,0.00049,0,2B4J.C,0.011848029093358583,0.026776728040004513,0.005744314081095932,0,0,0,0,0,0
497_1YVE.I,0.0,0.0,0.0,0,1YVE.I,0.011911687957688459,0.026758546855358632,0.005664252117463797,0,0,0,0,0,0
496_1YVE.I,0.0,0.0,0.0,0,1YVE.I,0.011911687957688459,0.026758546855358632,0.005664252117463797,0,0,0,0,0,0
495_1YVE.I,0.0,0.0,0.0,0,1YVE.I,0.011911687957688459,0.026758546855358632,0.005664252117463797,0,0,0,0,0,0
330_1YVE.I,0.0,0.0,0.0,0,1YVE.I,0.011911687957688459,0.026758546855358632,0.005664252117463797,0,0,0,0,0,0
353_1YVE.I,0.0,0.0,0.0,0,1YVE.I,0.011911687957688459,0.026758546855358632,0.005664252117463797,0,0,0,0,0,0
352_1YVE.I,0.0,0.0,0.0,0,1YVE.I,0.011911687957688459,0.026758546855358632,0.005664252117463797,0,0,0,0,0,0
351_1YVE.I,0.0,0.0,0.0097,0,1YVE.I,0.013279529798889356,0.027120703314201158,0.00724915221385504,0,0,0,0,0,0
350_1YVE.I,0.0,0.84,0.03547,0,1YVE.I,0.16799732657313762,0.2363221084580917,0.27472970429737464,0,0,0,0,0,0
349_1YVE.I,0.0,0.0,0.0,0,1YVE.I,0.011911687957688459,0.026758546855358632,0.005664252117463797,0,0,0,0,0,0
348_1YVE.I,0.0,0.0,0.0,0,1YVE.I,0.011911687957688459,0.026758546855358632,0.005664252117463797,0,0,0,0,0,0
347_1YVE.I,0.0,0.88,0.07775,0,1YVE.I,0.18944125198377265,0.2689690665470088,0.29417457212903886,0,0,0,0,0,0
346_1YVE.I,0.0,0.91,0.04804,0,1YVE.I,0.2271911494828729,0.2773747472637126,0.2987227009491426,0,0,0,0,0,0
345_1YVE.I,0.0,0.74,0.02804,0,1YVE.I,0.13175577383595752,0.1875951823464084,0.2421740432205201,0,0,0,0,0,0
344_1YVE.I,0.0,0.96,0.06411,0,1YVE.I,0.2562968993968449,0.3114083993773591,0.3170192367134373,0,1,0,1,1,0
343_1YVE.I,0.0,0.93,0.15884,0,1YVE.I,0.31764608564806046,0.3222887015456385,0.3230948402920303,0,1,0,1,1,0
342_1YVE.I,0.0,0.95,0.19309,0,1YVE.I,0.39434634380645966,0.34568618672895834,0.33495934021442825,0,1,1,1,1,1
341_1YVE.I,0.0,0.97,0.1993,0,1YVE.I,0.4067487543624068,0.3605967755175325,0.34224233511591795,0,1,1,1,1,1
110_3BX7.A,0.0,0.0,0.00023,0,3BX7.A,0.011911687957688459,0.026767079385263085,0.005701832222842146,0,0,0,0,0,0
339_1YVE.I,0.0,0.0,0.02137,0,1YVE.I,0.015768783768895903,0.02756272873253248,0.009155934082399968,0,0,0,0,0,0
338_1YVE.I,0.0,0.0,0.05653,0,1YVE.I,0.02745692332455934,0.028937206238644583,0.014900788452411936,0,0,0,0,0,0
337_1YVE.I,0.0,0.88,0.03713,0,1YVE.I,0.17817933208467046,0.2577465155903579,0.28753759873569734,0,0,0,0,0,0
111_3BX7.A,0.0,0.0,0.11061,0,3BX7.A,0.041185807251393564,0.03118195802591669,0.023737014969199402,0,0,0,0,0,0
335_1YVE.I,0.0,0.0,0.0,0,1YVE.I,0.011911687957688459,0.026758546855358632,0.005664252117463797,0,0,0,0,0,0
334_1YVE.I,0.0,0.0,0.0,0,1YVE.I,0.011911687957688459,0.026758546855358632,0.005664252117463797,0,0,0,0,0,0
333_1YVE.I,0.0,0.0,0.0,0,1YVE.I,0.011911687957688459,0.026758546855358632,0.005664252117463797,0,0,0,0,0,0
112_3BX7.A,0.0,0.02,0.17177,0,3BX7.A,0.06645719817438335,0.03582276840639196,0.03999838722086423,0,0,0,0,0,0
331_1YVE.I,0.0,0.0,0.0,0,1YVE.I,0.011911687957688459,0.026758546855358632,0.005664252117463797,0,0,0,0,0,0
113_3BX7.A,0.0,0.0,0.08505,0,3BX7.A,0.03578106259522849,0.030100750314192255,0.01956072151932722,0,0,0,0,0,0
114_3BX7.A,0.0,0.02,0.11779,0,3BX7.A,0.041928472192958345,0.03325997733836144,0.031178499880328222,0,0,0,0,0,0
354_1YVE.I,0.0,0.0,0.0,0,1YVE.I,0.011911687957688459,0.026758546855358632,0.005664252117463797,0,0,0,0,0,0
109_3BX7.A,0.0,0.0,0.0561,0,3BX7.A,0.02745692332455934,0.028920001558212546,0.014830529994530675,0,0,0,0,0,0
355_1YVE.I,0.0,0.0,0.0,0,1YVE.I,0.011911687957688459,0.026758546855358632,0.005664252117463797,0,0,0,0,0,0
367_1YVE.I,0.0,0.4,0.09927,0,1YVE.I,0.06056415391792695,0.08918146626541083,0.1472507935077697,0,0,0,0,0,0
378_1YVE.I,0.0,0.78,0.07502,0,1YVE.I,0.1557460365889475,0.21654296048812346,0.26238685233600273,0,0,0,0,0,0
377_1YVE.I,0.0,0.66,0.03062,0,1YVE.I,0.07036666185699628,0.15606783479790062,0.2175222657427106,0,0,0,0,0,0
376_1YVE.I,0.0,0.0,0.00258,0,1YVE.I,0.012099895023662594,0.02685441134622649,0.006085802864751365,0,0,0,0,0,0
375_1YVE.I,0.0,0.86,0.00591,0,1YVE.I,0.16563165220795842,0.23891875412415095,0.27616817585371845,0,0,0,0,0,0
374_1YVE.I,0.0,0.46,0.13262,0,1YVE.I,0.07357760629886641,0.10843160776516463,0.17150490495645312,0,0,0,0,0,0
373_1YVE.I,0.0,0.0,0.09897,0,1YVE.I,0.036791959111101655,0.03068499306699627,0.021835134853529913,0,0,0,0,0,0
372_1YVE.I,0.0,0.0,0.00045,0,1YVE.I,0.011848029093358583,0.026775243411461137,0.00573777841059535,0,0,0,0,0,0
371_1YVE.I,0.0,0.82,0.02046,0,1YVE.I,0.15262563582408517,0.2225677574965994,0.2660088618857568,0,0,0,0,0,0
370_1YVE.I,0.0,0.62,0.06366,0,1YVE.I,0.06551145451646327,0.14759439655720127,0.21038406546364313,0,0,0,0,0,0
369_1YVE.I,0.0,0.0,0.00015,0,1YVE.I,0.011911687957688459,0.026764111248709085,0.0056887608818409815,0,0,0,0,0,0
368_1YVE.I,0.0,0.0,0.0003,0,1YVE.I,0.011848029093358583,0.02676967676733848,0.005713269646218166,0,0,0,0,0,0
366_1YVE.I,0.0,0.16,0.08351,0,1YVE.I,0.04949850382769983,0.04638215424520953,0.06945575465524896,0,0,0,0,0,0
108_3BX7.A,0.0,0.0,0.01164,0,3BX7.A,0.0136725739971429,0.027193704299990865,0.0075661322331332884,0,0,0,0,0,0
365_1YVE.I,0.0,0.0,0.00136,0,1YVE.I,0.011848029093358583,0.026809038523736523,0.0058864649144836,0,0,0,0,0,0
364_1YVE.I,0.0,0.0,0.0,0,1YVE.I,0.011911687957688459,0.026758546855358632,0.005664252117463797,0,0,0,0,0,0
363_1YVE.I,0.0,0.0,0.00227,0,1YVE.I,0.012099895023662594,0.026842875114949934,0.006035151418371851,0,0,0,0,0,0
362_1YVE.I,0.0,0.28,0.11594,0,1YVE.I,0.061042211092380956,0.06669868098548117,0.11236454185124181,0,0,0,0,0,0
361_1YVE.I,0.0,0.0,0.0,0,1YVE.I,0.011911687957688459,0.026758546855358632,0.005664252117463797,0,0,0,0,0,0
360_1YVE.I,0.0,0.0,0.0,0,1YVE.I,0.011911687957688459,0.026758546855358632,0.005664252117463797,0,0,0,0,0,0
359_1YVE.I,0.0,0.5,0.00015,0,1YVE.I,0.04809563337848131,0.10131784381630972,0.16239706228869774,0,0,0,0,0,0
358_1YVE.I,0.0,0.0,0.00152,0,1YVE.I,0.011848029093358583,0.02681498480778139,0.00591260759648593,0,0,0,0,0,0
357_1YVE.I,0.0,0.0,0.00136,0,1YVE.I,0.011848029093358583,0.026809038523736523,0.0058864649144836,0,0,0,0,0,0
356_1YVE.I,0.0,0.0,0.0,0,1YVE.I,0.011911687957688459,0.026758546855358632,0.005664252117463797,0,0,0,0,0,0
107_3BX7.A,0.0,0.13,0.02162,0,3BX7.A,0.02890662543619146,0.039310800899173916,0.04994094038881137,0,0,0,0,0,0
115_3BX7.A,0.0,0.0,0.09148,0,3BX7.A,0.03626909807447098,0.030369275107229612,0.02061133055229585,0,0,0,0,0,0
116_3BX7.A,0.0,0.01,0.08415,0,3BX7.A,0.034951153891209605,0.03089717364921617,0.02254783496120125,0,0,0,0,0,0
494_1YVE.I,0.0,0.0,0.0,0,1YVE.I,0.011911687957688459,0.026758546855358632,0.005664252117463797,0,0,0,0,0,0
329_1YVE.I,0.0,0.0,0.0,0,1YVE.I,0.011911687957688459,0.026758546855358632,0.005664252117463797,0,0,0,0,0,0
309_1YVE.I,0.0,0.52,0.0003,0,1YVE.I,0.04584725825183481,0.10659367418556369,0.1686899031093492,0,0,0,0,0,0
308_1YVE.I,0.0,0.0,0.0,0,1YVE.I,0.011911687957688459,0.026758546855358632,0.005664252117463797,0,0,0,0,0,0
307_1YVE.I,0.0,0.45,0.0,0,1YVE.I,0.0483038359138308,0.08915711279106396,0.14670172338363488,0,0,0,0,0,0
306_1YVE.I,0.0,0.0,0.0,0,1YVE.I,0.011911687957688459,0.026758546855358632,0.005664252117463797,0,0,0,0,0,0
305_1YVE.I,0.0,0.0,0.0,0,1YVE.I,0.011911687957688459,0.026758546855358632,0.005664252117463797,0,0,0,0,0,0
304_1YVE.I,0.0,0.0,0.0,0,1YVE.I,0.011911687957688459,0.026758546855358632,0.005664252117463797,0,0,0,0,0,0
303_1YVE.I,0.0,0.0,0.0,0,1YVE.I,0.011911687957688459,0.026758546855358632,0.005664252117463797,0,0,0,0,0,0
302_1YVE.I,0.0,0.0,0.0,0,1YVE.I,0.011911687957688459,0.026758546855358632,0.005664252117463797,0,0,0,0,0,0
301_1YVE.I,0.0,0.0,0.00061,0,1YVE.I,0.011848029093358583,0.026781182405977186,0.0057639210925976795,0,0,0,0,0,0
300_1YVE.I,0.0,0.0,0.0,0,1YVE.I,0.011911687957688459,0.026758546855358632,0.005664252117463797,0,0,0,0,0,0
299_1YVE.I,0.0,0.0,0.0,0,1YVE.I,0.011911687957688459,0.026758546855358632,0.005664252117463797,0,0,0,0,0,0
298_1YVE.I,0.0,0.0,0.0,0,1YVE.I,0.011911687957688459,0.026758546855358632,0.005664252117463797,0,0,0,0,0,0
297_1YVE.I,0.0,0.0,0.0,0,1YVE.I,0.011911687957688459,0.026758546855358632,0.005664252117463797,0,0,0,0,0,0
296_1YVE.I,0.0,0.0,0.0,0,1YVE.I,0.011911687957688459,0.026758546855358632,0.005664252117463797,0,0,0,0,0,0
295_1YVE.I,0.0,0.0,0.0,0,1YVE.I,0.011911687957688459,0.026758546855358632,0.005664252117463797,0,0,0,0,0,0
294_1YVE.I,0.0,0.0,0.0,0,1YVE.I,0.011911687957688459,0.026758546855358632,0.005664252117463797,0,0,0,0,0,0
293_1YVE.I,0.0,0.0,0.0,0,1YVE.I,0.011911687957688459,0.026758546855358632,0.005664252117463797,0,0,0,0,0,0
292_1YVE.I,0.0,0.0,0.0,0,1YVE.I,0.011911687957688459,0.026758546855358632,0.005664252117463797,0,0,0,0,0,0
291_1YVE.I,0.0,0.0,0.0,0,1YVE.I,0.011911687957688459,0.026758546855358632,0.005664252117463797,0,0,0,0,0,0
290_1YVE.I,0.0,0.0,0.0,0,1YVE.I,0.011911687957688459,0.026758546855358632,0.005664252117463797,0,0,0,0,0,0
289_1YVE.I,0.0,0.0,0.0047,0,1YVE.I,0.012260284256119898,0.026933433601615545,0.006432193401282234,0,0,0,0,0,0
288_1YVE.I,0.0,0.2,0.0,0,1YVE.I,0.0387974152415637,0.04611436966814566,0.06834757268020651,0,0,0,0,0,0
287_1YVE.I,0.0,0.0,0.0,0,1YVE.I,0.011911687957688459,0.026758546855358632,0.005664252117463797,0,0,0,0,0,0
286_1YVE.I,0.0,0.08,0.00561,0,1YVE.I,0.015656995537565173,0.033567784629227444,0.031654208130267564,0,0,0,0,0,0
285_1YVE.I,0.0,0.14,0.00121,0,1YVE.I,0.025926630538078296,0.03927864196358129,0.049740280544026315,0,0,0,0,0,0
310_1YVE.I,0.0,0.0,0.00045,0,1YVE.I,0.011848029093358583,0.026775243411461137,0.00573777841059535,0,0,0,0,0,0
311_1YVE.I,0.0,0.0,0.0,0,1YVE.I,0.011911687957688459,0.026758546855358632,0.005664252117463797,0,0,0,0,0,0
312_1YVE.I,0.0,0.0,0.0,0,1YVE.I,0.011911687957688459,0.026758546855358632,0.005664252117463797,0,0,0,0,0,0
123_3BX7.A,0.0,0.24,0.21751,0,3BX7.A,0.13744012596666258,0.06870531151338001,0.11642357905729722,0,0,0,0,0,0
117_3BX7.A,0.0,0.01,0.08052,0,3BX7.A,0.034951153891209605,0.030742740060424465,0.021954722863273393,0,0,0,0,0,0
118_3BX7.A,0.0,0.01,0.16436,0,3BX7.A,0.045626801678290675,0.03450744081698667,0.0356534882324942,0,0,0,0,0,0
119_3BX7.A,0.0,0.0,0.00038,0,3BX7.A,0.011848029093358583,0.026772645504128886,0.0057263409872193305,0,0,0,0,0,0
120_3BX7.A,0.0,0.0,0.06124,0,3BX7.A,0.02745692332455934,0.029126308751394697,0.015670363653855518,0,0,0,0,0,0
121_3BX7.A,0.0,0.0,0.00159,0,3BX7.A,0.011848029093358583,0.026817586710336294,0.005924045019861949,0,0,0,0,0,0
122_3BX7.A,0.0,0.0,0.00136,0,3BX7.A,0.011848029093358583,0.026809038523736523,0.0058864649144836,0,0,0,0,0,0
328_1YVE.I,0.0,0.0,0.0,0,1YVE.I,0.011911687957688459,0.026758546855358632,0.005664252117463797,0,0,0,0,0,0
327_1YVE.I,0.0,0.0,0.0,0,1YVE.I,0.011911687957688459,0.026758546855358632,0.005664252117463797,0,0,0,0,0,0
326_1YVE.I,0.0,0.0,0.0,0,1YVE.I,0.011911687957688459,0.026758546855358632,0.005664252117463797,0,0,0,0,0,0
325_1YVE.I,0.0,0.0,0.0,0,1YVE.I,0.011911687957688459,0.026758546855358632,0.005664252117463797,0,0,0,0,0,0
324_1YVE.I,0.0,0.0,0.0,0,1YVE.I,0.011911687957688459,0.026758546855358632,0.005664252117463797,0,0,0,0,0,0
323_1YVE.I,0.0,0.0,0.0,0,1YVE.I,0.011911687957688459,0.026758546855358632,0.005664252117463797,0,0,0,0,0,0
313_1YVE.I,0.0,0.0,0.00015,0,1YVE.I,0.011911687957688459,0.026764111248709085,0.0056887608818409815,0,0,0,0,0,0
124_3BX7.A,0.0,0.04,0.06751,0,3BX7.A,0.028945333687876964,0.032775403436979426,0.02923149411737036,0,0,0,0,0,0
322_1YVE.I,0.0,0.0,0.0,0,1YVE.I,0.011911687957688459,0.026758546855358632,0.005664252117463797,0,0,0,0,0,0
321_1YVE.I,0.0,0.0,0.0,0,1YVE.I,0.011911687957688459,0.026758546855358632,0.005664252117463797,0,0,0,0,0,0
320_1YVE.I,0.0,0.0,0.0,0,1YVE.I,0.011911687957688459,0.026758546855358632,0.005664252117463797,0,0,0,0,0,0
319_1YVE.I,0.0,0.0,0.0,0,1YVE.I,0.011911687957688459,0.026758546855358632,0.005664252117463797,0,0,0,0,0,0
318_1YVE.I,0.0,0.0,0.0,0,1YVE.I,0.011911687957688459,0.026758546855358632,0.005664252117463797,0,0,0,0,0,0
317_1YVE.I,0.0,0.0,0.0,0,1YVE.I,0.011911687957688459,0.026758546855358632,0.005664252117463797,0,0,0,0,0,0
316_1YVE.I,0.0,0.0,0.0,0,1YVE.I,0.011911687957688459,0.026758546855358632,0.005664252117463797,0,0,0,0,0,0
315_1YVE.I,0.0,0.0,0.0,0,1YVE.I,0.011911687957688459,0.026758546855358632,0.005664252117463797,0,0,0,0,0,0
126_3BX7.A,0.0,0.0,0.01595,0,3BX7.A,0.014668935995233117,0.02735657108117505,0.008270350729571047,0,0,0,0,0,0
314_1YVE.I,0.0,0.0,0.0,0,1YVE.I,0.011911687957688459,0.026758546855358632,0.005664252117463797,0,0,0,0,0,0
379_1YVE.I,0.0,0.58,0.0632,0,1YVE.I,0.06443352011453332,0.13387513793437164,0.1977722411403379,0,0,0,0,0,0
380_1YVE.I,0.0,0.0,0.00652,0,1YVE.I,0.012949580032353771,0.027001453792504918,0.006729566409058736,0,0,0,0,0,0
381_1YVE.I,0.0,0.46,0.04759,0,1YVE.I,0.053908375911055156,0.09726672324211184,0.15761170338983999,0,0,0,0,0,0
382_1YVE.I,0.0,0.79,0.06078,0,1YVE.I,0.1517684590867166,0.21789235035649734,0.26319431966593254,0,0,0,0,0,0
465_1YVE.I,0.0,0.0,0.0,0,1YVE.I,0.011911687957688459,0.026758546855358632,0.005664252117463797,0,0,0,0,0,0
464_1YVE.I,0.0,0.0,0.0,0,1YVE.I,0.011911687957688459,0.026758546855358632,0.005664252117463797,0,0,0,0,0,0
463_1YVE.I,0.0,0.0,0.01561,0,1YVE.I,0.014242179390557011,0.027343688752768026,0.008214797530316096,0,0,0,0,0,0
462_1YVE.I,0.0,0.27,0.03062,0,1YVE.I,0.038475646513549976,0.05796071000113619,0.09528979064536232,0,0,0,0,0,0
461_1YVE.I,0.0,0.27,0.10352,0,1YVE.I,0.05783724014530475,0.06389714898956764,0.10720105013267382,0,0,0,0,0,0
460_1YVE.I,0.0,0.24,0.02486,0,1YVE.I,0.03592640526521685,0.05309382342286591,0.08494615600886703,0,0,0,0,0,0
459_1YVE.I,0.0,0.14,0.0247,0,1YVE.I,0.029578196171335537,0.04056080055038753,0.053578353045493354,0,0,0,0,0,0
458_1YVE.I,0.0,0.0,0.02228,0,1YVE.I,0.015768783768895903,0.027597489606048797,0.009304620586288219,0,0,0,0,0,0
457_1YVE.I,0.0,0.56,0.08245,0,1YVE.I,0.0698659454372663,0.1305459993021821,0.19464920051246895,0,0,0,0,0,0
456_1YVE.I,0.0,0.63,0.06547,0,1YVE.I,0.06909545071590369,0.15151103745124814,0.21381397058193163,0,0,0,0,0,0
455_1YVE.I,0.0,0.86,0.15747,0,1YVE.I,0.2588098936302465,0.280345065327185,0.30093183138042534,0,0,0,0,0,0
454_1YVE.I,0.0,0.98,0.35723,0,1YVE.I,0.4207655716864525,0.42076878275177915,0.37118096219797975,0,1,1,1,1,1
453_1YVE.I,0.0,0.97,0.36087,0,1YVE.I,0.4126025037180169,0.41516546974929874,0.3686415421853956,0,1,1,1,1,1
452_1YVE.I,0.0,0.96,0.32722,0,1YVE.I,0.4090373039758324,0.3968045993114883,0.3600092433486435,0,1,1,1,1,1
451_1YVE.I,0.0,0.98,0.42816,0,1YVE.I,0.4309321347410863,0.44556829069351156,0.3827703399131376,0,1,1,1,1,1
450_1YVE.I,0.0,0.46,0.38875,0,1YVE.I,0.16725409052479256,0.14905169441215893,0.21335443708930768,0,0,1,0,0,0
449_1YVE.I,0.0,0.97,0.12004,0,1YVE.I,0.2813168271085606,0.3349982367986394,0.3292919040190138,0,1,0,1,1,0
448_1YVE.I,0.0,0.0,0.00136,0,1YVE.I,0.011848029093358583,0.026809038523736523,0.0058864649144836,0,0,0,0,0,0
447_1YVE.I,0.0,0.8,0.09306,0,1YVE.I,0.1776518854541329,0.23080042199898573,0.2716027717880397,0,0,0,0,0,0
446_1YVE.I,0.0,0.25,0.07002,0,1YVE.I,0.05314893871303739,0.057943308771355014,0.09545909403216175,0,0,0,0,0,0
445_1YVE.I,0.0,0.0,0.0,0,1YVE.I,0.011911687957688459,0.026758546855358632,0.005664252117463797,0,0,0,0,0,0
444_1YVE.I,0.0,0.0,0.00379,0,1YVE.I,0.012260284256119898,0.02689948601291116,0.006283506897393984,0,0,0,0,0,0
443_1YVE.I,0.0,0.44,0.03637,0,1YVE.I,0.05197868561768033,0.09109094051493317,0.14951011575815235,0,0,0,0,0,0
442_1YVE.I,0.0,0.0,0.0,0,1YVE.I,0.011911687957688459,0.026758546855358632,0.005664252117463797,0,0,0,0,0,0
441_1YVE.I,0.0,0.0,0.0,0,1YVE.I,0.011911687957688459,0.026758546855358632,0.005664252117463797,0,0,0,0,0,0
466_1YVE.I,0.0,0.0,0.0,0,1YVE.I,0.011911687957688459,0.026758546855358632,0.005664252117463797,0,0,0,0,0,0
467_1YVE.I,0.0,0.0,0.0,0,1YVE.I,0.011911687957688459,0.026758546855358632,0.005664252117463797,0,0,0,0,0,0
468_1YVE.I,0.0,0.0,0.0,0,1YVE.I,0.011911687957688459,0.026758546855358632,0.005664252117463797,0,0,0,0,0,0
88_3BX7.A,0.0,0.02,0.11718,0,3BX7.A,0.041928472192958345,0.033232052870266315,0.03107883090519434,0,0,0,0,0,0
493_1YVE.I,0.0,0.0,0.0,0,1YVE.I,0.011911687957688459,0.026758546855358632,0.005664252117463797,0,0,0,0,0,0
492_1YVE.I,0.0,0.0,0.0,0,1YVE.I,0.011911687957688459,0.026758546855358632,0.005664252117463797,0,0,0,0,0,0
491_1YVE.I,0.0,0.0,0.0,0,1YVE.I,0.011911687957688459,0.026758546855358632,0.005664252117463797,0,0,0,0,0,0
490_1YVE.I,0.0,0.0,0.0,0,1YVE.I,0.011911687957688459,0.026758546855358632,0.005664252117463797,0,0,0,0,0,0
489_1YVE.I,0.0,0.0,0.00227,0,1YVE.I,0.012099895023662594,0.026842875114949934,0.006035151418371851,0,0,0,0,0,0
488_1YVE.I,0.0,0.0,0.0,0,1YVE.I,0.011911687957688459,0.026758546855358632,0.005664252117463797,0,0,0,0,0,0
487_1YVE.I,0.0,0.0,0.0,0,1YVE.I,0.011911687957688459,0.026758546855358632,0.005664252117463797,0,0,0,0,0,0
486_1YVE.I,0.0,0.0,0.02819,0,1YVE.I,0.016580063070364665,0.027824283049047868,0.010270265902749275,0,0,0,0,0,0
485_1YVE.I,0.0,0.0,0.00561,0,1YVE.I,0.01272638021532879,0.026967422845442058,0.006580879905170485,0,0,0,0,0,0
484_1YVE.I,0.0,0.0,0.01197,0,1YVE.I,0.0136725739971429,0.027206140987675004,0.007620051514763094,0,0,0,0,0,0
483_1YVE.I,0.0,0.35,0.01394,0,1YVE.I,0.034063742775972884,0.0700256636135832,0.11763774427171651,0,0,0,0,0,0
89_3BX7.A,0.0,0.01,0.07613,0,3BX7.A,0.034461525093724056,0.030556971644683704,0.021237433025834473,0,0,0,0,0,0
469_1YVE.I,0.0,0.0,0.0,0,1YVE.I,0.011911687957688459,0.026758546855358632,0.005664252117463797,0,0,0,0,0,0
480_1YVE.I,0.0,0.37,0.03456,0,1YVE.I,0.04436617811930443,0.07582381196272381,0.12727521447104104,0,0,0,0,0,0
479_1YVE.I,0.0,0.0,0.0,0,1YVE.I,0.011911687957688459,0.026758546855358632,0.005664252117463797,0,0,0,0,0,0
478_1YVE.I,0.282,0.0,0.00015,0,1YVE.I,0.21886244560165802,0.03796660173902906,0.06099512889852904,1,0,0,0,0,0
477_1YVE.I,0.282,0.89,0.00925,0,1YVE.I,0.3182534651831418,0.33004462763976117,0.34142277044161656,1,0,0,1,1,0
476_1YVE.I,0.0,0.0,0.0,0,1YVE.I,0.011911687957688459,0.026758546855358632,0.005664252117463797,0,0,0,0,0,0
475_1YVE.I,0.0,0.0,0.0,0,1YVE.I,0.011911687957688459,0.026758546855358632,0.005664252117463797,0,0,0,0,0,0
474_1YVE.I,0.0,0.0,0.0,0,1YVE.I,0.011911687957688459,0.026758546855358632,0.005664252117463797,0,0,0,0,0,0
473_1YVE.I,0.0,0.0,0.0,0,1YVE.I,0.011911687957688459,0.026758546855358632,0.005664252117463797,0,0,0,0,0,0
472_1YVE.I,0.0,0.0,0.0,0,1YVE.I,0.011911687957688459,0.026758546855358632,0.005664252117463797,0,0,0,0,0,0
471_1YVE.I,0.0,0.0,0.0,0,1YVE.I,0.011911687957688459,0.026758546855358632,0.005664252117463797,0,0,0,0,0,0
470_1YVE.I,0.0,0.0,0.0,0,1YVE.I,0.011911687957688459,0.026758546855358632,0.005664252117463797,0,0,0,0,0,0
440_1YVE.I,0.0,0.58,0.00546,0,1YVE.I,0.04815323444767215,0.12462313475064059,0.18833800077274712,0,0,0,0,0,0
439_1YVE.I,0.0,0.76,0.00091,0,1YVE.I,0.13824823952099197,0.19032225939454797,0.24400955675977432,0,0,0,0,0,0
438_1YVE.I,0.0,0.38,0.02531,0,1YVE.I,0.038357362729503824,0.07688470990929284,0.12889800669591847,0,0,0,0,0,0
394_1YVE.I,0.616,0.0,0.0,0,1YVE.I,0.26261381882126117,0.05706936670899286,0.12647532551561927,1,0,0,0,0,0
406_1YVE.I,0.0,0.0,0.0,0,1YVE.I,0.011911687957688459,0.026758546855358632,0.005664252117463797,0,0,0,0,0,0
99_3BX7.A,0.322,0.22,0.63317,0,3BX7.A,0.3015152412118987,0.15993608343949967,0.24122190992049763,1,0,1,1,1,1
403_1YVE.I,0.0,0.0,0.0,0,1YVE.I,0.011911687957688459,0.026758546855358632,0.005664252117463797,0,0,0,0,0,0
402_1YVE.I,0.0,0.0,0.0,0,1YVE.I,0.011911687957688459,0.026758546855358632,0.005664252117463797,0,0,0,0,0,0
101_3BX7.A,0.146,0.09,0.15733,0,3BX7.A,0.1248226891919357,0.05075211188403152,0.08821196573745596,1,0,0,0,0,0
102_3BX7.A,0.159,0.12,0.06698,0,3BX7.A,0.09391768485342995,0.049449200561970184,0.08540160241987162,1,0,0,0,0,0
399_1YVE.I,0.0,0.0,0.0,0,1YVE.I,0.011911687957688459,0.026758546855358632,0.005664252117463797,0,0,0,0,0,0
398_1YVE.I,0.0,0.0,0.0,0,1YVE.I,0.011911687957688459,0.026758546855358632,0.005664252117463797,0,0,0,0,0,0
103_3BX7.A,0.159,0.06,0.12316,0,3BX7.A,0.1155619578386104,0.04541706428607544,0.07577595546911683,1,0,0,0,0,0
396_1YVE.I,0.698,0.64,0.00152,0,1YVE.I,0.32859437700007993,0.2907849304741831,0.3433923003321855,1,0,0,0,1,0
395_1YVE.I,0.0,0.0,0.0,0,1YVE.I,0.011911687957688459,0.026758546855358632,0.005664252117463797,0,0,0,0,0,0
104_3BX7.A,0.166,0.02,0.33696,0,3BX7.A,0.19000962058022683,0.05495187965247645,0.09954530328897868,1,0,1,0,0,1
408_1YVE.I,0.0,0.29,0.00076,0,1YVE.I,0.03245536104146887,0.05872470679099717,0.09667924467295178,0,0,0,0,0,0
392_1YVE.I,0.502,0.0,0.00045,0,1YVE.I,0.24235378967016388,0.04973129635574483,0.10419095835519608,1,0,0,0,0,0
391_1YVE.I,0.0,0.0,0.0,0,1YVE.I,0.011911687957688459,0.026758546855358632,0.005664252117463797,0,0,0,0,0,0
390_1YVE.I,0.317,0.0,0.0,0,1YVE.I,0.21861882068560617,0.03963033640357021,0.06783488566813797,1,0,0,0,0,0
389_1YVE.I,0.0,0.0,0.00015,0,1YVE.I,0.011911687957688459,0.026764111248709085,0.0056887608818409815,0,0,0,0,0,0
388_1YVE.I,0.0,0.0,0.0,0,1YVE.I,0.011911687957688459,0.026758546855358632,0.005664252117463797,0,0,0,0,0,0
387_1YVE.I,0.0,0.0,0.0,0,1YVE.I,0.011911687957688459,0.026758546855358632,0.005664252117463797,0,0,0,0,0,0
386_1YVE.I,0.0,0.17,0.00909,0,1YVE.I,0.02875464114401465,0.04306082385228565,0.06043030571705246,0,0,0,0,0,0
105_3BX7.A,0.0,0.01,0.03538,0,3BX7.A,0.022910960006426388,0.02888370006049138,0.014579218703366105,0,0,0,0,0,0
385_1YVE.I,0.0,0.0,0.02622,0,1YVE.I,0.016500711000505038,0.027748484790855205,0.00994838413059559,0,0,0,0,0,0
384_1YVE.I,0.0,0.0,0.0,0,1YVE.I,0.011911687957688459,0.026758546855358632,0.005664252117463797,0,0,0,0,0,0
383_1YVE.I,0.0,0.48,0.04001,0,1YVE.I,0.0522920696852956,0.10134848106863834,0.16264152588625388,0,0,0,0,0,0
407_1YVE.I,0.0,0.23,0.0003,0,1YVE.I,0.03245536104146887,0.05000479584174612,0.07779908829337229,0,0,0,0,0,0
409_1YVE.I,0.0,0.97,0.00015,0,1YVE.I,0.3850687991324941,0.2980872277019386,0.30970286561114313,0,1,0,0,0,1
437_1YVE.I,0.0,0.0,0.00091,0,1YVE.I,0.011848029093358583,0.02679232147377072,0.005812938621352048,0,0,0,0,0,0
424_1YVE.I,0.212,0.97,0.54971,0,1YVE.I,0.48157145089091147,0.5493064920141594,0.44107427956736117,1,1,1,1,1,1
90_3BX7.A,0.0,0.0,0.01255,0,3BX7.A,0.0136725739971429,0.027228012807500028,0.007714818737021539,0,0,0,0,0,0
435_1YVE.I,0.0,0.92,0.04471,0,1YVE.I,0.22892805728588597,0.28210454209547015,0.3013127724081063,0,0,0,0,0,0
434_1YVE.I,0.502,0.93,0.00288,0,1YVE.I,0.4555287149949017,0.420095956728792,0.39606544095486007,1,1,0,1,1,1
433_1YVE.I,1.0,0.98,0.00621,0,1YVE.I,0.4878022016505556,0.6133359143848657,0.5099490581197216,1,1,0,1,1,1
432_1YVE.I,0.149,0.96,0.0438,0,1YVE.I,0.2780428105473338,0.3471451307321664,0.3429229090043074,1,1,0,1,1,0
91_3BX7.A,0.0,0.0,0.03553,0,3BX7.A,0.023581441546405492,0.02810847349405014,0.011469561439606153,0,0,0,0,0,0
430_1YVE.I,0.455,0.98,0.04001,0,1YVE.I,0.37437848357233117,0.45298693122121836,0.4085852792349301,1,1,0,1,1,1
429_1YVE.I,0.468,0.98,0.02016,0,1YVE.I,0.4011183792656552,0.45010918510254466,0.40789153709021087,1,1,0,1,1,1
428_1YVE.I,0.215,0.97,0.02592,0,1YVE.I,0.329521012611462,0.36718346150720477,0.35607967389705797,1,1,0,1,1,0
92_3BX7.A,0.0,0.0,0.01429,0,3BX7.A,0.0136725739971429,0.027293730862366045,0.007999120403796876,0,0,0,0,0,0
93_3BX7.A,0.032,0.03,0.01928,0,3BX7.A,0.018892788931188426,0.031048193198741653,0.02449284329994324,0,0,0,0,0,0
423_1YVE.I,0.28,0.98,0.67808,0,1YVE.I,0.5026985660055284,0.621525165667166,0.4785193334726655,1,1,1,1,1,1
98_3BX7.A,0.393,0.12,0.13745,0,3BX7.A,0.15672092569374654,0.07202523063269951,0.14280833806577983,1,0,0,0,0,1
422_1YVE.I,0.751,0.96,0.06926,0,1YVE.I,0.40669991239216935,0.5438298676840665,0.46514823046248915,1,1,0,1,1,1
95_3BX7.A,0.02,0.2,0.18946,0,3BX7.A,0.10471966386294097,0.06099929652653093,0.10322621345420732,0,0,0,0,0,0
420_1YVE.I,0.128,0.88,0.06062,0,1YVE.I,0.15221175697731013,0.2972769898558367,0.3164792709043136,1,0,0,0,0,0
419_1YVE.I,0.0,0.0,0.00424,0,1YVE.I,0.012260284256119898,0.02691626807880511,0.006357033190525536,0,0,0,0,0,0
418_1YVE.I,0.0,0.0,0.0,0,1YVE.I,0.011911687957688459,0.026758546855358632,0.005664252117463797,0,0,0,0,0,0
417_1YVE.I,0.0,0.98,0.00091,0,1YVE.I,0.26499016900536576,0.30425383157184005,0.31296120937879135,0,1,0,0,0,0
416_1YVE.I,0.0,0.0,0.0003,0,1YVE.I,0.011848029093358583,0.02676967676733848,0.005713269646218166,0,0,0,0,0,0
415_1YVE.I,0.0,0.0,0.0,0,1YVE.I,0.011911687957688459,0.026758546855358632,0.005664252117463797,0,0,0,0,0,0
97_3BX7.A,0.166,0.17,0.07213,0,3BX7.A,0.10905162143446956,0.057394232463184605,0.1032867532443045,1,0,0,0,0,0
412_1YVE.I,0.0,0.0,0.0,0,1YVE.I,0.011911687957688459,0.026758546855358632,0.005664252117463797,0,0,0,0,0,0
411_1YVE.I,0.0,0.0,0.0,0,1YVE.I,0.011911687957688459,0.026758546855358632,0.005664252117463797,0,0,0,0,0,0
658_1QFH.A,0.282,0.0,0.04305,0,1QFH.A,0.12679086613096188,0.04026246891255201,0.0680046355104037,1,0,0,0,0,0
207_1PDK.A,0.02,0.02,0.13306,0,1PDK.A,0.044410675720805454,0.03481715790177896,0.037595929541917636,0,0,0,0,0,0
656_1QFH.A,0.11,0.0,0.01824,0,1QFH.A,0.032695787124369186,0.031465364918605715,0.030217923829685727,0,0,0,0,0,0
73_1CP2.A,0.0,0.0,0.01172,0,1CP2.A,0.0136725739971429,0.027196718747026945,0.007579203574134453,0,0,0,0,0,0
106_1CP2.A,0.0,0.0,0.00275,0,1CP2.A,0.012099895023662594,0.026860739713292465,0.00611357946437884,0,0,0,0,0,0
105_1CP2.A,0.0,0.2,0.02882,0,1CP2.A,0.037441492235731955,0.04795400479942263,0.07305652327587617,0,0,0,0,0,0
104_1CP2.A,0.0,0.2,0.06876,0,1CP2.A,0.047884570778200276,0.050618925561178287,0.07958239027070774,0,0,0,0,0,0
103_1CP2.A,0.0,0.0,0.01016,0,1CP2.A,0.013279529798889356,0.027137995577084566,0.0073243124246117385,0,0,0,0,0,0
102_1CP2.A,0.0,0.0,0.00036,0,1CP2.A,0.011848029093358583,0.026771903289916354,0.005723073151969039,0,0,0,0,0,0
101_1CP2.A,0.0,0.18,0.04735,0,1CP2.A,0.04109502739238866,0.04660085403689038,0.0698158405789967,0,0,0,0,0,0
100_1CP2.A,0.0,0.0,0.04639,0,1CP2.A,0.02623503850369739,0.028534128054089825,0.013243995980514288,0,0,0,0,0,0
99_1CP2.A,0.0,0.0,0.00072,0,1CP2.A,0.011848029093358583,0.026785266207809213,0.005781894186474281,0,0,0,0,0,0
98_1CP2.A,0.0,0.0,0.01889,0,1CP2.A,0.015583791776891611,0.027468211622185337,0.008750722511363856,0,0,0,0,0,0
97_1CP2.A,0.0,0.87,0.3366,0,1CP2.A,0.341753094522076,0.340874642678627,0.33333436382779585,0,1,0,1,1,1
96_1CP2.A,0.0,0.0,0.12232,0,1CP2.A,0.04101538166259146,0.03168976779141894,0.025650332508244913,0,0,0,0,0,0
95_1CP2.A,0.173,0.0,0.20387,0,1CP2.A,0.178062677281339,0.043863984358054636,0.0729040146664387,1,0,0,0,0,0
89_1CP2.A,0.081,0.78,0.13942,0,1CP2.A,0.17048442092570099,0.25153403780348027,0.2887951535063083,0,1,0,1,1,0
88_1CP2.A,0.081,0.09,0.19562,0,1CP2.A,0.0817670496960306,0.04938600471798018,0.08172031461816431,0,0,0,0,0,0
87_1CP2.A,0.173,0.02,0.03671,0,1CP2.A,0.08521315229369548,0.03684637766950168,0.05185977970077893,1,0,0,0,0,0
86_1CP2.A,0.0,0.01,0.01112,0,1CP2.A,0.013060237962793264,0.027930115789288536,0.010615334544762852,0,0,0,0,0,0
85_1CP2.A,0.0,0.0,0.00084,0,1CP2.A,0.011848029093358583,0.026789721955026883,0.0058015011979760285,0,0,0,0,0,0
84_1CP2.A,0.0,0.0,0.00538,0,1CP2.A,0.01272638021532879,0.02695882822117673,0.006543299799792136,0,0,0,0,0,0
83_1CP2.A,0.0,0.0,0.0,0,1CP2.A,0.011911687957688459,0.026758546855358632,0.005664252117463797,0,0,0,0,0,0
82_1CP2.A,0.0,0.0,0.0,0,1CP2.A,0.011911687957688459,0.026758546855358632,0.005664252117463797,0,0,0,0,0,0
81_1CP2.A,0.0,0.02,0.03492,0,1CP2.A,0.02432672723009399,0.029666941401130364,0.01763822452074654,0,0,0,0,0,0
80_1CP2.A,0.0,0.0,0.01148,0,1CP2.A,0.013466072312180367,0.027187676380220703,0.007539989551130959,0,0,0,0,0,0
79_1CP2.A,0.0,0.02,0.12806,0,1CP2.A,0.04452083945899942,0.033733530809364025,0.03285653328135277,0,0,0,0,0,0
78_1CP2.A,0.0,0.01,0.17864,0,1CP2.A,0.06230839913089663,0.03519151882146957,0.03798672260120213,0,0,0,0,0,0
77_1CP2.A,0.0,0.02,0.23377,0,1CP2.A,0.07972498817740871,0.039001031432236745,0.05012867649676702,0,0,0,0,0,0
76_1CP2.A,0.0,0.01,0.13524,0,1CP2.A,0.04346127086712129,0.03315198078191274,0.030895520108070177,0,0,0,0,0,0
75_1CP2.A,0.0,0.03,0.13667,0,1CP2.A,0.04499604305767181,0.03507823412148423,0.037397502384740273,0,0,0,0,0,0
107_1CP2.A,0.0,0.42,0.11766,0,1CP2.A,0.06599394818887769,0.09612498926737346,0.15652390007668673,0,0,0,0,0,0
108_1CP2.A,0.0,0.3,0.07485,0,1CP2.A,0.05274852447160806,0.06656880102560983,0.11191910638579275,0,0,0,0,0,0
109_1CP2.A,0.0,0.21,0.03492,0,1CP2.A,0.041848619111819356,0.049667322721796296,0.07718737905535211,0,0,0,0,0,0
124_1CP2.A,0.0,0.0,0.09733,0,1CP2.A,0.03626909807447098,0.03061559325170083,0.02156717236300603,0,0,0,0,0,0
140_1CP2.A,0.0,0.11,0.09399,0,1CP2.A,0.048489832138124994,0.04111053432416726,0.05549727018571589,0,0,0,0,0,0
139_1CP2.A,0.0,0.11,0.14648,0,1CP2.A,0.05912850930330467,0.04416088200180979,0.0640737038001052,0,0,0,0,0,0
138_1CP2.A,0.0,0.51,0.21547,0,1CP2.A,0.1775916910718868,0.13613493522252532,0.20071274262147015,0,1,0,0,0,0
137_1CP2.A,0.0,0.71,0.52888,0,1CP2.A,0.3021555148738365,0.30216213420654126,0.3146046754739015,0,1,1,1,1,1
136_1CP2.A,0.0,0.0,0.03551,0,1CP2.A,0.0233475636833573,0.02810769531641573,0.011466293604355863,0,0,0,0,0,0
135_1CP2.A,0.0,0.0,0.00191,0,1CP2.A,0.011878216457422697,0.0268294842488304,0.005976330383866609,0,0,0,0,0,0
134_1CP2.A,0.0,0.0,0.281,0,1CP2.A,0.08248308769043243,0.039409103658512246,0.051577337384055476,0,0,0,0,0,0
133_1CP2.A,0.0,0.0,0.14887,0,1CP2.A,0.045025575317570905,0.03287091724627731,0.02998838380300651,0,0,0,0,0,0
132_1CP2.A,0.0,0.0,0.25649,0,1CP2.A,0.08248308769043243,0.03810861371298732,0.04757260528482358,0,0,0,0,0,0
127_1CP2.A,0.0,0.99,0.82913,0,1CP2.A,0.48630784306864205,0.5940476756119398,0.4514197009567382,0,1,1,1,1,1
126_1CP2.A,0.173,0.87,0.64498,0,1CP2.A,0.43826432102336144,0.5003564139987355,0.4176501994771675,1,1,1,1,1,1
125_1CP2.A,0.0,0.0,0.10152,0,1CP2.A,0.0370694606919121,0.030793203988984566,0.02225178384794204,0,0,0,0,0,0
123_1CP2.A,0.0,0.0,0.0,0,1CP2.A,0.011911687957688459,0.026758546855358632,0.005664252117463797,0,0,0,0,0,0
110_1CP2.A,0.0,0.33,0.05429,0,1CP2.A,0.04644528633727819,0.0700930517824077,0.11796226983290478,0,0,0,0,0,0
122_1CP2.A,0.0,0.0,0.0,0,1CP2.A,0.011911687957688459,0.026758546855358632,0.005664252117463797,0,0,0,0,0,0
121_1CP2.A,0.0,0.0,0.02439,0,1CP2.A,0.016190783381551558,0.027678252953420378,0.009649377205193942,0,0,0,0,0,0
120_1CP2.A,0.0,0.0,0.0,0,1CP2.A,0.011911687957688459,0.026758546855358632,0.005664252117463797,0,0,0,0,0,0
119_1CP2.A,0.0,0.0,0.01818,0,1CP2.A,0.015197141762671972,0.027441210329551585,0.008634714359978517,0,0,0,0,0,0
118_1CP2.A,0.0,0.0,0.0067,0,1CP2.A,0.012949580032353771,0.027008190133136503,0.0067589769263113565,0,0,0,0,0,0
117_1CP2.A,0.032,0.17,0.07414,0,1CP2.A,0.045104640770201945,0.048916544595979855,0.07733483978541196,0,0,0,0,0,0
116_1CP2.A,0.0,0.0,0.05046,0,1CP2.A,0.02623503850369739,0.028695256952695855,0.01390900045394855,0,0,0,0,0,0
115_1CP2.A,0.032,0.74,0.06828,0,1CP2.A,0.10837277467224928,0.20303877427893732,0.25502482766089335,0,1,0,1,1,0
114_1CP2.A,0.032,0.87,0.1692,0,1CP2.A,0.22832974419186822,0.298000833867433,0.31225848269964557,0,1,0,1,1,0
113_1CP2.A,0.032,0.45,0.07103,0,1CP2.A,0.058844851505006714,0.1013956223353009,0.16458334019183143,0,0,0,0,0,0
112_1CP2.A,0.032,0.11,0.12065,0,1CP2.A,0.04944226827037111,0.04433851792956051,0.06612919449114138,0,0,0,0,0,0
111_1CP2.A,0.0,0.0,0.00921,0,1CP2.A,0.013047041457815734,0.027102295077163295,0.007169090250222905,0,0,0,0,0,0
74_1CP2.A,0.0,0.02,0.05907,0,1CP2.A,0.02843608687129604,0.03067329400181419,0.02158413558547319,0,0,0,0,0,0
72_1CP2.A,0.0,0.0,0.0,0,1CP2.A,0.011911687957688459,0.026758546855358632,0.005664252117463797,0,0,0,0,0,0
142_1CP2.A,0.0,0.05,0.23377,0,1CP2.A,0.08305311001260163,0.04230065274654776,0.05953117458117843,0,0,0,0,0,0
71_1CP2.A,0.0,0.03,0.02116,0,1CP2.A,0.017657550585271863,0.029916082882934486,0.018524119896683316,0,0,0,0,0,0
39_1CP2.A,0.0,0.02,0.09255,0,1CP2.A,0.03745637154843485,0.032123271737638556,0.0270544917944607,0,0,0,0,0,0
38_1CP2.A,0.0,0.0,0.01196,0,1CP2.A,0.0136725739971429,0.027205764037134365,0.007618417597137948,0,0,0,0,0,0
37_1CP2.A,0.0,0.0,0.00132,0,1CP2.A,0.011848029093358583,0.026807552153092606,0.005879929243983018,0,0,0,0,0,0
36_1CP2.A,0.0,0.0,0.00084,0,1CP2.A,0.011848029093358583,0.026789721955026883,0.0058015011979760285,0,0,0,0,0,0
35_1CP2.A,0.0,0.0,0.0,0,1CP2.A,0.011911687957688459,0.026758546855358632,0.005664252117463797,0,0,0,0,0,0
34_1CP2.A,0.0,0.0,0.0,0,1CP2.A,0.011911687957688459,0.026758546855358632,0.005664252117463797,0,0,0,0,0,0
33_1CP2.A,0.0,0.0,0.00048,0,1CP2.A,0.011848029093358583,0.026776356875363727,0.005742680163470786,0,0,0,0,0,0
32_1CP2.A,0.0,0.0,0.00717,0,1CP2.A,0.012949580032353771,0.027025787171106097,0.0068357710546932005,0,0,0,0,0,0
31_1CP2.A,0.032,0.07,0.06529,0,1CP2.A,0.0287101757720979,0.03688845206365182,0.04454716240578674,0,0,0,0,0,0
30_1CP2.A,0.0,0.02,0.07701,0,1CP2.A,0.03608540224461883,0.03144219116157437,0.024515383804984418,0,0,0,0,0,0
29_1CP2.A,0.0,0.02,0.12328,0,1CP2.A,0.04220265513655531,0.033512319144974136,0.03207552065653316,0,0,0,0,0,0
28_1CP2.A,0.0,0.01,0.10044,0,1CP2.A,0.0366328570149812,0.03159950540706532,0.02520948677256345,0,0,0,0,0,0
27_1CP2.A,0.0,0.03,0.12794,0,1CP2.A,0.0440193255264673,0.03465979270597284,0.03597109229798815,0,0,0,0,0,0
26_1CP2.A,0.0,0.06,0.17876,0,1CP2.A,0.06776765885376164,0.04031568414048794,0.053677159753389554,0,0,0,0,0,0
25_1CP2.A,0.0,0.0,0.00012,0,1CP2.A,0.011911687957688459,0.026762998280023546,0.005683859128965544,0,0,0,0,0,0
24_1CP2.A,0.0,0.0,0.0067,0,1CP2.A,0.012949580032353771,0.027008190133136503,0.0067589769263113565,0,0,0,0,0,0
23_1CP2.A,0.0,0.0,0.01196,0,1CP2.A,0.0136725739971429,0.027205764037134365,0.007618417597137948,0,0,0,0,0,0
22_1CP2.A,0.0,0.0,0.0,0,1CP2.A,0.011911687957688459,0.026758546855358632,0.005664252117463797,0,0,0,0,0,0
21_1CP2.A,0.0,0.0,0.0,0,1CP2.A,0.011911687957688459,0.026758546855358632,0.005664252117463797,0,0,0,0,0,0
20_1CP2.A,0.0,0.0,0.0,0,1CP2.A,0.011911687957688459,0.026758546855358632,0.005664252117463797,0,0,0,0,0,0
19_1CP2.A,0.0,0.0,0.00167,0,1CP2.A,0.011848029093358583,0.026820560613880887,0.005937116360863115,0,0,0,0,0,0
18_1CP2.A,0.0,0.0,0.0,0,1CP2.A,0.011911687957688459,0.026758546855358632,0.005664252117463797,0,0,0,0,0,0
17_1CP2.A,0.0,0.0,0.00036,0,1CP2.A,0.011848029093358583,0.026771903289916354,0.005723073151969039,0,0,0,0,0,0
16_1CP2.A,0.0,0.0,0.02021,0,1CP2.A,0.015768783768895903,0.02751847984355629,0.008966399637883076,0,0,0,0,0,0
15_1CP2.A,0.0,0.0,0.00921,0,1CP2.A,0.013047041457815734,0.027102295077163295,0.007169090250222905,0,0,0,0,0,0
14_1CP2.A,0.0,0.0,0.00466,0,1CP2.A,0.012260284256119898,0.026931940525010325,0.006425657730781652,0,0,0,0,0,0
13_1CP2.A,0.0,0.04,0.02774,0,1CP2.A,0.018468829886740624,0.031026471061933295,0.022733403722166264,0,0,0,0,0,0
41_1CP2.A,0.0,0.04,0.03145,0,1CP2.A,0.02147774323044678,0.031185726506917286,0.023339587161095285,0,0,0,0,0,0
42_1CP2.A,0.0,0.03,0.04185,0,1CP2.A,0.027129191011654605,0.030783245223438418,0.021904695463109584,0,0,0,0,0,0
43_1CP2.A,0.0,0.0,0.0012,0,1CP2.A,0.011848029093358583,0.02680309352197725,0.005860322232481271,0,0,0,0,0,0
58_1CP2.A,0.0,0.07,0.01782,0,1CP2.A,0.017289503582818822,0.03321830371201423,0.030515055522433228,0,0,0,0,0,0
70_1CP2.A,0.0,0.03,0.05644,0,1CP2.A,0.02890202817501814,0.03140932509006718,0.02428858127819703,0,0,0,0,0,0
69_1CP2.A,0.0,0.05,0.01495,0,1CP2.A,0.015741651048549986,0.031328561000831145,0.023777789107742163,0,0,0,0,0,0
68_1CP2.A,0.0,0.06,0.06648,0,1CP2.A,0.02926417426758711,0.03456345380605448,0.03533153265825463,0,0,0,0,0,0
67_1CP2.A,0.0,0.0,0.01387,0,1CP2.A,0.0136725739971429,0.027277853782205038,0.007930495863540759,0,0,0,0,0,0
66_1CP2.A,0.0,0.05,0.05847,0,1CP2.A,0.02890202817501814,0.03326527563706435,0.03088859861237586,0,0,0,0,0,0
65_1CP2.A,0.0,0.14,0.04807,0,1CP2.A,0.03911024794090328,0.041876129493988216,0.05739681853545865,0,0,0,0,0,0
64_1CP2.A,0.0,0.04,0.02391,0,1CP2.A,0.017657550585271863,0.030862890422889762,0.022107613271735493,0,0,0,0,0,0
63_1CP2.A,0.0,0.03,0.05787,0,1CP2.A,0.02890202817501814,0.03147134755084079,0.024522231498592853,0,0,0,0,0,0
62_1CP2.A,0.0,0.02,0.04663,0,1CP2.A,0.027214202050434087,0.030150846401182322,0.01955154205979205,0,0,0,0,0,0
61_1CP2.A,0.0,0.02,0.03695,0,1CP2.A,0.025064963104375133,0.029750286460029435,0.0179699097986511,0,0,0,0,0,0
60_1CP2.A,0.0,0.02,0.02774,0,1CP2.A,0.01777653845793618,0.02937396682438723,0.016465071665891992,0,0,0,0,0,0
59_1CP2.A,0.0,0.0,0.00084,0,1CP2.A,0.011848029093358583,0.026789721955026883,0.0058015011979760285,0,0,0,0,0,0
57_1CP2.A,0.0,0.0,0.01746,0,1CP2.A,0.015197141762671972,0.027413855078537188,0.008517072290968035,0,0,0,0,0,0
44_1CP2.A,0.0,0.0,0.00048,0,1CP2.A,0.011848029093358583,0.026776356875363727,0.005742680163470786,0,0,0,0,0,0
56_1CP2.A,0.0,0.0,0.00024,0,1CP2.A,0.011848029093358583,0.026767450424839537,0.005703466140467292,0,0,0,0,0,0
55_1CP2.A,0.0,0.0,0.01004,0,1CP2.A,0.013279529798889356,0.027133483518946695,0.0073047054131099905,0,0,0,0,0,0
54_1CP2.A,0.0,0.04,0.03217,0,1CP2.A,0.02147774323044678,0.031216724760522722,0.02345722923010577,0,0,0,0,0,0
53_1CP2.A,0.0,0.0,0.01925,0,1CP2.A,0.015583791776891611,0.027481912280937517,0.0088095435458691,0,0,0,0,0,0
52_1CP2.A,0.0,0.08,0.04209,0,1CP2.A,0.027325020882213415,0.03529482736651063,0.03761473962679876,0,0,0,0,0,0
51_1CP2.A,0.0,0.16,0.09458,0,1CP2.A,0.05113491751449916,0.047084548062775754,0.07126450146628516,0,0,0,0,0,0
50_1CP2.A,0.0,0.12,0.07509,0,1CP2.A,0.047979570007493144,0.04116176436163451,0.05554333190232781,0,0,0,0,0,0
49_1CP2.A,0.0,0.03,0.13022,0,1CP2.A,0.0440193255264673,0.03476860980102357,0.03634362551652135,0,0,0,0,0,0
48_1CP2.A,0.0,0.02,0.11766,0,1CP2.A,0.041928472192958345,0.03325402432306371,0.03115725895120133,0,0,0,0,0,0
47_1CP2.A,0.0,0.0,0.05763,0,1CP2.A,0.02745692332455934,0.028981263416984208,0.015080519391177953,0,0,0,0,0,0
46_1CP2.A,0.0,0.0,0.01626,0,1CP2.A,0.015145110712394348,0.027368321874190533,0.00832100217595056,0,0,0,0,0,0
45_1CP2.A,0.0,0.05,0.06612,0,1CP2.A,0.02926417426758711,0.03361745939091975,0.03213854559561226,0,0,0,0,0,0
141_1CP2.A,0.0,0.0,0.01686,0,1CP2.A,0.015197141762671972,0.02739107928138177,0.008419037233459298,0,0,0,0,0,0
143_1CP2.A,0.0,0.0,0.08597,0,1CP2.A,0.03578106259522849,0.030139029150959472,0.01971104194084062,0,0,0,0,0,0
11_1CP2.A,0.0,0.16,0.16489,0,1CP2.A,0.06499761474402517,0.05178703886541563,0.08275257628868395,0,0,0,0,0,0
207_1CP2.A,0.081,0.0,0.2468,0,1CP2.A,0.08335273614488571,0.04154652031423303,0.06187521077042533,0,0,0,0,0,0
235_1CP2.A,0.0,0.1,0.11216,0,1CP2.A,0.053406694187435884,0.04101844687249282,0.05533193248246833,0,0,0,0,0,0
234_1CP2.A,0.0,0.0,0.0012,0,1CP2.A,0.011848029093358583,0.02680309352197725,0.005860322232481271,0,0,0,0,0,0
233_1CP2.A,0.0,0.0,0.03157,0,1CP2.A,0.019815326539153175,0.02795480166602767,0.01082253006004849,0,0,0,0,0,0
232_1CP2.A,0.0,0.07,0.19359,0,1CP2.A,0.08478709847864546,0.04226857101231389,0.05923442561961763,0,0,0,0,0,0
231_1CP2.A,0.0,0.04,0.0629,0,1CP2.A,0.02890202817501814,0.032567891066191144,0.02847825809217823,0,0,0,0,0,0
230_1CP2.A,0.0,0.1,0.17171,0,1CP2.A,0.0817509709729873,0.04448776909317118,0.06506191194021044,0,0,0,0,0,0
229_1CP2.A,0.0,0.32,0.18462,0,1CP2.A,0.11660989194137604,0.08107345294032173,0.1361229522132904,0,0,0,0,0,0
228_1CP2.A,0.0,0.06,0.17111,0,1CP2.A,0.059118223658597584,0.03989622532896086,0.052427212770153164,0,0,0,0,0,0
227_1CP2.A,0.0,0.04,0.23233,0,1CP2.A,0.08248648891003815,0.041091265766382216,0.05616172441502033,0,0,0,0,0,0
226_1CP2.A,0.0,0.05,0.24501,0,1CP2.A,0.08334599446343566,0.04295397386365928,0.06136769799184209,0,0,0,0,0,0
225_1CP2.A,0.0,0.0,0.09363,0,1CP2.A,0.03626909807447098,0.030459578373906546,0.020962622841702153,0,0,0,0,0,0
224_1CP2.A,0.0,0.0,0.00024,0,1CP2.A,0.011848029093358583,0.026767450424839537,0.005703466140467292,0,0,0,0,0,0
223_1CP2.A,0.0,0.0,0.00048,0,1CP2.A,0.011848029093358583,0.026776356875363727,0.005742680163470786,0,0,0,0,0,0
222_1CP2.A,0.0,0.03,0.20112,0,1CP2.A,0.07992749761579518,0.03832144929613117,0.047928101478803734,0,0,0,0,0,0
221_1CP2.A,0.0,0.02,0.14253,0,1CP2.A,0.04644448350576545,0.03441180422874777,0.03522081208493846,0,0,0,0,0,0
220_1CP2.A,0.0,0.03,0.1851,0,1CP2.A,0.07463721105431685,0.037489370923066,0.04531056544332046,0,0,0,0,0,0
219_1CP2.A,0.0,0.08,0.11957,0,1CP2.A,0.04268755593174352,0.03925116677945458,0.05027433338642695,0,0,0,0,0,0
218_1CP2.A,0.0,0.09,0.05166,0,1CP2.A,0.02856903888779941,0.03674777303420796,0.04231256482220024,0,0,0,0,0,0
217_1CP2.A,0.0,0.0,0.00096,0,1CP2.A,0.011848029093358583,0.02679417842305423,0.005821108209477776,0,0,0,0,0,0
216_1CP2.A,0.0,0.05,0.16573,0,1CP2.A,0.04760921475979955,0.03854429796481094,0.048413999059687685,0,0,0,0,0,0
215_1CP2.A,0.0,0.03,0.08813,0,1CP2.A,0.03706218385351726,0.0328119104679115,0.029466466232283474,0,0,0,0,0,0
214_1CP2.A,0.0,0.0,0.0116,0,1CP2.A,0.0136725739971429,0.027192197198266745,0.007559596562632706,0,0,0,0,0,0
213_1CP2.A,0.0,0.04,0.08968,0,1CP2.A,0.037186420431501305,0.03379132227928792,0.032853889492318177,0,0,0,0,0,0
212_1CP2.A,0.0,0.11,0.10845,0,1CP2.A,0.05185270234711585,0.041930126895939765,0.05785991507167644,0,0,0,0,0,0
211_1CP2.A,0.0,0.1,0.0721,0,1CP2.A,0.044293092221410174,0.03883190333317969,0.04878645847613501,0,0,0,0,0,0
210_1CP2.A,0.0,0.1,0.19024,0,1CP2.A,0.0924267586536738,0.045623247863086205,0.06808956129960526,0,0,0,0,0,0
209_1CP2.A,0.0,0.03,0.12244,0,1CP2.A,0.04229650292088022,0.03439864506331138,0.03507243760415806,0,0,0,0,0,0
236_1CP2.A,0.0,0.07,0.17625,0,1CP2.A,0.06452101094708332,0.04128000409593389,0.056401212457615146,0,0,0,0,0,0
237_1CP2.A,0.0,0.0,0.00036,0,1CP2.A,0.011848029093358583,0.026771903289916354,0.005723073151969039,0,0,0,0,0,0
238_1CP2.A,0.0,0.03,0.08705,0,1CP2.A,0.03706218385351726,0.03276312913465599,0.02929000312876775,0,0,0,0,0,0
253_1CP2.A,0.0,0.0,0.0165,0,1CP2.A,0.015145110712394348,0.027377422631165237,0.008360216198954055,0,0,0,0,0,0
265_1CP2.A,1.0,0.65,0.35179,0,1CP2.A,0.37817336409768443,0.5055925974695488,0.4629865044809781,1,1,1,1,1,1
264_1CP2.A,0.0,0.0,0.0238,0,1CP2.A,0.015768783768895903,0.027655646738652614,0.009552976065310352,0,0,0,0,0,0
263_1CP2.A,0.471,0.1,0.11934,0,1CP2.A,0.15033334578904295,0.07321608033608672,0.1488784872375359,1,0,0,0,0,0
262_1CP2.A,0.667,0.2,0.50197,0,1CP2.A,0.2895935829446823,0.1884541695453996,0.281178624600176,1,0,1,0,1,1
261_1CP2.A,0.0,0.0,0.02188,0,1CP2.A,0.015768783768895903,0.027582204857755366,0.009239263881282395,0,0,0,0,0,0
260_1CP2.A,0.069,0.07,0.11766,0,1CP2.A,0.04935623866321736,0.0414757472495576,0.060360498287459624,0,0,0,0,0,0
259_1CP2.A,0.63,0.22,0.34282,0,1CP2.A,0.27696703308694903,0.1573975009623283,0.25418664837347255,1,0,1,0,0,1
258_1CP2.A,0.177,0.31,0.73945,0,1CP2.A,0.33244021482743874,0.19168427881263622,0.25835700919583693,1,0,1,1,1,1
257_1CP2.A,0.134,0.37,0.18127,0,1CP2.A,0.1707145142341336,0.10717882812211685,0.17752675085109912,1,0,0,0,0,0
256_1CP2.A,0.173,0.0,0.09674,0,1CP2.A,0.10926478868344493,0.037891837013144705,0.05539985514825377,1,0,0,0,0,0
255_1CP2.A,0.173,0.15,0.05608,0,1CP2.A,0.08994974052278583,0.05370574336079666,0.09576883650646874,1,0,0,0,0,0
254_1CP2.A,0.0,0.23,0.12567,0,1CP2.A,0.06280878686277591,0.05920193312258504,0.09828351355982282,0,0,0,0,0,0
252_1CP2.A,0.0,0.11,0.14002,0,1CP2.A,0.05912850930330467,0.043774128859870295,0.06301819301426113,0,0,0,0,0,0
239_1CP2.A,0.0,0.02,0.14433,0,1CP2.A,0.04644448350576545,0.034497092613667256,0.035514917257464675,0,0,0,0,0,0
251_1CP2.A,0.0,0.11,0.11934,0,1CP2.A,0.0536051802320744,0.04255766289235465,0.059639251365460014,0,0,0,0,0,0
250_1CP2.A,0.0,0.14,0.22851,0,1CP2.A,0.11949118447582274,0.05349127833920396,0.08687922816358606,0,0,0,0,0,0
249_1CP2.A,0.0,0.06,0.13871,0,1CP2.A,0.04594296957323331,0.038165634271371644,0.04713331966468138,0,0,0,0,0,0
248_1CP2.A,0.0,0.06,0.24728,0,1CP2.A,0.08334599446343566,0.04426564157795885,0.06487276332088728,0,0,0,0,0,0
247_1CP2.A,0.0,0.0,0.0794,0,1CP2.A,0.035387757568140506,0.02986669934513771,0.018637558061119948,0,0,0,0,0,0
246_1CP2.A,0.0,0.02,0.07605,0,1CP2.A,0.03608540224461883,0.03140057798239892,0.02435852771297044,0,0,0,0,0,0
245_1CP2.A,0.0,0.04,0.04938,0,1CP2.A,0.02768014335415618,0.031966604607043765,0.026269201462981367,0,0,0,0,0,0
244_1CP2.A,0.0,0.0,0.00143,0,1CP2.A,0.011848029093358583,0.026811639865209555,0.00589790233785962,0,0,0,0,0,0
243_1CP2.A,0.0,0.02,0.18869,0,1CP2.A,0.07258276717347346,0.036664512629691615,0.0427629758426106,0,0,0,0,0,0
242_1CP2.A,0.0,0.02,0.10307,0,1CP2.A,0.04042473131475757,0.03259241149045623,0.028773373136113882,0,0,0,0,0,0
241_1CP2.A,0.0,0.0,0.00012,0,1CP2.A,0.011911687957688459,0.026762998280023546,0.005683859128965544,0,0,0,0,0,0
240_1CP2.A,0.0,0.0,0.00024,0,1CP2.A,0.011848029093358583,0.026767450424839537,0.005703466140467292,0,0,0,0,0,0
208_1CP2.A,0.0,0.0,0.00634,0,1CP2.A,0.012949580032353771,0.026994719085426274,0.006700155891806114,0,0,0,0,0,0
206_1CP2.A,0.0,0.0,0.14385,0,1CP2.A,0.045025575317570905,0.03264437481126129,0.029168157155183415,0,0,0,0,0,0
144_1CP2.A,0.0,0.0,0.00048,0,1CP2.A,0.011848029093358583,0.026776356875363727,0.005742680163470786,0,0,0,0,0,0
205_1CP2.A,0.0,0.0,0.10475,0,1CP2.A,0.04023272099498462,0.030930801660139177,0.022779539240864073,0,0,0,0,0,0
174_1CP2.A,0.0,0.0,0.03659,0,1CP2.A,0.02408579955763844,0.02814974685998891,0.011642756707871588,0,0,0,0,0,0
173_1CP2.A,0.0,0.03,0.23771,0,1CP2.A,0.08305311001260163,0.04028892837874174,0.05390660606921152,0,0,0,0,0,0
172_1CP2.A,0.0,0.06,0.21834,0,1CP2.A,0.08137353923909366,0.04255421152864325,0.060144205713715884,0,0,0,0,0,0
171_1CP2.A,0.0,0.14,0.28973,0,1CP2.A,0.12150814552901938,0.05808178697342305,0.09688207186472748,0,0,0,0,0,0
170_1CP2.A,0.0,0.51,0.27406,0,1CP2.A,0.18161962036465584,0.1462500338725798,0.2102858659871983,0,1,0,0,0,0
169_1CP2.A,0.0,0.0,0.03934,0,1CP2.A,0.02408579955763844,0.028257098552594836,0.012092084054786631,0,0,0,0,0,0
167_1CP2.A,0.0,0.54,0.4325,0,1CP2.A,0.19107941849792756,0.18938646339762863,0.2455761549244168,0,1,1,1,0,0
166_1CP2.A,0.0,0.34,0.10104,0,1CP2.A,0.05605514856026416,0.0765298812860632,0.12873500075859767,0,0,0,0,0,0
165_1CP2.A,0.0,0.0,0.00813,0,1CP2.A,0.012949580032353771,0.027061764700009094,0.006992627146707179,0,0,0,0,0,0
164_1CP2.A,0.0,0.31,0.21033,0,1CP2.A,0.13744012596666258,0.08170151137898428,0.13718958839940262,0,0,0,0,0,0
162_1CP2.A,0.0,0.0,0.0006,0,1CP2.A,0.011848029093358583,0.026780811181291428,0.0057622871749725335,0,0,0,0,0,0
161_1CP2.A,0.0,0.0,0.01758,0,1CP2.A,0.015197141762671972,0.02741841244599348,0.00853667930246978,0,0,0,0,0,0
160_1CP2.A,0.173,0.5,0.69281,0,1CP2.A,0.34539310898999787,0.27398153835257605,0.30950108443716495,1,1,1,1,1,1
159_1CP2.A,0.0,0.0,0.07509,0,1CP2.A,0.034210235808195356,0.029689344723499028,0.01793333956468219,0,0,0,0,0,0
158_1CP2.A,0.0,0.0,0.0,0,1CP2.A,0.011911687957688459,0.026758546855358632,0.005664252117463797,0,0,0,0,0,0
157_1CP2.A,0.032,0.0,0.16465,0,1CP2.A,0.044586690260343606,0.03494942273198445,0.038842605732273584,0,0,0,0,0,0
156_1CP2.A,0.201,0.98,1.0,0,1CP2.A,0.5851957955108401,0.7012677187849943,0.5156247817417844,1,1,1,1,1,1
155_1CP2.A,0.0,0.0,0.00419,0,1CP2.A,0.012260284256119898,0.02691440290219628,0.006348863602399809,0,0,0,0,0,0
154_1CP2.A,0.0,0.0,0.0269,0,1CP2.A,0.016580063070364665,0.02777462595934721,0.010059490529105491,0,0,0,0,0,0
152_1CP2.A,0.177,0.93,0.65587,0,1CP2.A,0.4632661311845744,0.5476964451667957,0.4390190194293724,1,1,1,1,1,1
151_1CP2.A,0.377,0.46,0.30503,0,1CP2.A,0.26467280953608807,0.20126780230079266,0.27361322462623894,1,0,0,1,1,1
150_1CP2.A,0.134,0.0,0.11204,0,1CP2.A,0.08412562325007009,0.03687832545113173,0.05025099609114203,1,0,0,0,0,0
149_1CP2.A,0.0,0.0,0.01256,0,1CP2.A,0.0136725739971429,0.027228390057680987,0.0077164526546466845,0,0,0,0,0,0
148_1CP2.A,0.0,0.0,0.0,0,1CP2.A,0.011911687957688459,0.026758546855358632,0.005664252117463797,0,0,0,0,0,0
147_1CP2.A,0.0,0.0,0.0,0,1CP2.A,0.011911687957688459,0.026758546855358632,0.005664252117463797,0,0,0,0,0,0
146_1CP2.A,0.0,0.0,0.0,0,1CP2.A,0.011911687957688459,0.026758546855358632,0.005664252117463797,0,0,0,0,0,0
145_1CP2.A,0.0,0.0,0.0006,0,1CP2.A,0.011848029093358583,0.026780811181291428,0.0057622871749725335,0,0,0,0,0,0
175_1CP2.A,0.0,0.07,0.23604,0,1CP2.A,0.08496798167907438,0.044785036925065635,0.06617040593836075,0,0,0,0,0,0
176_1CP2.A,0.0,0.0,0.00275,0,1CP2.A,0.012099895023662594,0.026860739713292465,0.00611357946437884,0,0,0,0,0,0
177_1CP2.A,0.0,0.0,0.00287,0,1CP2.A,0.012099895023662594,0.0268652076690013,0.006133186475880587,0,0,0,0,0,0
192_1CP2.A,0.0,0.0,0.07748,0,1CP2.A,0.03489812877065496,0.029787565705589977,0.01832384587709199,0,0,0,0,0,0
204_1CP2.A,0.032,0.0,0.13177,0,1CP2.A,0.0408087116413998,0.033403859012213565,0.03347028458079481,0,0,0,0,0,0
203_1CP2.A,0.0,0.02,0.12161,0,1CP2.A,0.04220265513655531,0.03343536447351901,0.031802656413133845,0,0,0,0,0,0
202_1CP2.A,0.0,0.0,0.05237,0,1CP2.A,0.026965147534841444,0.028771176819864252,0.014221078720351363,0,0,0,0,0,0
201_1CP2.A,0.0,0.02,0.08753,0,1CP2.A,0.03696833606919236,0.031901712019779996,0.0262342651466376,0,0,0,0,0,0
200_1CP2.A,0.0,0.0,0.02128,0,1CP2.A,0.015768783768895903,0.027559293156645095,0.009141228823773658,0,0,0,0,0,0
199_1CP2.A,0.032,0.03,0.10212,0,1CP2.A,0.03773813279310865,0.03480108063373773,0.03802821690664948,0,0,0,0,0,0
198_1CP2.A,0.0,0.07,0.31113,0,1CP2.A,0.09115079506260632,0.049589630366934055,0.07843949338557915,0,0,0,0,0,0
197_1CP2.A,0.0,0.0,0.00096,0,1CP2.A,0.011848029093358583,0.02679417842305423,0.005821108209477776,0,0,0,0,0,0
196_1CP2.A,0.0,0.0,0.00084,0,1CP2.A,0.011848029093358583,0.026789721955026883,0.0058015011979760285,0,0,0,0,0,0
195_1CP2.A,0.081,0.0,0.09709,0,1CP2.A,0.045998689783500045,0.033838288881118395,0.03741383000437039,0,0,0,0,0,0
194_1CP2.A,0.053,0.0,0.27765,0,1CP2.A,0.07579240255710715,0.041869199399823254,0.06142443421681065,0,0,0,0,0,0
193_1CP2.A,0.0,0.0,0.0,0,1CP2.A,0.011911687957688459,0.026758546855358632,0.005664252117463797,0,0,0,0,0,0
191_1CP2.A,0.288,0.14,0.52732,0,1CP2.A,0.23882645084455567,0.11117839497677406,0.19218541997164773,1,0,1,0,0,1
178_1CP2.A,0.0,0.0,0.0,0,1CP2.A,0.011911687957688459,0.026758546855358632,0.005664252117463797,0,0,0,0,0,0
190_1CP2.A,0.069,0.41,0.41325,0,1CP2.A,0.15617702642640696,0.14680679915607436,0.21521911432580132,0,0,1,0,0,0
189_1CP2.A,0.12,0.0,0.26605,0,1CP2.A,0.0934155802801827,0.04473924247724775,0.07266925522241516,0,0,0,0,0,0
188_1CP2.A,0.134,0.39,0.39519,0,1CP2.A,0.20997016743570307,0.14694486009610863,0.21874784874448827,1,0,1,0,0,0
187_1CP2.A,0.032,0.41,0.24166,0,1CP2.A,0.13333143172329812,0.11388500224787618,0.17992621251714244,0,0,0,0,0,0
186_1CP2.A,0.081,0.93,0.28387,0,1CP2.A,0.33341167834632474,0.38664453989347597,0.35940958402359374,0,1,0,1,1,1
185_1CP2.A,0.081,0.1,0.28459,0,1CP2.A,0.10076150616158219,0.0571890332760812,0.09939144575722195,0,0,0,0,0,0
184_1CP2.A,0.289,0.14,0.15054,0,1CP2.A,0.15164276401734555,0.06823488000362703,0.130818793563811,1,0,0,0,0,0
183_1CP2.A,0.12,0.0,0.03587,0,1CP2.A,0.0406798200418313,0.032641735116413585,0.03505973932681347,0,0,0,0,0,0
182_1CP2.A,0.0,0.0,0.00048,0,1CP2.A,0.011848029093358583,0.026776356875363727,0.005742680163470786,0,0,0,0,0,0
181_1CP2.A,0.0,0.0,0.00012,0,1CP2.A,0.011911687957688459,0.026762998280023546,0.005683859128965544,0,0,0,0,0,0
180_1CP2.A,0.0,0.0,0.0,0,1CP2.A,0.011911687957688459,0.026758546855358632,0.005664252117463797,0,0,0,0,0,0
179_1CP2.A,0.0,0.0,0.0,0,1CP2.A,0.011911687957688459,0.026758546855358632,0.005664252117463797,0,0,0,0,0,0
12_1CP2.A,0.0,0.0,0.04544,0,1CP2.A,0.025964197896890088,0.028496644715823274,0.013088773806125454,0,0,0,0,0,0
10_1CP2.A,0.289,0.18,0.11945,0,1CP2.A,0.15353343393865082,0.07272706424426963,0.13827560777978185,1,0,0,0,0,0
655_1QFH.A,0.11,0.0,0.1096,0,1QFH.A,0.049909951965880904,0.03568204789976902,0.04514539525301603,0,0,0,0,0,0
307_1CNZ.A,0.0,0.0,0.00181,0,1CNZ.A,0.011878216457422697,0.026825765716782062,0.005959991207615153,0,0,0,0,0,0
335_1CNZ.A,0.0,0.08,0.04728,0,1CNZ.A,0.02787597322471499,0.035547387619229674,0.03846274287424933,0,0,0,0,0,0
334_1CNZ.A,0.0,0.0,0.02448,0,1CNZ.A,0.016190783381551558,0.027681702936839813,0.009664082463820254,0,0,0,0,0,0
333_1CNZ.A,0.0,0.21,0.0408,0,1CNZ.A,0.043274922001958316,0.050064113660068445,0.07814812261893773,0,0,0,0,0,0
332_1CNZ.A,0.0,0.07,0.04547,0,1CNZ.A,0.027392376022809185,0.03450655665234842,0.03503283775596084,0,0,0,0,0,0
331_1CNZ.A,0.0,0.1,0.06826,0,1CNZ.A,0.039432374724308945,0.0386282818131897,0.0481590341080791,0,0,0,0,0,0
330_1CNZ.A,0.0,0.0,0.02474,0,1CNZ.A,0.016288480487691045,0.0276916719025774,0.009706564322074038,0,0,0,0,0,0
329_1CNZ.A,0.0,0.0,0.00026,0,1CNZ.A,0.011848029093358583,0.026768192518997928,0.005706733975717583,0,0,0,0,0,0
328_1CNZ.A,0.0,0.11,0.04987,0,1CNZ.A,0.0370280644907581,0.03870356005749346,0.04828842562357345,0,0,0,0,0,0
327_1CNZ.A,0.0,0.15,0.04702,0,1CNZ.A,0.03992522516513092,0.042961524403209675,0.06035942321295548,0,0,0,0,0,0
326_1CNZ.A,0.0,0.0,0.0022,0,1CNZ.A,0.012099895023662594,0.026840270826525486,0.006023713994995831,0,0,0,0,0,0
325_1CNZ.A,0.0,0.0,0.01308,0,1CNZ.A,0.0136725739971429,0.027248014069637786,0.007801416371154257,0,0,0,0,0,0
324_1CNZ.A,0.0,0.26,0.09767,0,1CNZ.A,0.05501711847514602,0.06174546829055495,0.1031110422938265,0,0,0,0,0,0
323_1CNZ.A,0.0,0.94,0.02319,0,1CNZ.A,0.24233866751094837,0.2873557963247436,0.30406491373506717,0,1,0,0,0,0
322_1CNZ.A,0.0,0.0,0.00078,0,1CNZ.A,0.011848029093358583,0.026787493991323692,0.005791697692225155,0,0,0,0,0,0
321_1CNZ.A,0.0,0.0,0.06192,0,1CNZ.A,0.02745692332455934,0.029153709012168755,0.015781470052365423,0,0,0,0,0,0
320_1CNZ.A,0.0,0.86,0.10427,0,1CNZ.A,0.19460042112262216,0.2653151942651693,0.2922393896146507,0,0,0,0,0,0
319_1CNZ.A,0.0,0.0,0.00026,0,1CNZ.A,0.011848029093358583,0.026768192518997928,0.005706733975717583,0,0,0,0,0,0
318_1CNZ.A,0.0,0.0,0.00829,0,1CNZ.A,0.012949580032353771,0.027067765480008277,0.007018769828709508,0,0,0,0,0,0
317_1CNZ.A,0.0,0.24,0.2763,0,1CNZ.A,0.1422404199317963,0.07426040874787207,0.12602938077552828,0,0,0,0,0,0
316_1CNZ.A,0.0,0.71,0.14003,0,1CNZ.A,0.1687558572812508,0.199270557871362,0.25106978862011436,0,0,0,0,0,0
315_1CNZ.A,0.0,0.0,0.07034,0,1CNZ.A,0.03379543235389345,0.02949506689479346,0.017157228692738023,0,0,0,0,0,0
314_1CNZ.A,0.0,0.23,0.25777,0,1CNZ.A,0.14146805525943165,0.07059238457329932,0.11986756538799634,0,0,0,0,0,0
313_1CNZ.A,0.0,0.0,0.07293,0,1CNZ.A,0.03373397182086471,0.02960084611820443,0.01758041335765074,0,0,0,0,0,0
312_1CNZ.A,0.0,0.13,0.05544,0,1CNZ.A,0.040960428630242796,0.041170865946149764,0.055466849797053824,0,0,0,0,0,0
311_1CNZ.A,0.0,0.5,0.06347,0,1CNZ.A,0.05897228282501334,0.10982981784946876,0.17274302869111977,0,0,0,0,0,0
310_1CNZ.A,0.0,0.63,0.06179,0,1CNZ.A,0.06883135745877884,0.1508384569384015,0.21321268889587805,0,0,0,0,0,0
309_1CNZ.A,0.0,0.0,0.00026,0,1CNZ.A,0.011848029093358583,0.026768192518997928,0.005706733975717583,0,0,0,0,0,0
336_1CNZ.A,0.0,0.0,0.00311,0,1CNZ.A,0.012099895023662594,0.026874145748537085,0.006172400498884082,0,0,0,0,0,0
337_1CNZ.A,0.0,0.19,0.10751,0,1CNZ.A,0.05613658595858207,0.05193100248902134,0.08277965504000984,0,0,0,0,0,0
338_1CNZ.A,0.0,0.02,0.19003,0,1CNZ.A,0.07678544084260691,0.036731982812846974,0.04298192080438012,0,0,0,0,0,0
353_1CNZ.A,0.0,0.01,0.02668,0,1CNZ.A,0.01628141916440895,0.02853815126046046,0.013157710369489423,0,0,0,0,0,0
2_1COZ.A,0.0,0.1,0.062,0,1COZ.A,0.03799509292806289,0.03829853176279271,0.04713620167473794,0,0,0,0,0,0
1_1COZ.A,0.0,0.58,0.16046,0,1COZ.A,0.08904662978061637,0.15076741826782586,0.2136637239625041,0,0,0,0,0,0
363_1CNZ.A,0.0,0.04,0.12306,0,1CNZ.A,0.04229650292088022,0.03537845309178409,0.03830790652505423,0,0,0,0,0,0
362_1CNZ.A,0.0,0.02,0.12202,0,1CNZ.A,0.04220265513655531,0.03345424172144206,0.031869647035764816,0,0,0,0,0,0
361_1CNZ.A,0.0,0.03,0.07461,0,1CNZ.A,0.03549135706648413,0.03220626876823163,0.027257409603086605,0,0,0,0,0,0
360_1CNZ.A,0.0,0.02,0.03368,0,1CNZ.A,0.02323836976660267,0.02961614252546421,0.017435618735228486,0,0,0,0,0,0
359_1CNZ.A,0.0,0.0,0.00972,0,1CNZ.A,0.013279529798889356,0.027121454928935862,0.007252420049105332,0,0,0,0,0,0
358_1CNZ.A,0.0,0.0,0.03225,0,1CNZ.A,0.019815326539153175,0.027981131606796633,0.010933636458558393,0,0,0,0,0,0
357_1CNZ.A,0.0,0.01,0.02345,0,1CNZ.A,0.015549491932799813,0.02841088539576285,0.01262995497656739,0,0,0,0,0,0
356_1CNZ.A,0.0,0.0,0.00246,0,1CNZ.A,0.012099895023662594,0.02684994513651429,0.006066195853249618,0,0,0,0,0,0
355_1CNZ.A,0.0,0.0,0.0,0,1CNZ.A,0.011911687957688459,0.026758546855358632,0.005664252117463797,0,0,0,0,0,0
354_1CNZ.A,0.0,0.0,0.01166,0,1CNZ.A,0.0136725739971429,0.02719445788130063,0.00756940006838358,0,0,0,0,0,0
352_1CNZ.A,0.0,0.0,0.00026,0,1CNZ.A,0.011848029093358583,0.026768192518997928,0.005706733975717583,0,0,0,0,0,0
339_1CNZ.A,0.0,0.0,0.04974,0,1CNZ.A,0.02623503850369739,0.028666688431250628,0.013791358384938068,0,0,0,0,0,0
351_1CNZ.A,0.0,0.0,0.0,0,1CNZ.A,0.011911687957688459,0.026758546855358632,0.005664252117463797,0,0,0,0,0,0
350_1CNZ.A,0.0,0.01,0.03446,0,1CNZ.A,0.022625222406377602,0.028846968164436975,0.014428898281852709,0,0,0,0,0,0
349_1CNZ.A,0.0,0.01,0.04495,0,1CNZ.A,0.025669276582980988,0.029268492566881563,0.016142877870630457,0,0,0,0,0,0
348_1CNZ.A,0.0,0.0,0.0035,0,1CNZ.A,0.012260284256119898,0.026888676295325063,0.0062361232862647616,0,0,0,0,0,0
347_1CNZ.A,0.0,0.02,0.03199,0,1CNZ.A,0.021011801926724683,0.029547044341611473,0.017159486656578876,0,0,0,0,0,0
346_1CNZ.A,0.0,0.01,0.03821,0,1CNZ.A,0.02364919588070754,0.02899697528603033,0.015041617391282312,0,0,0,0,0,0
345_1CNZ.A,0.0,0.02,0.05013,0,1CNZ.A,0.027214202050434087,0.030296959373347525,0.020123413228593016,0,0,0,0,0,0
344_1CNZ.A,0.0,0.01,0.07319,0,1CNZ.A,0.03329736814393381,0.030433170132009305,0.020757061244041662,0,0,0,0,0,0
343_1CNZ.A,0.0,0.03,0.11218,0,1CNZ.A,0.04246692850968233,0.03391654908677623,0.03339603812075867,0,0,0,0,0,0
342_1CNZ.A,0.0,0.01,0.13122,0,1CNZ.A,0.042694717573243404,0.03296894636172532,0.030238685222761644,0,0,0,0,0,0
341_1CNZ.A,0.0,0.02,0.37461,0,1CNZ.A,0.08693704290771231,0.047255049277672184,0.0731407723293178,0,0,1,0,0,0
340_1CNZ.A,0.0,0.02,0.06451,0,1CNZ.A,0.028700180128420873,0.030904505271858337,0.022472986773552403,0,0,0,0,0,0
308_1CNZ.A,0.0,0.0,0.0,0,1CNZ.A,0.011911687957688459,0.026758546855358632,0.005664252117463797,0,0,0,0,0,0
306_1CNZ.A,0.0,0.0,0.00026,0,1CNZ.A,0.011848029093358583,0.026768192518997928,0.005706733975717583,0,0,0,0,0,0
4_1COZ.A,0.0,0.0,0.00029,0,1COZ.A,0.011848029093358583,0.02676930569775022,0.00571163572859302,0,0,0,0,0,0
305_1CNZ.A,0.0,0.0,0.0,0,1CNZ.A,0.011911687957688459,0.026758546855358632,0.005664252117463797,0,0,0,0,0,0
274_1CNZ.A,0.0,0.94,0.27319,0,1CNZ.A,0.39816564888171563,0.36535699029028523,0.34491285436370744,0,1,0,0,0,0
273_1CNZ.A,0.0,0.59,0.08523,0,1CNZ.A,0.07409472600166687,0.1409373511637525,0.2045059276966708,0,0,0,0,0,0
272_1CNZ.A,0.0,0.0,0.02073,0,1CNZ.A,0.015768783768895903,0.02753830700999173,0.009051363354390649,0,0,0,0,0,0
271_1CNZ.A,0.0,0.0,0.0,0,1CNZ.A,0.011911687957688459,0.026758546855358632,0.005664252117463797,0,0,0,0,0,0
270_1CNZ.A,0.0,0.0,0.0,0,1CNZ.A,0.011911687957688459,0.026758546855358632,0.005664252117463797,0,0,0,0,0,0
269_1CNZ.A,0.0,0.0,0.00013,0,1CNZ.A,0.011911687957688459,0.026763369264584256,0.00568549304659069,0,0,0,0,0,0
268_1CNZ.A,0.0,0.0,0.00039,0,1CNZ.A,0.011848029093358583,0.026773016618739164,0.005727974904844476,0,0,0,0,0,0
267_1CNZ.A,0.0,0.0,0.00104,0,1CNZ.A,0.011848029093358583,0.026797149802243177,0.00583417955047894,0,0,0,0,0,0
266_1CNZ.A,0.0,0.0,0.00091,0,1CNZ.A,0.011848029093358583,0.02679232147377072,0.005812938621352048,0,0,0,0,0,0
265_1CNZ.A,0.0,0.23,0.05415,0,1CNZ.A,0.04644528633727819,0.05377662331075526,0.0865977347047814,0,0,0,0,0,0
263_1CNZ.A,0.0,0.0,0.07332,0,1CNZ.A,0.03373397182086471,0.029616806091278737,0.017644136145031415,0,0,0,0,0,0
262_1CNZ.A,0.194,0.17,0.20907,0,1CNZ.A,0.21018573596831963,0.07124002688522203,0.1311530336302374,0,0,0,0,0,0
261_1CNZ.A,0.0,0.0,0.00829,0,1CNZ.A,0.012949580032353771,0.027067765480008277,0.007018769828709508,0,0,0,0,0,0
260_1CNZ.A,0.0,0.0,0.11684,0,1CNZ.A,0.04074119871899448,0.03145113675821067,0.024754945649665117,0,0,0,0,0,0
258_1CNZ.A,0.0,0.0,0.03562,0,1CNZ.A,0.023581441546405492,0.02811197555231227,0.011484266698232465,0,0,0,0,0,0
257_1CNZ.A,0.0,0.0,0.00026,0,1CNZ.A,0.011848029093358583,0.026768192518997928,0.005706733975717583,0,0,0,0,0,0
254_1CNZ.A,0.0,0.0,0.00078,0,1CNZ.A,0.011848029093358583,0.026787493991323692,0.005791697692225155,0,0,0,0,0,0
253_1CNZ.A,0.0,0.0,0.01645,0,1CNZ.A,0.015145110712394348,0.027375526397623733,0.008352046610828327,0,0,0,0,0,0
250_1CNZ.A,0.0,0.0,0.00013,0,1CNZ.A,0.011911687957688459,0.026763369264584256,0.00568549304659069,0,0,0,0,0,0
249_1CNZ.A,0.324,0.0,0.21943,0,1CNZ.A,0.19599549847058292,0.05384870569444149,0.10506079322350534,0,0,0,0,0,0
248_1CNZ.A,0.628,0.66,0.3329,0,1CNZ.A,0.35989212509654805,0.3886900947511181,0.3900768635825628,1,0,1,0,0,0
247_1CNZ.A,0.0,0.0,0.00246,0,1CNZ.A,0.012099895023662594,0.02684994513651429,0.006066195853249618,0,0,0,0,0,0
246_1CNZ.A,0.0,0.0,0.00997,0,1CNZ.A,0.013279529798889356,0.027130851821821435,0.007293267989733971,0,0,0,0,0,0
245_1CNZ.A,0.0,0.0,0.0,0,1CNZ.A,0.011911687957688459,0.026758546855358632,0.005664252117463797,0,0,0,0,0,0
244_1CNZ.A,0.0,0.0,0.0,0,1CNZ.A,0.011911687957688459,0.026758546855358632,0.005664252117463797,0,0,0,0,0,0
243_1CNZ.A,0.0,0.0,0.0,0,1CNZ.A,0.011911687957688459,0.026758546855358632,0.005664252117463797,0,0,0,0,0,0
242_1CNZ.A,0.0,0.0,0.0,0,1CNZ.A,0.011911687957688459,0.026758546855358632,0.005664252117463797,0,0,0,0,0,0
275_1CNZ.A,0.0,0.6,0.23277,0,1CNZ.A,0.19632138338841085,0.17233501208123672,0.23174691436620629,0,0,0,0,0,0
276_1CNZ.A,0.0,0.36,0.0794,0,1CNZ.A,0.05495021640491173,0.07835986436394883,0.1314675350740568,0,0,0,0,0,0
277_1CNZ.A,0.0,0.0,0.08459,0,1CNZ.A,0.035387757568140506,0.030081628565458395,0.019485561308570522,0,0,0,0,0,0
292_1CNZ.A,0.0,0.89,0.0522,0,1CNZ.A,0.1894356317184587,0.26736513994469546,0.29313407862492896,0,0,0,0,0,0
304_1CNZ.A,0.0,0.0,0.0,0,1CNZ.A,0.011911687957688459,0.026758546855358632,0.005664252117463797,0,0,0,0,0,0
303_1CNZ.A,0.0,0.0,0.00272,0,1CNZ.A,0.012099895023662594,0.02685962283726944,0.006108677711503404,0,0,0,0,0,0
302_1CNZ.A,0.0,0.0,0.0,0,1CNZ.A,0.011911687957688459,0.026758546855358632,0.005664252117463797,0,0,0,0,0,0
301_1CNZ.A,0.0,0.0,0.0,0,1CNZ.A,0.011911687957688459,0.026758546855358632,0.005664252117463797,0,0,0,0,0,0
300_1CNZ.A,0.0,0.0,0.00013,0,1CNZ.A,0.011911687957688459,0.026763369264584256,0.00568549304659069,0,0,0,0,0,0
299_1CNZ.A,0.0,0.0,0.0,0,1CNZ.A,0.011911687957688459,0.026758546855358632,0.005664252117463797,0,0,0,0,0,0
298_1CNZ.A,0.0,0.0,0.0,0,1CNZ.A,0.011911687957688459,0.026758546855358632,0.005664252117463797,0,0,0,0,0,0
297_1CNZ.A,0.0,0.0,0.02124,0,1CNZ.A,0.015768783768895903,0.027557766367592686,0.009134693153273074,0,0,0,0,0,0
296_1CNZ.A,0.0,0.0,0.01503,0,1CNZ.A,0.013852884232174028,0.02732172662214898,0.008120030308057651,0,0,0,0,0,0
295_1CNZ.A,0.0,0.47,0.09223,0,1CNZ.A,0.06583055518418902,0.10563050583660932,0.16803967769662714,0,0,0,0,0,0
294_1CNZ.A,0.0,0.44,0.04741,0,1CNZ.A,0.05359499184343988,0.09240119798701685,0.1513139608163131,0,0,0,0,0,0
293_1CNZ.A,0.0,0.95,0.11503,0,1CNZ.A,0.2667743580900303,0.3209877856204292,0.3222049792325416,0,1,0,0,0,0
291_1CNZ.A,0.0,0.91,0.0307,0,1CNZ.A,0.22829827889994192,0.2724517974030513,0.29588948778714014,0,0,0,0,0,0
278_1CNZ.A,0.0,0.0,0.00181,0,1CNZ.A,0.011878216457422697,0.026825765716782062,0.005959991207615153,0,0,0,0,0,0
290_1CNZ.A,0.0,0.9,0.1342,0,1CNZ.A,0.23618201776043557,0.29670832691924476,0.30966636917926005,0,0,0,0,0,0
289_1CNZ.A,0.0,0.98,0.34689,0,1CNZ.A,0.4192920641693017,0.4171836830527615,0.3694914913735792,0,1,1,0,0,0
288_1CNZ.A,0.0,0.84,0.13446,0,1CNZ.A,0.2079312800527008,0.2627043856545549,0.290903854868691,0,0,0,0,0,0
287_1CNZ.A,0.0,0.6,0.12655,0,1CNZ.A,0.08432464361796599,0.1518123587162179,0.2143914413519096,0,0,0,0,0,0
286_1CNZ.A,0.0,0.0,0.05415,0,1CNZ.A,0.027100222101277972,0.028842104807983545,0.014511916057627281,0,0,0,0,0,0
285_1CNZ.A,0.0,0.55,0.10324,0,1CNZ.A,0.07282782925361646,0.13070420382872655,0.19491194922700952,0,0,0,0,0,0
284_1CNZ.A,0.0,0.43,0.07772,0,1CNZ.A,0.062428286385467775,0.09366281859701812,0.1531321991099923,0,0,0,0,0,0
283_1CNZ.A,0.0,0.0,0.03756,0,1CNZ.A,0.02408579955763844,0.028187567445386,0.011801246717510712,0,0,0,0,0,0
282_1CNZ.A,0.0,0.0,0.0022,0,1CNZ.A,0.012099895023662594,0.026840270826525486,0.006023713994995831,0,0,0,0,0,0
281_1CNZ.A,0.0,0.0,0.00194,0,1CNZ.A,0.011878216457422697,0.026830599906184308,0.005981232136742046,0,0,0,0,0,0
280_1CNZ.A,0.0,0.0,0.0013,0,1CNZ.A,0.011848029093358583,0.02680680899782293,0.0058766614087327265,0,0,0,0,0,0
279_1CNZ.A,0.0,0.0,0.0,0,1CNZ.A,0.011911687957688459,0.026758546855358632,0.005664252117463797,0,0,0,0,0,0
3_1COZ.A,0.0,0.0,0.07586,0,1COZ.A,0.03440481528523832,0.029720954810307783,0.018059151221818403,0,0,0,0,0,0
5_1COZ.A,0.0,0.0,0.0,0,1COZ.A,0.011911687957688459,0.026758546855358632,0.005664252117463797,0,0,0,0,0,0
9_1CP2.A,0.426,0.28,0.33588,0,1CP2.A,0.25515869583298867,0.14435160700746533,0.2318488437409253,1,0,0,0,0,1
74_1COZ.A,0.049,0.49,0.77125,0,1COZ.A,0.22568237932443563,0.25925459088545577,0.2948642560831193,0,0,1,1,1,0
102_1COZ.A,0.0,0.0,0.02368,0,1COZ.A,0.015768783768895903,0.02765105106023502,0.009533369053808603,0,0,0,0,0,0
101_1COZ.A,0.0,0.06,0.47018,0,1COZ.A,0.10178204604555965,0.05981635150908021,0.10129278718538294,0,0,1,0,0,0
100_1COZ.A,0.0,0.05,0.22846,0,1COZ.A,0.08137353923909366,0.04199532413698495,0.05866356432222611,0,0,0,0,0,0
99_1COZ.A,0.0,0.0,0.35246,0,1COZ.A,0.08800598447551249,0.0434479413491695,0.063253312733346,0,0,0,0,0,0
98_1COZ.A,0.0,0.09,0.76506,0,1COZ.A,0.1140165358537386,0.09533682045990449,0.15887624820008814,0,0,1,0,0,0
97_1COZ.A,0.0,0.05,0.32121,0,1COZ.A,0.08899921739674721,0.04764359469098965,0.07381815029545165,0,0,0,0,0,0
96_1COZ.A,0.0,0.08,0.20311,0,1COZ.A,0.081581132851895,0.04399251002788844,0.06392408122689339,0,0,0,0,0,0
95_1COZ.A,0.0,0.1,0.51371,0,1COZ.A,0.12334955866587048,0.07044165186220516,0.12094189472019035,0,0,1,0,0,0
94_1COZ.A,0.0,0.33,0.31149,0,1COZ.A,0.14616126766696408,0.09806317767851011,0.1599866311516499,0,0,0,0,0,0
93_1COZ.A,0.0,0.11,0.08215,0,1COZ.A,0.04609665906030693,0.04045088242289883,0.05356271171754348,0,0,0,0,0,0
92_1COZ.A,0.0,0.0,0.00383,0,1COZ.A,0.012260284256119898,0.026900977340015588,0.0062900425678945665,0,0,0,0,0,0
91_1COZ.A,0.0,0.0,0.02437,0,1COZ.A,0.016190783381551558,0.02767748634716938,0.009646109369943652,0,0,0,0,0,0
90_1COZ.A,0.0,0.0,0.0001,0,1COZ.A,0.011911687957688459,0.026762256325905186,0.005680591293715253,0,0,0,0,0,0
89_1COZ.A,0.0,0.0,0.00108,0,1COZ.A,0.011848029093358583,0.02679863561200108,0.0058407152209795235,0,0,0,0,0,0
88_1COZ.A,0.0,0.0,0.0057,0,1COZ.A,0.01272638021532879,0.026970786684428115,0.006595585163796796,0,0,0,0,0,0
87_1COZ.A,0.0,0.07,0.05119,0,1COZ.A,0.02766321662961649,0.034779011306497076,0.03596743863754413,0,0,0,0,0,0
86_1COZ.A,0.0,0.0,0.02417,0,1COZ.A,0.016190783381551558,0.02766982141913306,0.009613431017440738,0,0,0,0,0,0
85_1COZ.A,0.0,0.06,0.08824,0,1COZ.A,0.03706218385351726,0.03561269271248609,0.038886937410571476,0,0,0,0,0,0
84_1COZ.A,0.0,0.13,0.04491,0,1COZ.A,0.03873151857462937,0.040582872199488286,0.0537463345377755,0,0,0,0,0,0
83_1COZ.A,0.0,0.45,0.05385,0,1COZ.A,0.054635016903240956,0.09558502928311458,0.155500369795044,0,0,0,0,0,0
82_1COZ.A,0.0,0.6,0.05208,0,1COZ.A,0.06495619726510231,0.13865291370128216,0.20222365679745025,0,0,0,0,0,0
81_1COZ.A,0.0,0.0,0.01533,0,1COZ.A,0.013965210178814675,0.027333084203557553,0.00816904783681202,0,0,0,0,0,0
80_1COZ.A,0.0,0.0,0.00599,0,1COZ.A,0.01272638021532879,0.026981628496556196,0.006642968774926018,0,0,0,0,0,0
79_1COZ.A,0.0,0.5,0.04775,0,1COZ.A,0.05685294074477099,0.10765986684174463,0.17017451018439086,0,0,0,0,0,0
78_1COZ.A,0.049,0.17,0.19534,0,1COZ.A,0.10967882295915662,0.0587960079451296,0.10047199323297003,0,0,0,0,0,0
77_1COZ.A,0.0,0.0,0.16115,0,1COZ.A,0.04581318278096552,0.03343150791677099,0.031994834646685316,0,0,0,0,0,0
76_1COZ.A,0.019,0.0,0.02368,0,1COZ.A,0.01694485736407208,0.02831298204205908,0.013259684629401062,0,0,0,0,0,0
103_1COZ.A,0.0,0.03,0.06809,0,1COZ.A,0.029490754037698293,0.031918074926656874,0.026192095311491668,0,0,0,0,0,0
104_1COZ.A,0.0,0.02,0.11762,0,1COZ.A,0.041928472192958345,0.03325219283304466,0.031150723280700746,0,0,0,0,0,0
105_1COZ.A,0.0,0.02,0.05227,0,1COZ.A,0.027944311081578143,0.030386634700945,0.020473071600374176,0,0,0,0,0,0
120_1COZ.A,0.0,0.98,0.11506,0,1COZ.A,0.2938036824946972,0.33972062534248615,0.3316123790698285,0,1,0,1,1,1
8_1CP2.A,0.0,0.0,0.00096,0,1CP2.A,0.011848029093358583,0.02679417842305423,0.005821108209477776,0,0,0,0,0,0
7_1CP2.A,0.0,0.0,0.00335,0,1CP2.A,0.012260284256119898,0.02688308671963084,0.006211614521887577,0,0,0,0,0,0
6_1CP2.A,0.0,0.0,0.0,0,1CP2.A,0.011911687957688459,0.026758546855358632,0.005664252117463797,0,0,0,0,0,0
5_1CP2.A,0.0,0.0,0.0,0,1CP2.A,0.011911687957688459,0.026758546855358632,0.005664252117463797,0,0,0,0,0,0
4_1CP2.A,0.0,0.0,0.0012,0,1CP2.A,0.011848029093358583,0.02680309352197725,0.005860322232481271,0,0,0,0,0,0
3_1CP2.A,0.0,0.02,0.19371,0,1CP2.A,0.07954410497697981,0.03691788893431029,0.0435832024904337,0,0,0,0,0,0
2_1CP2.A,0.0,0.01,0.13847,0,1CP2.A,0.044618361620009435,0.033299756379654905,0.03142327550099221,0,0,0,0,0,0
1_1CP2.A,0.032,0.03,0.19897,0,1CP2.A,0.07423070703177863,0.03974392716966618,0.053852709106184726,0,0,0,0,0,0
126_1COZ.A,0.028,0.94,0.78471,0,1COZ.A,0.37172937006563067,0.5528599856294423,0.43398242115234464,0,1,1,1,1,1
124_1COZ.A,0.072,0.75,0.16921,0,1COZ.A,0.20627922378619548,0.2415500818783576,0.2824949991756092,0,1,0,1,1,0
122_1COZ.A,0.171,0.99,0.63309,0,1COZ.A,0.5113913502795806,0.5794569222238188,0.4529252200137158,1,1,1,1,1,1
121_1COZ.A,0.103,0.54,0.33222,0,1COZ.A,0.19083221733345535,0.1877199334151486,0.24939178183661573,1,0,0,0,0,0
119_1COZ.A,0.0,0.93,0.02663,0,1COZ.A,0.23837460467724392,0.28260437578883424,0.3014928153699802,0,1,0,1,1,1
106_1COZ.A,0.0,0.0,0.01474,0,1COZ.A,0.0136725739971429,0.02731075198686183,0.008072646696928427,0,0,0,0,0,0
118_1COZ.A,0.0,0.96,0.07212,0,1COZ.A,0.25774783696048004,0.3138600285942029,0.3183280047311789,0,1,0,1,1,1
117_1COZ.A,0.0,0.0,0.45003,0,1COZ.A,0.0985219628862009,0.049604181521900374,0.07919544700189174,0,0,1,0,0,0
116_1COZ.A,0.0,0.88,0.3445,0,1COZ.A,0.34066636525365146,0.3497975829905615,0.33775932477979803,0,1,0,1,1,1
115_1COZ.A,0.0,0.65,0.2881,0,1COZ.A,0.22232352198930788,0.20598938370225975,0.2564582107268227,0,0,0,0,0,0
114_1COZ.A,0.0,0.74,0.19151,0,1COZ.A,0.2671114812180033,0.22567720979196007,0.26888369463877543,0,1,0,0,0,1
113_1COZ.A,0.0,0.81,0.12292,0,1COZ.A,0.1814524710881905,0.24359872154476825,0.2796158158448616,0,1,0,1,1,0
112_1COZ.A,0.0,0.49,0.05267,0,1COZ.A,0.05793257057111537,0.10563908940272718,0.16784423162782536,0,0,0,0,0,0
111_1COZ.A,0.0,0.0,0.028,0,1COZ.A,0.016580063070364665,0.02781696380226433,0.010239221467871509,0,0,0,0,0,0
110_1COZ.A,0.0,0.0,0.03596,0,1COZ.A,0.023853295957465194,0.028125209374374308,0.011539819897487414,0,0,0,0,0,0
109_1COZ.A,0.0,0.04,0.02761,0,1COZ.A,0.018468829886740624,0.03102090498164939,0.02271216279303937,0,0,0,0,0,0
108_1COZ.A,0.0,0.0,0.01621,0,1COZ.A,0.015004304067479702,0.027366426253256016,0.008312832587824833,0,0,0,0,0,0
107_1COZ.A,0.0,0.01,0.03636,0,1COZ.A,0.02364919588070754,0.02892287743122847,0.014739342630630375,0,0,0,0,0,0
75_1COZ.A,0.049,0.32,0.57728,0,1COZ.A,0.1742079431507706,0.14114384494452048,0.2098903334298385,0,0,1,0,0,0
73_1COZ.A,0.072,0.39,0.15722,0,1COZ.A,0.08232916421896679,0.10182368947600447,0.16770595493012277,0,0,0,0,0,0
6_1COZ.A,0.0,0.0,0.0001,0,1COZ.A,0.011911687957688459,0.026762256325905186,0.005680591293715253,0,0,0,0,0,0
72_1COZ.A,0.0,0.07,0.05856,0,1COZ.A,0.028885101450478446,0.035133117113173074,0.037171635927276445,0,0,0,0,0,0
34_1COZ.A,0.0,0.0,0.0002,0,1COZ.A,0.011911687957688459,0.026765966296543976,0.005696930469966709,0,0,0,0,0,0
33_1COZ.A,0.0,0.0,0.0,0,1COZ.A,0.011911687957688459,0.026758546855358632,0.005664252117463797,0,0,0,0,0,0
32_1COZ.A,0.0,0.0,0.00147,0,1COZ.A,0.011848029093358583,0.026813126456256112,0.005904438008360202,0,0,0,0,0,0
31_1COZ.A,0.0,0.0,0.0,0,1COZ.A,0.011911687957688459,0.026758546855358632,0.005664252117463797,0,0,0,0,0,0
30_1COZ.A,0.019,0.71,0.12744,0,1COZ.A,0.12529919181186983,0.20029465110624237,0.2527390019056485,0,1,0,0,0,0
29_1COZ.A,0.0,0.05,0.13137,0,1COZ.A,0.0440193255264673,0.036771093726009244,0.042799858099687366,0,0,0,0,0,0
28_1COZ.A,0.0,0.04,0.04628,0,1COZ.A,0.02768014335415618,0.031830255963929535,0.025762686999186227,0,0,0,0,0,0
27_1COZ.A,0.0,0.16,0.04225,0,1COZ.A,0.04000753674969412,0.04385106911248211,0.06271421053389817,0,0,0,0,0,0
26_1COZ.A,0.0,0.05,0.12135,0,1COZ.A,0.04202231997728325,0.036268942716445096,0.041162672639291464,0,0,0,0,0,0
25_1COZ.A,0.0,0.12,0.08195,0,1COZ.A,0.04817414948453611,0.04154912089587457,0.0566641993931777,0,0,0,0,0,0
24_1COZ.A,0.0,0.0,0.0001,0,1COZ.A,0.011911687957688459,0.026762256325905186,0.005680591293715253,0,0,0,0,0,0
23_1COZ.A,0.0,0.0,0.07684,0,1COZ.A,0.03489812877065496,0.029761233016226577,0.018219275149082673,0,0,0,0,0,0
22_1COZ.A,0.173,0.32,0.38273,0,1COZ.A,0.25135941357376623,0.1274069639009722,0.20242157821018142,1,0,0,0,0,1
21_1COZ.A,0.0,0.0,0.0111,0,1COZ.A,0.013279529798889356,0.02717336527582979,0.007477900681375426,0,0,0,0,0,0
20_1COZ.A,0.0,0.0,0.00088,0,1COZ.A,0.011848029093358583,0.026791207364273945,0.005808036868476611,0,0,0,0,0,0
19_1COZ.A,0.103,0.72,0.40395,0,1COZ.A,0.26023542556898904,0.29842560336100776,0.3175268614682536,1,1,0,1,1,1
18_1COZ.A,0.361,0.99,0.63054,0,1COZ.A,0.5252920253016276,0.6365194544527546,0.48977172677522823,1,1,1,1,1,1
17_1COZ.A,0.028,0.0,0.01857,0,1COZ.A,0.016373215357848143,0.02843014640276389,0.014189849574548082,0,0,0,0,0,0
16_1COZ.A,0.0,0.0,0.03292,0,1COZ.A,0.022123933731029295,0.02800709789875009,0.011043108939443148,0,0,0,0,0,0
14_1COZ.A,0.049,0.0,0.72015,0,1COZ.A,0.10703661985296865,0.07548693156116054,0.13294080163990554,0,0,1,0,0,0
13_1COZ.A,0.285,0.99,0.79277,0,1COZ.A,0.5973801201262584,0.6668565242483191,0.5013735101055956,1,1,1,1,1,1
12_1COZ.A,0.427,0.98,0.66346,0,1COZ.A,0.5146637923744423,0.6600462646907498,0.5049604611474443,1,1,1,1,1,1
11_1COZ.A,0.0,0.0,0.12175,0,1COZ.A,0.04101538166259146,0.03166486529683281,0.025557199203611613,0,0,0,0,0,0
10_1COZ.A,0.0,0.0,0.02909,0,1COZ.A,0.01706502352633818,0.027858978590940064,0.010417318489012381,0,0,0,0,0,0
9_1COZ.A,0.0,0.03,0.03862,0,1COZ.A,0.02553090440809723,0.030646283207888727,0.021376940070187554,0,0,0,0,0,0
8_1COZ.A,0.0,0.23,0.01975,0,1COZ.A,0.03540670854642171,0.0513373105934537,0.0809770580742805,0,0,0,0,0,0
7_1COZ.A,0.0,0.0,0.0167,0,1COZ.A,0.015197141762671972,0.027385008841910936,0.008392894551456968,0,0,0,0,0,0
35_1COZ.A,0.0,0.0,0.0,0,1COZ.A,0.011911687957688459,0.026758546855358632,0.005664252117463797,0,0,0,0,0,0
36_1COZ.A,0.0,0.0,0.01877,0,1COZ.A,0.015583791776891611,0.027463646211066093,0.00873111549986211,0,0,0,0,0,0
37_1COZ.A,0.019,0.0,0.0113,0,1COZ.A,0.014560539368743262,0.027831894756484392,0.011236894609470796,0,0,0,0,0,0
53_1COZ.A,0.106,0.28,0.08146,0,1COZ.A,0.061718547431206854,0.0723006915624773,0.12751971235409765,1,0,0,0,0,0
71_1COZ.A,0.0,0.0,0.04156,0,1COZ.A,0.025055633803996825,0.02834405051161086,0.012454813767568957,0,0,0,0,0,0
70_1COZ.A,0.019,0.06,0.01444,0,1COZ.A,0.016981571151439712,0.03294021495870061,0.030554940912589326,0,0,0,0,0,0
69_1COZ.A,0.0,0.0,0.01336,0,1COZ.A,0.0136725739971429,0.027258586538729368,0.007847166064658333,0,0,0,0,0,0
68_1COZ.A,0.0,0.0,0.01238,0,1COZ.A,0.0136725739971429,0.027221600331690243,0.007687042137394064,0,0,0,0,0,0
67_1COZ.A,0.049,0.11,0.07605,0,1COZ.A,0.0444974498483253,0.04260282931577775,0.06217599371378521,0,0,0,0,0,0
66_1COZ.A,0.031,0.13,0.10524,0,1COZ.A,0.049724853648805724,0.04576705286927757,0.06968353761466667,0,0,0,0,0,0
64_1COZ.A,0.496,0.59,0.47676,0,1COZ.A,0.3179569721568711,0.351026244713419,0.36575515318420004,1,0,1,1,1,1
59_1COZ.A,0.0,0.0,0.01366,0,1COZ.A,0.0136725739971429,0.02726991860880861,0.007896183593412702,0,0,0,0,0,0
58_1COZ.A,0.612,0.94,0.56736,0,1COZ.A,0.5225137742362,0.6571740589786518,0.513004395051173,1,1,1,1,1,1
57_1COZ.A,0.805,0.93,0.29213,0,1COZ.A,0.44903776451771166,0.617209177808466,0.5027514355992766,1,1,0,1,1,1
56_1COZ.A,0.067,0.27,0.02555,0,1COZ.A,0.039634483680611725,0.062404545310711095,0.1076015598601869,0,0,0,0,0,0
55_1COZ.A,0.0,0.0,0.03292,0,1COZ.A,0.022123933731029295,0.02800709789875009,0.011043108939443148,0,0,0,0,0,0
52_1COZ.A,0.042,0.0,0.01926,0,1COZ.A,0.017066892968570165,0.028957322605298493,0.017048296104277574,0,0,0,0,0,0
38_1COZ.A,0.072,0.44,0.0737,0,1COZ.A,0.07374383871295427,0.10386576894510488,0.1697303050655923,0,0,0,0,0,0
51_1COZ.A,0.12,0.57,0.19839,0,1COZ.A,0.17558716522247658,0.17521953273257626,0.24026163217449664,1,0,0,0,0,0
50_1COZ.A,0.667,0.74,0.76525,0,1COZ.A,0.4825534478076772,0.6079424502327603,0.4934413733544149,1,1,1,1,1,1
48_1COZ.A,0.0,0.0,0.06839,0,1COZ.A,0.02842479903690393,0.029415668112067226,0.016838614755834633,0,0,0,0,0,0
47_1COZ.A,0.375,0.22,0.28741,0,1COZ.A,0.23287070607866775,0.11073274856365357,0.19512203335064193,1,0,0,0,0,0
46_1COZ.A,0.227,0.16,0.28515,0,1COZ.A,0.21154672052759335,0.07977687474058927,0.14692173468339495,1,0,0,0,0,0
45_1COZ.A,0.227,0.22,0.49445,0,1COZ.A,0.2464246278240173,0.12153539176085151,0.1999246267465154,1,0,1,0,0,1
44_1COZ.A,0.103,0.19,0.54387,0,1COZ.A,0.16069763062865264,0.10423120922917808,0.17427783738802283,1,0,1,0,0,0
43_1COZ.A,0.103,0.19,0.4969,0,1COZ.A,0.15867312001130443,0.0981483607211786,0.1666033263027139,1,0,1,0,0,0
42_1COZ.A,0.049,0.51,0.19633,0,1COZ.A,0.151727363023324,0.14036455278400642,0.20719539603452203,0,0,0,0,0,0
41_1COZ.A,0.0,0.0,0.02614,0,1COZ.A,0.016500711000505038,0.027745410931091098,0.009935312789594425,0,0,0,0,0,0
40_1COZ.A,0.0,0.0,0.25715,0,1COZ.A,0.08248308769043243,0.03814308688361795,0.04768044384808318,0,0,0,0,0,0
39_1COZ.A,0.049,0.38,0.07812,0,1COZ.A,0.054609906341287845,0.08726751225344785,0.147136697421893,0,0,0,0,0,0
266_1CP2.A,0.314,0.93,0.5052,0,1CP2.A,0.4764621823670682,0.5379908336649092,0.4412694790900491,1,1,1,1,1,1
267_1CP2.A,0.123,0.7,0.42963,0,1CP2.A,0.2594939425931687,0.2996326569940472,0.3193768673213453,1,1,1,1,1,1
268_1CP2.A,1.0,0.61,0.49886,0,1CP2.A,0.35393484439737827,0.5297075598018463,0.47447986688144606,1,1,1,1,1,1
245_1DOR.A,0.0,0.0,0.00385,0,1DOR.A,0.012260284256119898,0.02690172303371547,0.006293310403144858,0,0,0,0,0,0
274_1DOR.A,0.0,0.0,0.00348,0,1DOR.A,0.012260284256119898,0.026887930953277368,0.0062328554510144695,0,0,0,0,0,0
273_1DOR.A,0.0,0.0,0.00037,0,1DOR.A,0.011848029093358583,0.026772274394521296,0.0057247070695941845,0,0,0,0,0,0
272_1DOR.A,0.0,0.0,0.00011,0,1DOR.A,0.011911687957688459,0.026762627300463873,0.005682225211340399,0,0,0,0,0,0
271_1DOR.A,0.0,0.53,5e-05,0,1DOR.A,0.04848155061703074,0.10927623202641294,0.17178322119685768,0,0,0,0,0,0
270_1DOR.A,0.0,0.0,0.0,0,1DOR.A,0.011911687957688459,0.026758546855358632,0.005664252117463797,0,0,0,0,0,0
269_1DOR.A,0.0,0.0,0.0,0,1DOR.A,0.011911687957688459,0.026758546855358632,0.005664252117463797,0,0,0,0,0,0
268_1DOR.A,0.0,0.0,0.0,0,1DOR.A,0.011911687957688459,0.026758546855358632,0.005664252117463797,0,0,0,0,0,0
267_1DOR.A,0.0,0.0,0.0,0,1DOR.A,0.011911687957688459,0.026758546855358632,0.005664252117463797,0,0,0,0,0,0
266_1DOR.A,0.0,0.0,0.00701,0,1DOR.A,0.012949580032353771,0.02701979543902339,0.006809628372690871,0,0,0,0,0,0
265_1DOR.A,0.0,0.0,0.00021,0,1DOR.A,0.011911687957688459,0.026766337321115368,0.005698564387591855,0,0,0,0,0,0
264_1DOR.A,0.0,0.0,0.00332,0,1DOR.A,0.012260284256119898,0.02688196894008194,0.00620671276901214,0,0,0,0,0,0
262_1DOR.A,0.0,0.41,0.02355,0,1DOR.A,0.04034148035083432,0.08292140086593935,0.13801293527830424,0,0,0,0,0,0
261_1DOR.A,0.0,0.0,0.00011,0,1DOR.A,0.011911687957688459,0.026762627300463873,0.005682225211340399,0,0,0,0,0,0
260_1DOR.A,0.0,0.0,5e-05,0,1DOR.A,0.011911687957688459,0.026760401528124356,0.005672421705589526,0,0,0,0,0,0
259_1DOR.A,0.0,0.54,0.0601,0,1DOR.A,0.059801416470667,0.12084965706732229,0.18472906256399424,0,0,0,0,0,0
258_1DOR.A,0.0,0.0,0.01975,0,1DOR.A,0.015768783768895903,0.02750095199046871,0.00889123942712638,0,0,0,0,0,0
257_1DOR.A,0.0,0.0,0.0,0,1DOR.A,0.011911687957688459,0.026758546855358632,0.005664252117463797,0,0,0,0,0,0
256_1DOR.A,0.0,0.0,0.02093,0,1DOR.A,0.015768783768895903,0.02754593653878795,0.009084041706893562,0,0,0,0,0,0
255_1DOR.A,0.0,0.22,0.04972,0,1DOR.A,0.04403573990302886,0.052046525549051585,0.08273974316870475,0,0,0,0,0,0
254_1DOR.A,0.0,0.0,0.00075,0,1DOR.A,0.011848029093358583,0.026786380077043728,0.005786795939349718,0,0,0,0,0,0
253_1DOR.A,0.0,0.04,0.01151,0,1DOR.A,0.015354839128556326,0.03033899054187045,0.020081555416554937,0,0,0,0,0,0
252_1DOR.A,0.0,0.04,0.01932,0,1DOR.A,0.017472558593267577,0.030667949706801843,0.02135764508179366,0,0,0,0,0,0
251_1DOR.A,0.0,0.0,0.00043,0,1DOR.A,0.011848029093358583,0.026774501127208576,0.005734510575345059,0,0,0,0,0,0
250_1DOR.A,0.0,0.0,0.00519,0,1DOR.A,0.01272638021532879,0.02695173032299237,0.006512255364914369,0,0,0,0,0,0
249_1DOR.A,0.0,0.0,0.00011,0,1DOR.A,0.011911687957688459,0.026762627300463873,0.005682225211340399,0,0,0,0,0,0
248_1DOR.A,0.0,0.0,0.0,0,1DOR.A,0.011911687957688459,0.026758546855358632,0.005664252117463797,0,0,0,0,0,0
247_1DOR.A,0.0,0.0,0.0,0,1DOR.A,0.011911687957688459,0.026758546855358632,0.005664252117463797,0,0,0,0,0,0
275_1DOR.A,0.0,0.22,0.02692,0,1DOR.A,0.036597664166605606,0.05046744805417412,0.07901441098337277,0,0,0,0,0,0
276_1DOR.A,0.0,0.09,0.01579,0,1DOR.A,0.017095165524456578,0.034981528362694435,0.036451702300802934,0,0,0,0,0,0
277_1DOR.A,0.0,0.07,0.00963,0,1DOR.A,0.015371891619036203,0.0328457180914153,0.029176876987438972,0,0,0,0,0,0
292_1DOR.A,0.114,0.16,0.00792,0,1DOR.A,0.04140070570453088,0.04810885005140918,0.07946286478032803,0,0,0,0,0,0
306_1DOR.A,0.0,0.0,0.016,0,1DOR.A,0.014668935995233117,0.02735846603866203,0.008278520317696774,0,0,0,0,0,0
305_1DOR.A,0.0,0.21,0.01852,0,1DOR.A,0.03546680266053038,0.04857632022936919,0.0745077541501133,0,0,0,0,0,0
304_1DOR.A,0.0,0.0,0.01006,0,1DOR.A,0.013279529798889356,0.027134235477989523,0.007307973248360282,0,0,0,0,0,0
303_1DOR.A,0.0,0.19,0.01857,0,1DOR.A,0.03278584797398843,0.046036625434411546,0.06824759168196476,0,0,0,0,0,0
302_1DOR.A,0.0,0.15,0.01317,0,1DOR.A,0.0286282080124587,0.04102233932098526,0.05482861205183759,0,0,0,0,0,0
301_1DOR.A,0.0,0.0,0.00161,0,1DOR.A,0.011848029093358583,0.026818330156158827,0.00592731285511224,0,0,0,0,0,0
300_1DOR.A,0.0,0.12,0.00739,0,1DOR.A,0.02586288963348879,0.03752006788246058,0.044481709580092024,0,0,0,0,0,0
299_1DOR.A,0.0,0.48,0.01424,0,1DOR.A,0.04179244141820784,0.09805416057402208,0.15843092016625362,0,0,0,0,0,0
297_1DOR.A,0.242,0.13,0.01846,0,1DOR.A,0.10676022417606193,0.05261684602082712,0.09688611553996929,1,0,0,0,0,0
295_1DOR.A,0.114,0.22,0.02044,0,1DOR.A,0.04926937841027275,0.05744075812076924,0.10031352581583315,0,0,0,0,0,0
294_1DOR.A,0.045,0.1,0.01086,0,1DOR.A,0.02361674933710186,0.03774272784376552,0.04760583119772543,0,0,0,0,0,0
293_1DOR.A,0.0,0.0,0.00107,0,1DOR.A,0.011848029093358583,0.02679826415205104,0.0058390813033543775,0,0,0,0,0,0
291_1DOR.A,0.114,0.08,0.00514,0,1DOR.A,0.03375784837475682,0.03861672396118164,0.05393530745544047,0,0,0,0,0,0
278_1DOR.A,0.0,0.03,0.0076,0,1DOR.A,0.01483834684872973,0.029360645972130704,0.016308527596985867,0,0,0,0,0,0
290_1DOR.A,0.0,0.16,0.00257,0,1DOR.A,0.02790495613532347,0.04154161066469554,0.05623082539732038,0,0,0,0,0,0
289_1DOR.A,0.0,0.0,0.0,0,1DOR.A,0.011911687957688459,0.026758546855358632,0.005664252117463797,0,0,0,0,0,0
288_1DOR.A,0.0,0.11,0.00278,0,1DOR.A,0.024213518217886986,0.03628394898668902,0.04059430752676277,0,0,0,0,0,0
287_1DOR.A,0.0,0.1,0.00203,0,1DOR.A,0.023918215572012205,0.035273679023291385,0.03733759767673971,0,0,0,0,0,0
286_1DOR.A,0.0,0.0,0.00102,0,1DOR.A,0.011848029093358583,0.026796406927405845,0.005830911715228649,0,0,0,0,0,0
285_1DOR.A,0.0,0.0,0.0,0,1DOR.A,0.011911687957688459,0.026758546855358632,0.005664252117463797,0,0,0,0,0,0
284_1DOR.A,0.0,0.11,0.00161,0,1DOR.A,0.02396165228758297,0.036225723455211425,0.04040313916462073,0,0,0,0,0,0
283_1DOR.A,0.0,0.1,0.00091,0,1DOR.A,0.02374818931881175,0.0352194351729926,0.03715459890272341,0,0,0,0,0,0
282_1DOR.A,0.0,0.0,0.0,0,1DOR.A,0.011911687957688459,0.026758546855358632,0.005664252117463797,0,0,0,0,0,0
281_1DOR.A,0.0,0.0,0.00054,0,1DOR.A,0.011848029093358583,0.026778583938260672,0.00575248366922166,0,0,0,0,0,0
280_1DOR.A,0.0,0.04,0.00214,0,1DOR.A,0.013988661840038554,0.02994883287432367,0.018550574601793497,0,0,0,0,0,0
279_1DOR.A,0.0,0.06,0.00316,0,1DOR.A,0.013988661840038554,0.03167715546714651,0.02498556625583262,0,0,0,0,0,0
246_1DOR.A,0.0,0.0,0.0,0,1DOR.A,0.011911687957688459,0.026758546855358632,0.005664252117463797,0,0,0,0,0,0
244_1DOR.A,0.0,0.02,0.01108,0,1DOR.A,0.014476005186460868,0.02870493639816159,0.013742964902399405,0,0,0,0,0,0
308_1DOR.A,0.0,0.92,0.06481,0,1DOR.A,0.2374829731075269,0.2879383836508612,0.304596946834649,0,1,0,0,0,0
243_1DOR.A,0.0,0.0,0.00985,0,1DOR.A,0.013279529798889356,0.027126340918311377,0.007273660978232224,0,0,0,0,0,0
200_1DOR.A,0.001,0.97,0.47145,0,1DOR.A,0.4634570510374772,0.4541609576420967,0.3869055251566553,0,1,1,1,1,1
196_1DOR.A,0.114,0.98,0.61739,0,1DOR.A,0.41038024285994223,0.5490794566474423,0.43604685658732273,0,1,1,1,1,1
195_1DOR.A,0.404,0.96,0.68215,0,1DOR.A,0.5212460360896422,0.646621897906787,0.4972351180673763,1,1,1,1,1,1
194_1DOR.A,0.0,0.16,0.03035,0,1DOR.A,0.03410826154322791,0.04314589371467876,0.060769848559974894,0,0,0,0,0,0
193_1DOR.A,0.0,0.0,0.00112,0,1DOR.A,0.011848029093358583,0.026800121501873345,0.005847250891480106,0,0,0,0,0,0
192_1DOR.A,0.0,0.0,0.00016,0,1DOR.A,0.011911687957688459,0.02676448224827334,0.005690394799466127,0,0,0,0,0,0
191_1DOR.A,0.0,0.0,0.0,0,1DOR.A,0.011911687957688459,0.026758546855358632,0.005664252117463797,0,0,0,0,0,0
190_1DOR.A,0.0,0.0,0.0,0,1DOR.A,0.011911687957688459,0.026758546855358632,0.005664252117463797,0,0,0,0,0,0
189_1DOR.A,0.0,0.0,0.0,0,1DOR.A,0.011911687957688459,0.026758546855358632,0.005664252117463797,0,0,0,0,0,0
188_1DOR.A,0.0,0.0,0.0,0,1DOR.A,0.011911687957688459,0.026758546855358632,0.005664252117463797,0,0,0,0,0,0
187_1DOR.A,0.0,0.07,0.01145,0,1DOR.A,0.01547682759371394,0.032928164440451255,0.029474249995215474,0,0,0,0,0,0
186_1DOR.A,0.0,0.0,0.00835,0,1DOR.A,0.012949580032353771,0.02707001610600237,0.007028573334460383,0,0,0,0,0,0
185_1DOR.A,0.0,0.03,0.03698,0,1DOR.A,0.02553090440809723,0.030576968180391104,0.021108977579663672,0,0,0,0,0,0
184_1DOR.A,0.0,0.0,0.02933,0,1DOR.A,0.01706502352633818,0.027868237830579727,0.010456532512015875,0,0,0,0,0,0
183_1DOR.A,0.0,0.02,0.02901,0,1DOR.A,0.018261498913909692,0.029425583203748336,0.016672579204285484,0,0,0,0,0,0
182_1DOR.A,0.0,0.02,0.01499,0,1DOR.A,0.01504935961974554,0.028860613341768003,0.014381826693831338,0,0,0,0,0,0
181_1DOR.A,0.0,0.0,0.0,0,1DOR.A,0.011911687957688459,0.026758546855358632,0.005664252117463797,0,0,0,0,0,0
180_1DOR.A,0.0,0.0,0.00508,0,1DOR.A,0.01272638021532879,0.026947621844045037,0.006494282271037767,0,0,0,0,0,0
179_1DOR.A,0.0,0.14,0.01969,0,1DOR.A,0.02915619655867988,0.040284018499739775,0.052759760315295404,0,0,0,0,0,0
178_1DOR.A,0.0,0.0,0.00161,0,1DOR.A,0.011848029093358583,0.026818330156158827,0.00592731285511224,0,0,0,0,0,0
177_1DOR.A,0.0,0.0,0.00027,0,1DOR.A,0.011848029093358583,0.026768563573580005,0.0057083678933427286,0,0,0,0,0,0
176_1DOR.A,0.188,0.73,0.07889,0,1DOR.A,0.21640731506008823,0.23492813007543242,0.28421926032737377,1,0,0,0,0,0
175_1DOR.A,0.188,0.71,0.03174,0,1DOR.A,0.18062917705378598,0.21344533042952568,0.2702470066685379,1,0,0,0,0,0
174_1DOR.A,0.0,0.0,0.08509,0,1DOR.A,0.03578106259522849,0.03010241363144734,0.019567257189827804,0,0,0,0,0,0
173_1DOR.A,0.527,0.49,0.53299,0,1DOR.A,0.31967007697842603,0.31498537753003103,0.34968078975341016,1,0,1,1,1,1
171_1DOR.A,0.188,0.94,0.22901,0,1DOR.A,0.4114106248793375,0.40750285314259665,0.3745651183069395,1,1,1,1,1,1
168_1DOR.A,0.0,0.0,0.28295,0,1DOR.A,0.08248308769043243,0.039514378550640716,0.05189595132095886,0,0,1,0,0,0
202_1DOR.A,0.248,0.99,0.06123,0,1DOR.A,0.38719710559809534,0.4024371534618201,0.37458939087690835,1,1,0,1,1,1
209_1DOR.A,0.242,0.94,0.01268,0,1DOR.A,0.3644984226812282,0.3513192503982409,0.34980915943174307,1,1,0,1,1,1
210_1DOR.A,0.0,0.0,0.00391,0,1DOR.A,0.012260284256119898,0.02690396023541192,0.006303113908895731,0,0,0,0,0,0
229_1DOR.A,0.0,0.27,0.06401,0,1DOR.A,0.04680198756055955,0.06061264082240005,0.10074544159572352,0,0,0,0,0,0
242_1DOR.A,0.0,0.01,0.02874,0,1DOR.A,0.016360771234268573,0.028619606531875716,0.013494297400269419,0,0,0,0,0,0
241_1DOR.A,0.0,0.02,0.02794,0,1DOR.A,0.01777653845793618,0.029382089559385597,0.016497750018394906,0,0,0,0,0,0
240_1DOR.A,0.0,0.03,0.03158,0,1DOR.A,0.02147774323044678,0.030349807191634656,0.02022666206208504,0,0,0,0,0,0
239_1DOR.A,0.0,0.0,0.01857,0,1DOR.A,0.015197141762671972,0.02745603883109893,0.008698437147359198,0,0,0,0,0,0
238_1DOR.A,0.0,0.16,0.0426,0,1DOR.A,0.04000753674969412,0.04387197516618962,0.06277139765077827,0,0,0,0,0,0
237_1DOR.A,0.0,0.43,0.03645,0,1DOR.A,0.0517340854239286,0.08879070010030808,0.14638902107101637,0,0,0,0,0,0
236_1DOR.A,0.0,0.43,0.02676,0,1DOR.A,0.043923444156288,0.0876803899565838,0.14480575489225025,0,0,0,0,0,0
235_1DOR.A,0.0,0.0,0.00177,0,1DOR.A,0.011878216457422697,0.02682427844429642,0.0059534555371145706,0,0,0,0,0,0
234_1DOR.A,0.0,0.0,0.02655,0,1DOR.A,0.016500711000505038,0.027761167959690046,0.010002303412225395,0,0,0,0,0,0
233_1DOR.A,0.0,0.94,0.05464,0,1DOR.A,0.24314859766454355,0.2966154801410138,0.30920358466615017,0,1,0,0,0,0
232_1DOR.A,0.0,0.0,5e-05,0,1DOR.A,0.011911687957688459,0.026760401528124356,0.005672421705589526,0,0,0,0,0,0
231_1DOR.A,0.0,0.0,0.04239,0,1DOR.A,0.025684086161195815,0.028376626246259896,0.012590428930456043,0,0,0,0,0,0
228_1DOR.A,0.0,0.0,0.00064,0,1DOR.A,0.011848029093358583,0.026782296110059705,0.005768822845473117,0,0,0,0,0,0
211_1DOR.A,0.0,0.9,0.02189,0,1DOR.A,0.19314229703967048,0.2644464584079603,0.2913158403312497,0,1,0,0,0,0
227_1DOR.A,0.0,0.75,0.48574,0,1DOR.A,0.3035026104261368,0.3131152347846553,0.3200926189515719,0,0,1,0,0,1
225_1DOR.A,0.0,0.88,0.09007,0,1DOR.A,0.1989954246176627,0.27243325360027226,0.2961875586432182,0,0,0,0,0,0
224_1DOR.A,0.0,0.0,0.165,0,1DOR.A,0.046034015375852146,0.033609155911625284,0.03262389293236638,0,0,0,0,0,0
222_1DOR.A,0.242,0.83,0.18726,0,1DOR.A,0.3137689254219097,0.33738047572469476,0.34385826702202665,1,0,1,1,1,1
221_1DOR.A,0.0,0.0,0.00332,0,1DOR.A,0.012260284256119898,0.02688196894008194,0.00620671276901214,0,0,0,0,0,0
220_1DOR.A,0.0,0.0,0.00428,0,1DOR.A,0.012260284256119898,0.026917760310582625,0.0063635688610261185,0,0,0,0,0,0
219_1DOR.A,0.357,0.0,0.36195,0,1DOR.A,0.2177257032586122,0.06780139655926147,0.1348194090062675,1,0,1,0,0,0
218_1DOR.A,0.0,0.0,0.0053,0,1DOR.A,0.01272638021532879,0.026955839410972827,0.006530228458790971,0,0,0,0,0,0
217_1DOR.A,0.0,0.0,0.02216,0,1DOR.A,0.015768783768895903,0.027592903317645846,0.009285013574786472,0,0,0,0,0,0
215_1DOR.A,0.0,0.0,0.00824,0,1DOR.A,0.012949580032353771,0.027065890097308996,0.007010600240583781,0,0,0,0,0,0
213_1DOR.A,0.0,0.41,0.20289,0,1DOR.A,0.14058097396818434,0.1045306951871662,0.16731561396766562,0,0,1,0,0,0
212_1DOR.A,0.0,0.0,0.00824,0,1DOR.A,0.012949580032353771,0.027065890097308996,0.007010600240583781,0,0,0,0,0,0
307_1DOR.A,0.0,0.22,0.03356,0,1DOR.A,0.041313947985831045,0.050922578452644696,0.08009933228646944,0,0,0,0,0,0
311_1DOR.A,0.0,0.8,0.14027,0,1DOR.A,0.20434373689873334,0.24295320777936963,0.27931649689635213,0,0,0,0,0,0
269_1CP2.A,0.725,0.92,0.44458,0,1CP2.A,0.4973522755657184,0.6374146506576047,0.5088365939745161,1,1,1,1,1,1
127_1DOW.A,0.0,0.79,0.02779,0,1DOW.A,0.1466620152039117,0.20999115977726943,0.2578040254205772,0,0,0,0,0,0
160_1DOW.A,0.0,0.86,0.00923,0,1DOW.A,0.16563165220795842,0.23977965779739877,0.2767106365052668,0,0,0,0,0,0
159_1DOW.A,0.0,0.88,0.19983,0,1DOW.A,0.33844861893853645,0.3044954029566668,0.31412143849681645,0,0,0,0,0,0
158_1DOW.A,0.075,0.77,0.19992,0,1DOW.A,0.22996353450358106,0.26111503644512485,0.2943694578759045,0,0,0,0,0,0
157_1DOW.A,0.0,0.0,0.00038,0,1DOW.A,0.011848029093358583,0.026772645504128886,0.0057263409872193305,0,0,0,0,0,0
156_1DOW.A,0.075,0.81,0.1384,0,1DOW.A,0.16978602007912402,0.26601577903023316,0.29685426075855725,0,0,0,0,0,0
155_1DOW.A,0.075,0.88,0.49802,0,1DOW.A,0.3092346680355306,0.42428636836637934,0.37755236859100366,0,0,1,1,1,0
154_1DOW.A,0.0,0.0,0.05747,0,1DOW.A,0.02745692332455934,0.028974851058093037,0.015054376709175624,0,0,0,0,0,0
153_1DOW.A,0.191,0.69,0.0554,0,1DOW.A,0.19418208848673824,0.21029040405447819,0.268432889330557,1,0,0,0,0,0
152_1DOW.A,0.405,0.88,0.57415,0,1DOW.A,0.4852622048941996,0.5562451180476272,0.4547116013631062,1,0,1,1,1,1
151_1DOW.A,0.598,0.6,0.62446,0,1DOW.A,0.37995087386835097,0.43898306034905277,0.41302671352049736,1,0,1,1,1,1
150_1DOW.A,0.191,0.0,0.00349,0,1DOW.A,0.08344382932103567,0.034087259420283275,0.0436937669969638,0,0,0,0,0,0
149_1DOW.A,0.191,0.48,0.07914,0,1DOW.A,0.1394885828394515,0.13216618257126142,0.20649432318177283,1,0,0,0,0,0
148_1DOW.A,0.884,0.96,1.0,0,1DOW.A,0.6512565412725918,0.8418131822912054,0.643307688534439,1,0,1,1,1,1
147_1DOW.A,0.191,0.0,0.30469,0,1DOW.A,0.17523507289134732,0.05140958042122194,0.09290736586634961,1,0,1,0,0,0
141_1DOW.A,0.191,0.98,0.40494,0,1DOW.A,0.47108604152102657,0.4982481234718416,0.41643566081587363,1,1,1,1,1,1
140_1DOW.A,0.191,0.98,0.4104,0,1DOW.A,0.4733278607836367,0.5001922770913151,0.4173277798392031,1,1,1,1,1,1
139_1DOW.A,0.191,0.98,0.19041,0,1DOW.A,0.4120730784926797,0.4224896911715493,0.38138322600362484,1,1,0,1,1,1
138_1DOW.A,0.0,0.0,0.01347,0,1DOW.A,0.0136725739971429,0.027262741099540782,0.007865139158534935,0,0,0,0,0,0
137_1DOW.A,0.0,0.96,0.27266,0,1DOW.A,0.4103466649000493,0.3783619611475416,0.351094588785849,0,0,1,1,1,1
136_1DOW.A,0.0,0.95,0.21236,0,1DOW.A,0.4025818594419843,0.3519201647113058,0.33810789947808384,0,0,0,0,0,1
135_1DOW.A,0.0,0.98,0.15225,0,1DOW.A,0.33094927884775066,0.3517011495862218,0.337688918717745,0,1,0,0,0,0
134_1DOW.A,0.0,0.0,0.00801,0,1DOW.A,0.012949580032353771,0.027057264963782576,0.006973020135205432,0,0,0,0,0,0
133_1DOW.A,0.0,0.97,0.12747,0,1DOW.A,0.2873198118724757,0.33735984908809924,0.33050590481449704,0,0,0,0,0,0
132_1DOW.A,0.0,0.98,0.30978,0,1DOW.A,0.4186635739952627,0.40439128510469724,0.36342802306666383,0,1,1,1,1,1
131_1DOW.A,0.0,0.0,0.08856,0,1DOW.A,0.03578106259522849,0.030247045861984848,0.020134226605753328,0,0,0,0,0,0
130_1DOW.A,0.0,0.75,0.02384,0,1DOW.A,0.1386027828042884,0.19100757259995016,0.24462196384609608,0,0,0,0,0,0
129_1DOW.A,0.0,0.98,0.23667,0,1DOW.A,0.4178254818605376,0.37958004397440065,0.35148245130922423,0,1,0,1,1,1
161_1DOW.A,0.0,0.0,9e-05,0,1DOW.A,0.011911687957688459,0.026761885356347437,0.005678957376090108,0,0,0,0,0,0
162_1DOW.A,0.0,0.98,0.08225,0,1DOW.A,0.2835492608898726,0.3293181615136338,0.3262514953417257,0,1,0,0,0,0
163_1DOW.A,0.0,0.92,0.09996,0,1DOW.A,0.25531220708243807,0.2983109381388932,0.3103401672870358,0,0,0,0,0,0
178_1DOW.A,0.191,0.48,0.21575,0,1DOW.A,0.24157433862128116,0.15612236645184993,0.22881527185888703,1,0,0,0,0,0
191_1DOW.A,0.0,0.0,0.00028,0,1DOW.A,0.011848029093358583,0.026768934633164074,0.005710001810967875,0,0,0,0,0,0
189_1DOW.A,0.0,0.88,0.03985,0,1DOW.A,0.17817933208467046,0.25848837347920683,0.28798202432973696,0,0,0,0,0,0
188_1DOW.A,0.0,0.72,0.03128,0,1DOW.A,0.12200468952227085,0.17982499608959604,0.23643510047479302,0,0,0,0,0,0
187_1DOW.A,0.0,0.0,0.00104,0,1DOW.A,0.011848029093358583,0.026797149802243177,0.00583417955047894,0,0,0,0,0,0
186_1DOW.A,0.0,0.59,0.05257,0,1DOW.A,0.06495619726510231,0.13539880639184157,0.19916955273294526,0,0,0,0,0,0
185_1DOW.A,0.0,0.27,0.07735,0,1DOW.A,0.052943103948651024,0.06170355599829449,0.10292508770766776,0,0,0,0,0,0
184_1DOW.A,0.0,0.0,0.00697,0,1DOW.A,0.012949580032353771,0.027018297707811518,0.006803092702190288,0,0,0,0,0,0
183_1DOW.A,0.0,0.41,0.06802,0,1DOW.A,0.054162849435835575,0.08786698736706051,0.14527896695732678,0,0,0,0,0,0
182_1DOW.A,0.0,0.56,0.05003,0,1DOW.A,0.060478692741141045,0.1253937083049356,0.1893520395717469,0,0,0,0,0,0
181_1DOW.A,0.075,0.11,0.171,0,1DOW.A,0.07158555464244172,0.05003241401387038,0.08278921024693246,0,0,0,0,0,0
180_1DOW.A,0.0,0.0,0.00104,0,1DOW.A,0.011848029093358583,0.026797149802243177,0.00583417955047894,0,0,0,0,0,0
179_1DOW.A,0.075,0.21,0.03345,0,1DOW.A,0.04903012669803827,0.054295498781055336,0.09165633359442593,0,0,0,0,0,0
177_1DOW.A,0.11,0.32,0.29659,0,1DOW.A,0.14806010469642372,0.10645539955463637,0.17599133382600213,0,0,1,0,0,0
164_1DOW.A,0.0,0.0,0.00019,0,1DOW.A,0.011911687957688459,0.026765595276974134,0.005695296552341564,0,0,0,0,0,0
176_1DOW.A,0.075,0.55,0.03213,0,1DOW.A,0.06133620955901124,0.13011318045208764,0.19800230142456932,0,0,0,0,0,0
175_1DOW.A,0.075,0.94,0.05983,0,1DOW.A,0.2080380256551988,0.31864512891050123,0.32476072834357095,0,0,0,0,0,0
174_1DOW.A,0.11,0.96,0.13388,0,1DOW.A,0.27022555284713123,0.36510658121255823,0.34999248594803456,0,0,0,0,0,0
173_1DOW.A,0.0,0.0,0.02016,0,1DOW.A,0.015768783768895903,0.027516574116419,0.008958230049757349,0,0,0,0,0,0
172_1DOW.A,0.075,0.93,0.03769,0,1DOW.A,0.1793347532509495,0.3058152329572706,0.3180090686933615,0,0,0,0,0,0
171_1DOW.A,0.075,0.82,0.10175,0,1DOW.A,0.14428798078783744,0.2613595327258464,0.29400011869053566,0,0,0,0,0,0
170_1DOW.A,0.075,0.94,0.18711,0,1DOW.A,0.3320462826353871,0.35922691106020854,0.3455572318764243,0,0,0,0,0,0
169_1DOW.A,0.0,0.68,0.03618,0,1DOW.A,0.10504263151540975,0.164732871806532,0.22469905599856582,0,0,0,0,0,0
168_1DOW.A,0.0,0.83,0.03533,0,1DOW.A,0.15872772443884908,0.23123199826062144,0.2715726634224854,0,0,0,0,0,0
167_1DOW.A,0.0,0.0,0.01922,0,1DOW.A,0.015583791776891611,0.027480770305788486,0.008804641792993662,0,0,0,0,0,0
166_1DOW.A,0.0,0.75,0.05097,0,1DOW.A,0.14344533713361224,0.1970499281229825,0.24905478236311612,0,0,0,0,0,0
165_1DOW.A,0.0,0.77,0.04174,0,1DOW.A,0.1478299719803345,0.20398919775839788,0.253815008451381,0,0,0,0,0,0
128_1DOW.A,0.0,0.87,0.19955,0,1DOW.A,0.33928275084376625,0.2984691311622741,0.3109415227751752,0,0,0,0,0,0
126_1DOW.A,0.0,0.99,0.101,0,1DOW.A,0.3141224775472897,0.341560669702142,0.3324492569170108,0,1,0,0,0,0
57_1DOW.A,0.0,0.96,0.14726,0,1DOW.A,0.3051844754299335,0.3373528779404818,0.33060526176652305,0,0,0,0,0,0
125_1DOW.A,0.0,0.99,0.26069,0,1DOW.A,0.428168845288766,0.39438864622881636,0.3585412874729611,0,1,0,1,1,1
89_1DOW.A,0.598,0.98,0.72338,0,1DOW.A,0.602107756781235,0.7246973623963163,0.5482877357376489,1,1,1,1,1,1
88_1DOW.A,0.281,0.98,0.46458,0,1DOW.A,0.4947858422578142,0.5481555368593105,0.4438313140482063,1,1,1,1,1,1
87_1DOW.A,0.11,0.59,0.23054,0,1DOW.A,0.19148024343035833,0.18851934162283926,0.24982179067161803,0,0,0,0,0,0
86_1DOW.A,0.281,0.98,0.7654,0,1DOW.A,0.5862887487875224,0.6505998755237247,0.49298282404783655,1,1,1,1,1,1
85_1DOW.A,0.281,0.98,0.65988,0,1DOW.A,0.4970067687622041,0.6157116581465762,0.47574172526730013,1,1,1,1,1,1
84_1DOW.A,1.0,0.86,0.41323,0,1DOW.A,0.49063586834326783,0.6687322909763299,0.5388427809607526,1,0,1,1,1,1
83_1DOW.A,0.405,0.23,0.07669,0,1DOW.A,0.1514140611025916,0.08974442749893803,0.16970994335369885,1,0,0,0,0,0
81_1DOW.A,0.0,0.77,0.03128,0,1DOW.A,0.14647091809866036,0.2015807439573706,0.2521059306154787,0,0,0,0,0,0
80_1DOW.A,0.0,0.0,0.00217,0,1DOW.A,0.012099895023662594,0.026839154778130366,0.006018812242120395,0,0,0,0,0,0
78_1DOW.A,0.0,0.79,0.0293,0,1DOW.A,0.14714697565988522,0.21034816965708306,0.25805074698197417,0,0,0,0,0,0
77_1DOW.A,0.0,0.79,0.00575,0,1DOW.A,0.14462765351104712,0.20483088407671074,0.25420287097475625,0,0,0,0,0,0
76_1DOW.A,0.0,0.0,0.01771,0,1DOW.A,0.015197141762671972,0.027423350424934084,0.008557920231596674,0,0,0,0,0,0
75_1DOW.A,0.0,0.97,0.10816,0,1DOW.A,0.2797250221855874,0.331239342391875,0.3273508098803409,0,1,0,0,0,0
74_1DOW.A,0.0,0.94,0.04899,0,1DOW.A,0.23947856715746188,0.29493929481729075,0.30828042120794286,0,0,0,0,0,0
73_1DOW.A,0.0,0.0,0.00292,0,1DOW.A,0.012099895023662594,0.026867069530494826,0.006141356064006316,0,0,0,0,0,0
72_1DOW.A,0.0,0.98,0.18344,0,1DOW.A,0.40664273261945033,0.3618955725706246,0.34278510779057414,0,1,0,0,0,1
71_1DOW.A,0.0,0.96,0.17025,0,1DOW.A,0.37159360961210247,0.3447113115259851,0.33436163838673283,0,0,0,0,0,0
70_1DOW.A,0.0,0.84,0.08112,0,1DOW.A,0.1820153593957041,0.24825675043261544,0.28218853825616436,0,0,0,0,0,0
67_1DOW.A,0.0,0.98,0.16563,0,1DOW.A,0.3619805180973205,0.3560584812349406,0.3398751005001898,0,1,0,0,0,0
66_1DOW.A,0.0,0.41,0.05888,0,1DOW.A,0.0514656541272764,0.08682922073428417,0.14378556624794367,0,0,0,0,0,0
64_1DOW.A,0.0,0.97,0.25005,0,1DOW.A,0.40966241389210195,0.37742505173125473,0.3505344670635319,0,1,0,1,0,1
63_1DOW.A,0.0,0.78,0.05361,0,1DOW.A,0.1499363025154296,0.21141429612167253,0.25888863470056594,0,0,0,0,0,0
62_1DOW.A,0.0,0.9,0.08234,0,1DOW.A,0.21022699133823303,0.28152978930057754,0.30119287237525494,0,0,0,0,0,0
61_1DOW.A,0.0,0.98,0.32664,0,1DOW.A,0.41973352894074467,0.41018820450125,0.3661828081826593,0,1,1,1,1,1
60_1DOW.A,0.0,0.98,0.17967,0,1DOW.A,0.40610694866695984,0.3606565108843644,0.3421691208458943,0,1,0,0,0,1
59_1DOW.A,0.0,0.87,0.07,0,1DOW.A,0.18832892923756464,0.2613206702431319,0.28977411994141383,0,0,0,0,0,0
58_1DOW.A,0.0,0.95,0.14292,0,1DOW.A,0.2904337981728944,0.32970656979002894,0.3267619754890727,0,0,0,0,0,0
90_1DOW.A,0.0,0.0,0.00207,0,1DOW.A,0.012099895023662594,0.026835434942718853,0.006002473065868938,0,0,0,0,0,0
91_1DOW.A,0.191,0.91,0.00886,0,1DOW.A,0.2640886513228421,0.3167674363699639,0.3297802893221463,1,0,0,0,0,0
92_1DOW.A,0.405,0.98,0.09704,0,1DOW.A,0.37412499616012673,0.45724753208021623,0.40809741783115533,1,1,0,1,1,0
108_1DOW.A,0.0,0.31,0.08055,0,1DOW.A,0.052943103948651024,0.06886252434358464,0.11598460546026289,0,0,0,0,0,0
123_1DOW.A,0.0,0.12,0.04758,0,1DOW.A,0.038353691334788075,0.03964283936017586,0.051048424515552235,0,0,0,0,0,0
122_1DOW.A,0.0,0.19,0.08376,0,1DOW.A,0.05221658890181696,0.050290579417691814,0.078899100680289,0,0,0,0,0,0
120_1DOW.A,0.0,0.26,0.03901,0,1DOW.A,0.04254884609524168,0.057078810742496065,0.09352648150472234,0,0,0,0,0,0
119_1DOW.A,0.0,0.94,0.05983,0,1DOW.A,0.24314859766454355,0.29816004073849756,0.3100515879136007,0,0,0,0,0,0
118_1DOW.A,0.0,0.95,0.1222,0,1DOW.A,0.2686403459566004,0.32321763568024514,0.323376498169771,0,0,0,0,0,0
117_1DOW.A,0.0,0.11,0.05464,0,1DOW.A,0.038771115079304655,0.03895712411645216,0.049067804330767906,0,0,0,0,0,0
114_1DOW.A,0.0,0.09,0.04569,0,1DOW.A,0.02825078727752868,0.036447970737564984,0.041337115999988315,0,0,0,0,0,0
113_1DOW.A,0.0,0.26,0.08432,0,1DOW.A,0.052943103948651024,0.060653048522624015,0.10092976226425711,0,0,0,0,0,0
112_1DOW.A,0.0,0.0,0.06736,0,1DOW.A,0.02750022883741817,0.02937381295700387,0.016670321240444635,0,0,0,0,0,0
111_1DOW.A,0.0,0.93,0.25787,0,1DOW.A,0.39886175277781954,0.3538346188054052,0.3392755265338473,0,0,0,0,0,1
110_1DOW.A,0.0,0.13,0.04796,0,1DOW.A,0.03886067681841486,0.04075235145331128,0.05424467941344491,0,0,0,0,0,0
109_1DOW.A,0.0,0.25,0.02346,0,1DOW.A,0.03540670854642171,0.05442778589925442,0.08785157356948378,0,0,0,0,0,0
107_1DOW.A,0.0,0.25,0.03109,0,1DOW.A,0.038475646513549976,0.05498979479387238,0.08909825271746988,0,0,0,0,0,0
93_1DOW.A,0.0,0.0,0.03024,0,1DOW.A,0.02116127338421385,0.02790337294268892,0.010605219015904124,0,0,0,0,0,0
106_1DOW.A,0.0,0.83,0.02902,0,1DOW.A,0.15762408237978642,0.2296382437303229,0.27054166140101854,0,0,0,0,0,0
105_1DOW.A,0.0,0.97,0.03957,0,1DOW.A,0.2540620958443738,0.3099661980911015,0.3161437688894671,0,1,0,0,0,0
103_1DOW.A,0.0,0.96,0.02167,0,1DOW.A,0.2554869692432497,0.29859650450818903,0.3100848903123193,0,0,0,0,0,0
102_1DOW.A,0.0,0.34,0.01724,0,1DOW.A,0.035428793769671556,0.06850953770908985,0.11504277105987744,0,0,0,0,0,0
101_1DOW.A,0.0,0.0,0.0033,0,1DOW.A,0.012260284256119898,0.02688122377882313,0.006203444933761849,0,0,0,0,0,0
100_1DOW.A,0.0,0.61,0.01894,0,1DOW.A,0.05240271423251099,0.13640130294284394,0.19994301981585483,0,0,0,0,0,0
99_1DOW.A,0.0,0.94,0.02685,0,1DOW.A,0.24167151297716052,0.28842449194830966,0.3046629275858705,0,0,0,0,0,0
98_1DOW.A,0.0,0.96,0.00961,0,1DOW.A,0.2523525182252085,0.2950115058979542,0.3081143856563937,0,0,0,0,0,0
97_1DOW.A,0.0,0.0,0.00867,0,1DOW.A,0.012949580032353771,0.02708202251752967,0.007080858698465042,0,0,0,0,0,0
96_1DOW.A,0.0,0.89,0.03853,0,1DOW.A,0.18545590123831843,0.26356863397700536,0.2909005132313549,0,0,0,0,0,0
95_1DOW.A,0.0,0.71,0.02431,0,1DOW.A,0.10203178791231692,0.17426757362450476,0.23216209386192938,0,0,0,0,0,0
94_1DOW.A,0.0,0.0,0.00075,0,1DOW.A,0.011848029093358583,0.026786380077043728,0.005786795939349718,0,0,0,0,0,0
167_1DOR.A,0.0,0.0,0.17822,0,1DOR.A,0.06331486706641944,0.034226118972992665,0.03478393203280888,0,0,1,0,0,0
166_1DOR.A,0.0,0.0,0.01177,0,1DOR.A,0.0136725739971429,0.027198602941365623,0.0075873731622601815,0,0,0,0,0,0
165_1DOR.A,0.0,0.0,0.0,0,1DOR.A,0.011911687957688459,0.026758546855358632,0.005664252117463797,0,0,0,0,0,0
79_1DE4.E,0.0,0.0,0.00015,0,1DE4.E,0.011911687957688459,0.026764111248709085,0.0056887608818409815,0,0,0,0,0,0
10_1DOR.A,0.0,0.02,0.00706,0,1DOR.A,0.014146055419925281,0.028545729523834464,0.013086130017090868,0,0,0,0,0,0
9_1DOR.A,0.0,0.01,0.00268,0,1DOR.A,0.011880603187566502,0.027605589826970478,0.009236308069139956,0,0,0,0,0,0
8_1DOR.A,0.0,0.05,0.01771,0,1DOR.A,0.01708590857904793,0.031448076949664276,0.024228750372282355,0,0,0,0,0,0
7_1DOR.A,0.0,0.02,0.00733,0,1DOR.A,0.014146055419925281,0.02855639562118061,0.0131302457929698,0,0,0,0,0,0
6_1DOR.A,0.0,0.0,0.00225,0,1DOR.A,0.012099895023662594,0.026842131007470318,0.00603188358312156,0,0,0,0,0,0
5_1DOR.A,0.0,0.02,0.00904,0,1DOR.A,0.014243516845387242,0.028624037453224248,0.0134096457068697,0,0,0,0,0,0
4_1DOR.A,0.0,0.0,0.00262,0,1DOR.A,0.012099895023662594,0.026855900243325882,0.006092338535251947,0,0,0,0,0,0
3_1DOR.A,0.0,0.04,0.00492,0,1DOR.A,0.014149051072495858,0.0300640792716682,0.01900480370158398,0,0,0,0,0,0
2_1DOR.A,0.0,0.0,0.00107,0,1DOR.A,0.011848029093358583,0.02679826415205104,0.0058390813033543775,0,0,0,0,0,0
1_1DOR.A,0.0,0.37,0.0053,0,1DOR.A,0.03625361670323118,0.07295460205402969,0.12249437149986499,0,0,0,0,0,0
97_1DE4.E,0.075,0.03,0.01483,0,1DE4.E,0.027607964914169756,0.03254855181173902,0.03219899046993637,0,0,0,0,0,0
96_1DE4.E,0.285,0.03,0.03489,0,1DE4.E,0.11884365395469314,0.04334026435839635,0.0766622224298951,1,0,0,0,0,0
95_1DE4.E,0.108,0.0,0.01208,0,1DE4.E,0.028922971556715252,0.0311217406170705,0.028819186827796824,0,0,0,0,0,0
94_1DE4.E,0.013,0.07,0.00904,0,1DE4.E,0.016559633615883432,0.0333517355010366,0.03163006018875022,0,0,0,0,0,0
93_1DE4.E,0.0,0.11,0.01063,0,1DE4.E,0.025295691567651796,0.036676942888493276,0.04187693286250207,0,0,0,0,0,0
92_1DE4.E,0.0,0.1,0.00449,0,1DE4.E,0.024160444481573066,0.035393104453052576,0.037739541412525536,0,0,0,0,0,0
91_1DE4.E,0.0,0.12,0.01158,0,1DE4.E,0.026400622231671767,0.037736174398593836,0.045166321065028034,0,0,0,0,0,0
90_1DE4.E,0.0,0.58,0.0027,0,1DE4.E,0.048413918242622034,0.12419492021386609,0.18788703950820693,0,1,0,1,1,0
89_1DE4.E,0.0,0.41,0.00614,0,1DE4.E,0.03756959828563191,0.08105510308664507,0.13516828469292572,0,1,0,1,1,0
88_1DE4.E,0.0,0.43,0.00874,0,1DE4.E,0.040727626361331995,0.08564892920427562,0.14186143533173787,0,1,0,1,1,0
87_1DE4.E,0.0,0.06,0.00774,0,1DE4.E,0.01483834684872973,0.03187786066281347,0.02573390052814931,0,0,0,0,0,0
86_1DE4.E,0.0,0.06,0.00953,0,1DE4.E,0.015083856942724839,0.031956636000388935,0.026026371783050374,0,0,0,0,0,0
85_1DE4.E,0.0,0.09,0.03709,0,1DE4.E,0.026101548331469732,0.03602022848651333,0.039931946842363085,0,0,0,0,0,0
84_1DE4.E,0.0,0.0,0.00854,0,1DE4.E,0.012949580032353771,0.02707714428859955,0.007059617769338149,0,0,0,0,0,0
83_1DE4.E,0.0,0.08,0.00504,0,1DE4.E,0.015525080676836491,0.033541457468986124,0.031561074825634264,0,0,0,0,0,0
82_1DE4.E,0.0,0.0,0.0,0,1DE4.E,0.011911687957688459,0.026758546855358632,0.005664252117463797,0,0,0,0,0,0
81_1DE4.E,0.0,0.05,0.00125,0,1DE4.E,0.013736795909734542,0.030741788478981676,0.021539321961292678,0,0,0,0,0,0
11_1DOR.A,0.0,0.0,0.00059,0,1DOR.A,0.011848029093358583,0.026780439961609757,0.005760653257347388,0,0,0,0,0,0
12_1DOR.A,0.0,0.02,0.00155,0,1DOR.A,0.013044504480930095,0.0283289049341752,0.012185841405635637,0,0,0,0,0,0
13_1DOR.A,0.0,0.0,0.00086,0,1DOR.A,0.011848029093358583,0.026790464649638916,0.00580476903322632,0,0,0,0,0,0
28_1DOR.A,0.0,0.28,0.02114,0,1DOR.A,0.03540670854642171,0.05876944937711725,0.09687500276486141,0,0,0,0,0,0
40_1DOR.A,0.0,0.0,0.00016,0,1DOR.A,0.011911687957688459,0.02676448224827334,0.005690394799466127,0,0,0,0,0,0
39_1DOR.A,0.0,0.0,5e-05,0,1DOR.A,0.011911687957688459,0.026760401528124356,0.005672421705589526,0,0,0,0,0,0
38_1DOR.A,0.0,0.0,0.00048,0,1DOR.A,0.011848029093358583,0.026776356875363727,0.005742680163470786,0,0,0,0,0,0
37_1DOR.A,0.0,0.02,0.00043,0,1DOR.A,0.013044504480930095,0.028285027635180034,0.01200284263161933,0,0,0,0,0,0
36_1DOR.A,0.0,0.02,0.00166,0,1DOR.A,0.013044504480930095,0.028333217873812457,0.01220381449951224,0,0,0,0,0,0
35_1DOR.A,0.0,0.04,0.00102,0,1DOR.A,0.013736795909734542,0.029902523759371673,0.01836757582777719,0,0,0,0,0,0
34_1DOR.A,0.0,0.05,0.00134,0,1DOR.A,0.013736795909734542,0.030745608245195104,0.02155402721991899,0,0,0,0,0,0
33_1DOR.A,0.0,0.06,0.00107,0,1DOR.A,0.013736795909734542,0.03158597394756656,0.02464407747217719,0,0,0,0,0,0
32_1DOR.A,0.0,0.0,0.0,0,1DOR.A,0.011911687957688459,0.026758546855358632,0.005664252117463797,0,0,0,0,0,0
31_1DOR.A,0.0,0.05,0.01429,0,1DOR.A,0.015561340813518858,0.03130004628274425,0.023669950544482555,0,0,0,0,0,0
30_1DOR.A,0.0,0.08,0.00257,0,1DOR.A,0.015030510345898978,0.033427603257235955,0.0311574971722233,0,0,0,0,0,0
29_1DOR.A,0.0,0.0,0.0,0,1DOR.A,0.011911687957688459,0.026758546855358632,0.005664252117463797,0,0,0,0,0,0
27_1DOR.A,0.0,0.84,0.02729,0,1DOR.A,0.16640872405810148,0.23422591972018536,0.27339315968000555,0,0,0,0,0,0
14_1DOR.A,0.0,0.0,0.0,0,1DOR.A,0.011911687957688459,0.026758546855358632,0.005664252117463797,0,0,0,0,0,0
26_1DOR.A,0.045,0.2,0.00813,0,1DOR.A,0.03137484377522001,0.049256742038413535,0.07850143196743203,0,0,0,0,0,0
25_1DOR.A,0.0,0.81,0.02103,0,1DOR.A,0.14690662566426504,0.2178617178199343,0.262967829162253,0,0,0,0,0,0
24_1DOR.A,0.0,0.82,0.01616,0,1DOR.A,0.15238618690315497,0.22150983431102453,0.26530627730694417,0,0,0,0,0,0
23_1DOR.A,0.0,0.0,0.00166,0,1DOR.A,0.011848029093358583,0.026820188858400335,0.005935482443237969,0,0,0,0,0,0
22_1DOR.A,0.0,0.19,0.01456,0,1DOR.A,0.03142079698028976,0.04578644500252246,0.06759239071428137,0,0,0,0,0,0
21_1DOR.A,0.0,0.0,0.00434,0,1DOR.A,0.012260284256119898,0.026919998809075908,0.006373372366776993,0,0,0,0,0,0
20_1DOR.A,0.0,0.38,0.00524,0,1DOR.A,0.03555243911491205,0.07488027326942297,0.12561873402225124,0,0,0,0,0,0
19_1DOR.A,0.0,0.0,0.00011,0,1DOR.A,0.011911687957688459,0.026762627300463873,0.005682225211340399,0,0,0,0,0,0
18_1DOR.A,0.0,0.0,0.0,0,1DOR.A,0.011911687957688459,0.026758546855358632,0.005664252117463797,0,0,0,0,0,0
17_1DOR.A,0.0,0.0,0.0,0,1DOR.A,0.011911687957688459,0.026758546855358632,0.005664252117463797,0,0,0,0,0,0
16_1DOR.A,0.0,0.0,0.0,0,1DOR.A,0.011911687957688459,0.026758546855358632,0.005664252117463797,0,0,0,0,0,0
15_1DOR.A,0.0,0.0,0.0,0,1DOR.A,0.011911687957688459,0.026758546855358632,0.005664252117463797,0,0,0,0,0,0
80_1DE4.E,0.0,0.0,5e-05,0,1DE4.E,0.011911687957688459,0.026760401528124356,0.005672421705589526,0,0,0,0,0,0
78_1DE4.E,0.0,0.0,5e-05,0,1DE4.E,0.011911687957688459,0.026760401528124356,0.005672421705589526,0,0,0,0,0,0
164_1DOR.A,0.0,0.0,0.0,0,1DOR.A,0.011911687957688459,0.026758546855358632,0.005664252117463797,0,0,0,0,0,0
77_1DE4.E,0.0,0.02,0.0007,0,1DE4.E,0.013044504480930095,0.028295599158696838,0.01204695840749826,0,0,0,0,0,0
37_1DE4.E,0.0,0.0,0.00364,0,1DE4.E,0.012260284256119898,0.026893894252213196,0.0062589981330168,0,0,0,0,0,0
36_1DE4.E,0.0,0.06,0.01393,0,1DE4.E,0.015561340813518858,0.032151074554969704,0.026745295538114444,0,0,0,0,0,0
35_1DE4.E,0.0,0.0,0.03155,0,1DE4.E,0.019815326539153175,0.027954027620401556,0.0108192622247982,0,0,0,0,0,0
34_1DE4.E,0.0,0.07,0.18779,0,1DE4.E,0.07555044594962357,0.04193541528870886,0.05828675339703318,0,0,1,0,0,0
33_1DE4.E,0.073,0.08,0.41761,0,1DE4.E,0.09717271993824941,0.06418024332530857,0.11328851097143777,0,0,1,0,0,0
32_1DE4.E,0.0,0.09,0.18604,0,1DE4.E,0.07636698109317827,0.04415704713388134,0.06426914986890697,0,0,0,0,0,0
30_1DE4.E,0.0,0.0,0.00364,0,1DE4.E,0.012260284256119898,0.026893894252213196,0.0062589981330168,0,0,0,0,0,0
29_1DE4.E,0.202,0.11,0.05032,0,1DE4.E,0.09132665620030891,0.049596686887519836,0.08797857014142482,1,0,0,0,0,0
28_1DE4.E,0.237,0.0,0.14711,0,1DE4.E,0.13007237685502657,0.04391167929463249,0.0761816980596868,1,0,0,0,0,0
27_1DE4.E,0.0,0.0,0.00973,0,1DE4.E,0.013279529798889356,0.02712183074389667,0.007254053966730477,0,0,0,0,0,0
26_1DE4.E,0.207,0.33,0.39994,0,1DE4.E,0.2457454411573166,0.13850042130325982,0.21503586013278067,1,1,1,1,1,1
25_1DE4.E,0.0,0.0,0.0021,0,1DE4.E,0.012099895023662594,0.026836550840698248,0.0060073748187443755,0,0,0,0,0,0
23_1DE4.E,0.0,0.0,0.00095,0,1DE4.E,0.011848029093358583,0.026793807023185005,0.00581947429185263,0,0,0,0,0,0
22_1DE4.E,0.122,0.0,0.09484,0,1DE4.E,0.05062202690200229,0.035488098863173334,0.045087195307096345,0,0,0,0,0,0
21_1DE4.E,0.0,0.0,0.00889,0,1DE4.E,0.012949580032353771,0.02709027992835073,0.0071168048862182455,0,0,0,0,0,0
20_1DE4.E,0.0,0.08,0.01313,0,1DE4.E,0.016505727893917327,0.03391699116810802,0.03288291418437707,0,0,0,0,0,0
19_1DE4.E,0.0,0.02,0.00639,0,1DE4.E,0.014146055419925281,0.028519278501383406,0.012976657536206113,0,0,0,0,0,0
18_1DE4.E,0.0,0.04,0.00115,0,1DE4.E,0.013736795909734542,0.029907895362325687,0.018388816756904083,0,0,0,0,0,0
17_1DE4.E,0.013,0.04,0.0006,0,1DE4.E,0.015157026247655393,0.030371751965115927,0.020848535628715914,0,0,0,0,0,0
16_1DE4.E,0.051,0.05,0.01368,0,1DE4.E,0.01681846012760943,0.033314620897563575,0.03357249706172842,0,0,0,0,0,0
15_1DE4.E,0.302,0.06,0.01527,0,1DE4.E,0.12257286025048719,0.046713573270720045,0.08619304596456408,1,0,0,0,0,0
9_1DE4.E,0.034,0.0,0.06374,0,1DE4.E,0.026773747646309277,0.030488517848977298,0.022746986721728427,0,0,0,0,0,0
7_1DE4.E,0.073,0.0,0.01757,0,1DE4.E,0.02710833678333944,0.03002483703493816,0.022851942070015657,0,0,0,0,0,0
6_1DE4.E,0.0,0.01,0.16583,0,1DE4.E,0.04499372132140212,0.03457726435678267,0.035893674123390604,0,0,0,0,0,0
5_1DE4.E,0.0,0.0,0.00454,0,1DE4.E,0.012260284256119898,0.026927461778053382,0.006406050719279905,0,0,0,0,0,0
4_1DE4.E,0.0,0.01,0.01118,0,1DE4.E,0.013060237962793264,0.02793243605929316,0.010625138050513726,0,0,0,0,0,0
2_1DE4.E,0.0,0.01,0.10717,0,1DE4.E,0.039796117318053714,0.031894151610927575,0.026309113334286448,0,0,0,0,0,0
38_1DE4.E,0.0,0.0,0.00225,0,1DE4.E,0.012099895023662594,0.026842131007470318,0.00603188358312156,0,0,0,0,0,0
39_1DE4.E,0.0,0.0,0.0001,0,1DE4.E,0.011911687957688459,0.026762256325905186,0.005680591293715253,0,0,0,0,0,0
40_1DE4.E,0.0,0.0,0.00045,0,1DE4.E,0.011848029093358583,0.026775243411461137,0.00573777841059535,0,0,0,0,0,0
61_1DE4.E,0.0,0.0,0.06065,0,1DE4.E,0.02745692332455934,0.029102555236341712,0.01557396251397193,0,0,0,0,0,0
76_1DE4.E,0.0,0.03,0.0001,0,1DE4.E,0.013800454774064417,0.02905774389143103,0.01508308937812666,0,0,0,0,0,0
75_1DE4.E,0.0,0.07,0.0001,0,1DE4.E,0.014101511203297269,0.032417253251027435,0.027619753490675202,0,0,0,0,0,0
74_1DE4.E,0.0,0.06,0.00015,0,1DE4.E,0.013800454774064417,0.031545917156323725,0.02449375705066379,0,0,0,0,0,0
73_1DE4.E,0.0,0.03,5e-05,0,1DE4.E,0.013800454774064417,0.029055734751138373,0.01507491979000093,0,0,0,0,0,0
72_1DE4.E,0.0,0.0,0.0,0,1DE4.E,0.011911687957688459,0.026758546855358632,0.005664252117463797,0,0,0,0,0,0
71_1DE4.E,0.0,0.05,0.0008,0,1DE4.E,0.013736795909734542,0.030722696539527656,0.021465795668161123,0,0,0,0,0,0
70_1DE4.E,0.0,0.0,0.00045,0,1DE4.E,0.011848029093358583,0.026775243411461137,0.00573777841059535,0,0,0,0,0,0
69_1DE4.E,0.0,0.1,0.0308,0,1DE4.E,0.030890314410138443,0.03669496800962675,0.04203837868428364,0,0,0,0,0,0
68_1DE4.E,0.0,0.0,0.00394,0,1DE4.E,0.012260284256119898,0.026905078904099013,0.0063080156617711675,0,0,0,0,0,0
66_1DE4.E,0.057,0.3,0.01567,0,1DE4.E,0.03320164659822508,0.06587151350153962,0.11342852860695839,0,1,0,0,0,0
64_1DE4.E,0.159,0.0,0.09569,0,1DE4.E,0.10361708322711591,0.03718987392733652,0.05248258758401904,0,0,0,0,0,0
63_1DE4.E,0.929,0.16,0.54156,0,1DE4.E,0.30213851679520576,0.23487849312622708,0.3264945709342749,1,1,1,1,1,1
58_1DE4.E,0.432,0.3,0.65532,0,1DE4.E,0.3127695093162895,0.2208861713050941,0.29148777164924855,1,1,1,1,1,1
41_1DE4.E,0.0,0.02,0.00015,0,1DE4.E,0.01310816334525997,0.028274068624110523,0.011957092938115251,0,0,0,0,0,0
57_1DE4.E,0.471,0.44,0.52778,0,1DE4.E,0.29633385461670014,0.2695008728167347,0.3221758636756459,1,1,1,1,1,1
52_1DE4.E,0.057,0.87,0.3039,0,1DE4.E,0.27820430992782763,0.34683959676932374,0.3391703999203471,0,1,1,1,1,1
51_1DE4.E,0.202,0.87,0.12155,0,1DE4.E,0.24187077846839342,0.33027415092729995,0.33781358352375923,0,1,0,1,1,1
50_1DE4.E,0.013,0.32,0.0879,0,1DE4.E,0.050809811193516824,0.07249663954373674,0.1228692852840769,0,1,0,1,0,0
49_1DE4.E,0.0,0.13,0.00839,0,1DE4.E,0.02636987511711558,0.038605316174401,0.04777926737074373,0,0,0,0,0,0
48_1DE4.E,0.0,0.21,0.00724,0,1DE4.E,0.033594920871322875,0.04783916401110174,0.07266469506894906,0,1,0,0,0,0
47_1DE4.E,0.0,0.15,0.0018,0,1DE4.E,0.026931311898200458,0.040389980753166854,0.052970847712047034,0,1,0,0,0,0
46_1DE4.E,0.0,0.06,0.0007,0,1DE4.E,0.013736795909734542,0.03156985823932705,0.0245836225200468,0,0,0,0,0,0
45_1DE4.E,0.0,0.08,0.00484,0,1DE4.E,0.015190899578356282,0.03353222459348864,0.031528396473131354,0,0,0,0,0,0
44_1DE4.E,0.0,0.03,0.0006,0,1DE4.E,0.013736795909734542,0.02907784270808384,0.01516478525938394,0,0,0,0,0,0
43_1DE4.E,0.0,0.01,0.0005,0,1DE4.E,0.011628737257262491,0.027522363904330136,0.008880114026858213,0,0,0,0,0,0
42_1DE4.E,0.0,0.01,0.00035,0,1DE4.E,0.011628737257262491,0.0275166463235791,0.008855605262481029,0,0,0,0,0,0
41_1DOR.A,0.0,0.0,0.0,0,1DOR.A,0.011911687957688459,0.026758546855358632,0.005664252117463797,0,0,0,0,0,0
42_1DOR.A,0.0,0.0,0.0,0,1DOR.A,0.011911687957688459,0.026758546855358632,0.005664252117463797,0,0,0,0,0,0
43_1DOR.A,0.0,0.0,0.00123,0,1DOR.A,0.011848029093358583,0.026804208112145,0.005865223985356707,0,0,0,0,0,0
44_1DOR.A,0.0,0.0,0.0,0,1DOR.A,0.011911687957688459,0.026758546855358632,0.005664252117463797,0,0,0,0,0,0
131_1DOR.A,0.0,0.0,0.08156,0,1DOR.A,0.035387757568140506,0.02995596824421427,0.0189904842681514,0,0,0,0,0,0
130_1DOR.A,0.0,0.76,0.01525,0,1DOR.A,0.13900197352272925,0.19348957177257817,0.24635259463423312,0,0,0,0,0,0
129_1DOR.A,0.0,0.0,0.00268,0,1DOR.A,0.012099895023662594,0.026858133739484598,0.0061021420410028206,0,0,0,0,0,0
128_1DOR.A,0.0,0.0,0.00021,0,1DOR.A,0.011911687957688459,0.026766337321115368,0.005698564387591855,0,0,0,0,0,0
127_1DOR.A,0.0,0.0,0.0,0,1DOR.A,0.011911687957688459,0.026758546855358632,0.005664252117463797,0,0,0,0,0,0
126_1DOR.A,0.0,0.0,0.0,0,1DOR.A,0.011911687957688459,0.026758546855358632,0.005664252117463797,0,0,0,0,0,0
125_1DOR.A,0.0,0.0,0.0,0,1DOR.A,0.011911687957688459,0.026758546855358632,0.005664252117463797,0,0,0,0,0,0
124_1DOR.A,0.0,0.0,0.0,0,1DOR.A,0.011911687957688459,0.026758546855358632,0.005664252117463797,0,0,0,0,0,0
123_1DOR.A,0.0,0.0,0.0007,0,1DOR.A,0.011848029093358583,0.026784523653343943,0.00577862635122399,0,0,0,0,0,0
122_1DOR.A,0.0,0.0,0.00177,0,1DOR.A,0.011878216457422697,0.02682427844429642,0.0059534555371145706,0,0,0,0,0,0
121_1DOR.A,0.0,0.23,0.00514,0,1DOR.A,0.033333712163439076,0.05033328840924704,0.07858990442394276,0,0,0,0,0,0
120_1DOR.A,0.0,0.0,0.00182,0,1DOR.A,0.011878216457422697,0.026826137547432797,0.005961625125240298,0,0,0,0,0,0
119_1DOR.A,0.0,0.04,0.00444,0,1DOR.A,0.014149051072495858,0.03004414996473969,0.01892637565557699,0,0,0,0,0,0
118_1DOR.A,0.0,0.04,0.00262,0,1DOR.A,0.013988661840038554,0.02996870090770806,0.01862900264780049,0,0,0,0,0,0
117_1DOR.A,0.0,0.03,0.00867,0,1DOR.A,0.01483834684872973,0.029404108835647865,0.01648335678287645,0,0,0,0,0,0
116_1DOR.A,0.0,0.04,0.01375,0,1DOR.A,0.015561340813518858,0.03043298872957358,0.020447552964587553,0,0,0,0,0,0
115_1DOR.A,0.0,0.0,0.0,0,1DOR.A,0.011911687957688459,0.026758546855358632,0.005664252117463797,0,0,0,0,0,0
114_1DOR.A,0.0,0.03,0.00268,0,1DOR.A,0.013988661840038554,0.029161598617583075,0.015504640125414226,0,0,0,0,0,0
113_1DOR.A,0.0,0.02,0.00947,0,1DOR.A,0.014391565513920391,0.02864107125589412,0.013479904164750962,0,0,0,0,0,0
112_1DOR.A,0.0,0.0,0.0,0,1DOR.A,0.011911687957688459,0.026758546855358632,0.005664252117463797,0,0,0,0,0,0
111_1DOR.A,0.0,0.0,0.0,0,1DOR.A,0.011911687957688459,0.026758546855358632,0.005664252117463797,0,0,0,0,0,0
110_1DOR.A,0.0,0.02,0.00252,0,1DOR.A,0.013296370411234106,0.02836695920143236,0.012344331415274763,0,0,0,0,0,0
109_1DOR.A,0.0,0.0,0.00214,0,1DOR.A,0.012099895023662594,0.026838038774861957,0.006013910489244958,0,0,0,0,0,0
108_1DOR.A,0.0,0.0,0.00011,0,1DOR.A,0.011911687957688459,0.026762627300463873,0.005682225211340399,0,0,0,0,0,0
107_1DOR.A,0.0,0.05,0.00407,0,1DOR.A,0.014149051072495858,0.03086169312034898,0.02200008673158374,0,0,0,0,0,0
106_1DOR.A,0.0,0.03,0.00466,0,1DOR.A,0.014149051072495858,0.029241545172092317,0.015828155815193055,0,0,0,0,0,0
105_1DOR.A,0.0,0.03,0.00364,0,1DOR.A,0.014149051072495858,0.02920033407186296,0.015661496217428204,0,0,0,0,0,0
132_1DOR.A,0.0,0.0,0.01338,0,1DOR.A,0.0136725739971429,0.02725934186764825,0.007850433899908624,0,0,0,0,0,0
133_1DOR.A,0.0,0.0,0.05384,0,1DOR.A,0.026965147534841444,0.02882973999147866,0.014461264611247767,0,0,0,0,0,0
134_1DOR.A,0.0,0.81,0.08617,0,1DOR.A,0.1673591297922426,0.2340839906450249,0.2736111685724515,0,0,0,0,0,0
151_1DOR.A,0.0,0.08,0.02371,0,1DOR.A,0.01860193766567033,0.034414235312435815,0.034611599031781126,0,0,0,0,0,0
163_1DOR.A,0.0,0.0,0.0,0,1DOR.A,0.011911687957688459,0.026758546855358632,0.005664252117463797,0,0,0,0,0,0
162_1DOR.A,0.0,0.0,0.0,0,1DOR.A,0.011911687957688459,0.026758546855358632,0.005664252117463797,0,0,0,0,0,0
161_1DOR.A,0.0,0.0,0.00519,0,1DOR.A,0.01272638021532879,0.02695173032299237,0.006512255364914369,0,0,0,0,0,0
160_1DOR.A,0.0,0.13,0.01311,0,1DOR.A,0.026995407656442753,0.03885560295230681,0.04855047648981246,0,0,0,0,0,0
159_1DOR.A,0.0,0.03,0.01734,0,1DOR.A,0.01708590857904793,0.029758587977874028,0.017899963363877693,0,0,0,0,0,0
158_1DOR.A,0.0,0.06,0.03661,0,1DOR.A,0.02553090440809723,0.03317159300425008,0.03045102071194469,0,0,0,0,0,0
157_1DOR.A,0.0,0.0,0.02644,0,1DOR.A,0.016500711000505038,0.027756939611131303,0.009984330318348793,0,0,0,0,0,0
156_1DOR.A,0.0,0.03,0.02863,0,1DOR.A,0.018468829886740624,0.03022640133286047,0.019744656362667087,0,0,0,0,0,0
155_1DOR.A,0.0,0.03,0.03457,0,1DOR.A,0.024506930933767296,0.03047538432786308,0.02071520343200358,0,0,0,0,0,0
154_1DOR.A,0.0,0.01,0.0388,0,1DOR.A,0.02364919588070754,0.02902064520249223,0.015138018531165904,0,0,0,0,0,0
153_1DOR.A,0.0,0.0,0.00075,0,1DOR.A,0.011848029093358583,0.026786380077043728,0.005786795939349718,0,0,0,0,0,0
152_1DOR.A,0.0,0.03,0.00776,0,1DOR.A,0.01483834684872973,0.029367141128256714,0.016334670278988196,0,0,0,0,0,0
150_1DOR.A,0.0,0.0,0.00262,0,1DOR.A,0.012099895023662594,0.026855900243325882,0.006092338535251947,0,0,0,0,0,0
135_1DOR.A,0.0,0.77,0.16719,0,1DOR.A,0.2332908573194853,0.2345368995807032,0.2743125050588327,0,0,1,0,0,0
149_1DOR.A,0.0,0.0,0.00059,0,1DOR.A,0.011848029093358583,0.026780439961609757,0.005760653257347388,0,0,0,0,0,0
148_1DOR.A,0.0,0.18,0.01424,0,1DOR.A,0.029261471939523474,0.044549878212285746,0.06440593932213959,0,0,0,0,0,0
147_1DOR.A,0.045,0.18,0.01076,0,1DOR.A,0.026777838978924787,0.046847028707904206,0.07266282024657106,0,0,0,0,0,0
146_1DOR.A,0.0,0.0,0.00037,0,1DOR.A,0.011848029093358583,0.026772274394521296,0.0057247070695941845,0,0,0,0,0,0
145_1DOR.A,0.045,0.36,0.01493,0,1DOR.A,0.03332072077064544,0.07592653661290524,0.1297591524027252,0,0,0,0,0,0
144_1DOR.A,0.045,0.6,0.08263,0,1DOR.A,0.0707413277318446,0.15118080142885537,0.21604075940025222,0,0,0,0,0,0
143_1DOR.A,0.114,0.93,0.2053,0,1DOR.A,0.33142275142364086,0.370266215008739,0.3530439150320116,0,1,1,1,1,1
142_1DOR.A,0.045,0.43,0.18202,0,1DOR.A,0.10565447852562324,0.11269393073636579,0.17899944419824315,0,0,1,0,0,0
141_1DOR.A,0.188,0.92,0.641,0,1DOR.A,0.44680882397596705,0.5389361822658966,0.4356125584890393,1,1,1,1,1,1
140_1DOR.A,0.0,0.0,0.01349,0,1DOR.A,0.0136725739971429,0.027263496540354978,0.007868406993785226,0,0,0,0,0,0
139_1DOR.A,0.045,0.66,0.02435,0,1DOR.A,0.06242441406320152,0.1625916711914507,0.22532328364972642,0,0,0,0,0,0
136_1DOR.A,0.0,0.68,0.14166,0,1DOR.A,0.16061384645438884,0.18645794668256263,0.24193361910860173,0,0,0,0,0,0
104_1DOR.A,0.0,0.03,0.00824,0,1DOR.A,0.01483834684872973,0.029386634958001825,0.016413098324995185,0,0,0,0,0,0
103_1DOR.A,0.0,0.02,0.00958,0,1DOR.A,0.014476005186460868,0.028645430320264748,0.013497877258627564,0,0,0,0,0,0
102_1DOR.A,0.0,0.02,5e-05,0,1DOR.A,0.01310816334525997,0.028270155690751045,0.011940753761863796,0,0,0,0,0,0
58_1DOR.A,0.188,0.87,0.02815,0,1DOR.A,0.22463635108913046,0.29777672957414003,0.3198070866913048,1,0,0,0,0,0
70_1DOR.A,0.0,0.0,0.00037,0,1DOR.A,0.011848029093358583,0.026772274394521296,0.0057247070695941845,0,0,0,0,0,0
69_1DOR.A,0.357,0.77,0.0144,0,1DOR.A,0.2616189489020561,0.2802556614526442,0.3193633861108912,1,0,0,0,0,0
68_1DOR.A,0.0,0.0,0.00139,0,1DOR.A,0.011848029093358583,0.026810153354312978,0.005891366667359037,0,0,0,0,0,0
67_1DOR.A,0.168,0.0,0.00027,0,1DOR.A,0.09837100402365583,0.03298384101150028,0.03865684245647605,0,0,0,0,0,0
66_1DOR.A,0.0,0.0,0.02093,0,1DOR.A,0.015768783768895903,0.02754593653878795,0.009084041706893562,0,0,0,0,0,0
65_1DOR.A,0.0,0.0,0.01129,0,1DOR.A,0.013279529798889356,0.02718051991245506,0.007508945116253192,0,0,0,0,0,0
64_1DOR.A,0.0,0.0,0.00412,0,1DOR.A,0.012260284256119898,0.026911791866074036,0.006337426179023789,0,0,0,0,0,0
63_1DOR.A,0.114,0.94,0.38582,0,1DOR.A,0.35761872504910863,0.4388714496732632,0.3856735620292773,0,1,1,1,1,1
62_1DOR.A,0.0,0.57,0.21697,0,1DOR.A,0.18228498596042184,0.15758260061519588,0.2197628264340648,0,0,1,0,0,0
61_1DOR.A,0.0,0.0,0.11116,0,1DOR.A,0.041185807251393564,0.03120563179046064,0.023826880438582408,0,0,0,0,0,0
60_1DOR.A,0.045,0.32,0.03013,0,1DOR.A,0.03699869576312274,0.069768693347645,0.11970604308039799,0,0,0,0,0,0
59_1DOR.A,0.114,0.98,0.02023,0,1DOR.A,0.24075291598144194,0.34218343446179234,0.3384758316841274,0,1,0,1,1,0
57_1DOR.A,0.168,0.84,0.02515,0,1DOR.A,0.1972752094653468,0.27439188161406647,0.3059919758713577,0,0,0,0,0,0
72_1DOR.A,0.0,0.0,0.00557,0,1DOR.A,0.01272638021532879,0.026965927936831835,0.006574344234669903,0,0,0,0,0,0
56_1DOR.A,0.357,0.64,0.02478,0,1DOR.A,0.2170055614693031,0.21496669259597923,0.2803152342400096,1,0,0,0,0,0
55_1DOR.A,0.168,0.95,0.03366,0,1DOR.A,0.3132568121204452,0.3430042902980208,0.3418582660798651,0,1,0,1,1,1
54_1DOR.A,0.168,0.85,0.01284,0,1DOR.A,0.19457694401941672,0.27652437605848784,0.3071147893029406,0,0,0,0,0,0
53_1DOR.A,0.114,0.0,0.01102,0,1DOR.A,0.03244213596854646,0.031308501740417743,0.02982272279392901,0,0,0,0,0,0
52_1DOR.A,0.045,0.17,0.00589,0,1DOR.A,0.026322150820826187,0.045302077522047436,0.068732936334988,0,0,0,0,0,0
51_1DOR.A,0.045,0.48,0.02135,0,1DOR.A,0.04214564342971079,0.10421298888964813,0.16841811985571428,0,0,0,0,0,0
50_1DOR.A,0.0,0.4,0.00979,0,1DOR.A,0.03755528678925077,0.07935695933801847,0.13263049859796677,0,0,0,0,0,0
49_1DOR.A,0.0,0.07,0.01434,0,1DOR.A,0.01576493581728975,0.03305949287851607,0.029946452188882554,0,0,0,0,0,0
48_1DOR.A,0.0,0.02,0.00717,0,1DOR.A,0.014146055419925281,0.028550074504044197,0.01310410311096747,0,0,0,0,0,0
47_1DOR.A,0.0,0.01,0.00434,0,1DOR.A,0.012040992420023806,0.027669127635671163,0.009507538394914129,0,0,0,0,0,0
46_1DOR.A,0.0,0.0,0.0007,0,1DOR.A,0.011848029093358583,0.026784523653343943,0.00577862635122399,0,0,0,0,0,0
45_1DOR.A,0.0,0.0,0.0,0,1DOR.A,0.011911687957688459,0.026758546855358632,0.005664252117463797,0,0,0,0,0,0
71_1DOR.A,0.0,0.0,5e-05,0,1DOR.A,0.011911687957688459,0.026760401528124356,0.005672421705589526,0,0,0,0,0,0
73_1DOR.A,0.0,0.0,0.00166,0,1DOR.A,0.011848029093358583,0.026820188858400335,0.005935482443237969,0,0,0,0,0,0
101_1DOR.A,0.0,0.0,0.0,0,1DOR.A,0.011911687957688459,0.026758546855358632,0.005664252117463797,0,0,0,0,0,0
88_1DOR.A,0.0,0.52,0.00305,0,1DOR.A,0.04455980397073004,0.10696725265858793,0.16913923045626425,0,0,0,0,0,0
100_1DOR.A,0.0,0.0,0.0,0,1DOR.A,0.011911687957688459,0.026758546855358632,0.005664252117463797,0,0,0,0,0,0
99_1DOR.A,0.0,0.0,0.0,0,1DOR.A,0.011911687957688459,0.026758546855358632,0.005664252117463797,0,0,0,0,0,0
98_1DOR.A,0.0,0.0,0.0,0,1DOR.A,0.011911687957688459,0.026758546855358632,0.005664252117463797,0,0,0,0,0,0
97_1DOR.A,0.0,0.0,0.0,0,1DOR.A,0.011911687957688459,0.026758546855358632,0.005664252117463797,0,0,0,0,0,0
96_1DOR.A,0.0,0.0,0.00032,0,1DOR.A,0.011848029093358583,0.02677041892152165,0.005716537481468457,0,0,0,0,0,0
95_1DOR.A,0.0,0.01,0.00177,0,1DOR.A,0.011658924621326606,0.027570819039969312,0.009087621565251705,0,0,0,0,0,0
94_1DOR.A,0.0,0.01,0.00155,0,1DOR.A,0.011628737257262491,0.02756241930519883,0.009051675377498503,0,0,0,0,0,0
93_1DOR.A,0.0,0.02,0.00257,0,1DOR.A,0.013296370411234106,0.02836892210597604,0.01235250100340049,0,0,0,0,0,0
92_1DOR.A,0.0,0.06,0.00155,0,1DOR.A,0.013736795909734542,0.031606892671751124,0.02472250551818418,0,0,0,0,0,0
91_1DOR.A,0.0,0.09,0.00091,0,1DOR.A,0.014798476652720107,0.03427309077636531,0.03402043287458627,0,0,0,0,0,0
90_1DOR.A,0.0,0.23,0.00284,0,1DOR.A,0.03270722697177288,0.05017693252466243,0.07821410337015927,0,0,0,0,0,0
89_1DOR.A,0.0,0.31,0.00187,0,1DOR.A,0.033278944689989924,0.062014966795106014,0.10312894158561722,0,0,0,0,0,0
87_1DOR.A,0.0,0.18,0.00198,0,1DOR.A,0.02768327756908357,0.04381249488575614,0.06240275631371106,0,0,0,0,0,0
74_1DOR.A,0.0,0.58,0.01375,0,1DOR.A,0.04888326506020595,0.1259169489023563,0.18969251848399282,0,0,0,0,0,0
86_1DOR.A,0.0,0.08,0.00112,0,1DOR.A,0.014778644415594965,0.0333609396621351,0.03092057911657719,0,0,0,0,0,0
85_1DOR.A,0.0,0.48,0.00648,0,1DOR.A,0.04128561062269902,0.0970810140190618,0.15716300008914064,0,0,0,0,0,0
84_1DOR.A,0.0,0.04,0.00075,0,1DOR.A,0.013736795909734542,0.02989137034074112,0.01832346005189826,0,0,0,0,0,0
83_1DOR.A,0.0,0.0,5e-05,0,1DOR.A,0.011911687957688459,0.026760401528124356,0.005672421705589526,0,0,0,0,0,0
82_1DOR.A,0.045,0.0,0.00209,0,1DOR.A,0.013472898455236366,0.028383322138545882,0.014831225159101367,0,0,0,0,0,0
81_1DOR.A,0.0,0.04,0.00562,0,1DOR.A,0.014615147031704745,0.030093165808325113,0.01911917793534417,0,0,0,0,0,0
80_1DOR.A,0.0,0.0,0.00043,0,1DOR.A,0.011848029093358583,0.026774501127208576,0.005734510575345059,0,0,0,0,0,0
79_1DOR.A,0.0,0.0,0.00011,0,1DOR.A,0.011911687957688459,0.026762627300463873,0.005682225211340399,0,0,0,0,0,0
78_1DOR.A,0.045,0.19,0.01151,0,1DOR.A,0.028948923202226518,0.04817221830367656,0.0759195300965941,0,0,0,0,0,0
77_1DOR.A,0.0,0.11,0.00524,0,1DOR.A,0.024840003409553182,0.03640666578801862,0.040996251262548584,0,0,0,0,0,0
76_1DOR.A,0.0,0.0,0.00054,0,1DOR.A,0.011848029093358583,0.026778583938260672,0.00575248366922166,0,0,0,0,0,0
75_1DOR.A,0.0,0.0,0.00145,0,1DOR.A,0.011848029093358583,0.02681238315071384,0.005901170173109911,0,0,0,0,0,0
241_1CNZ.A,0.0,0.0,0.00259,0,1CNZ.A,0.012099895023662594,0.026854783562976138,0.006087436782376511,0,0,0,0,0,0
240_1CNZ.A,0.0,0.0,0.01554,0,1CNZ.A,0.013965210178814675,0.02734103724065278,0.008203360106940076,0,0,0,0,0,0
239_1CNZ.A,0.0,0.16,0.07927,0,1CNZ.A,0.04949850382769983,0.04611577445267238,0.06876297358218722,0,0,0,0,0,0
349_1B8A.A,0.0,0.0,7e-05,0,1B8A.A,0.011911687957688459,0.026761143432234433,0.005675689540839817,0,0,0,0,0,0
377_1B8A.A,0.0,0.15,0.00101,0,1B8A.A,0.02690112453413634,0.04034639240023083,0.05284176821966053,0,0,0,0,0,0
376_1B8A.A,0.0,0.0,0.00058,0,1B8A.A,0.011848029093358583,0.02678006874693212,0.005759019339722242,0,0,0,0,0,0
375_1B8A.A,0.0,0.0,0.0,0,1B8A.A,0.011911687957688459,0.026758546855358632,0.005664252117463797,0,0,0,0,0,0
374_1B8A.A,0.0,0.1,0.00348,0,1B8A.A,0.024160444481573066,0.03534402500344327,0.03757451573238583,0,0,0,0,0,0
373_1B8A.A,0.199,0.32,0.01587,0,1B8A.A,0.10004159779522036,0.08216448463812669,0.1475788448964792,0,0,0,0,0,0
372_1B8A.A,0.119,0.2,0.01435,0,1B8A.A,0.057929239428315855,0.0543437326304852,0.09403074728784322,0,0,0,0,0,0
371_1B8A.A,0.199,0.34,0.0179,0,1B8A.A,0.10203020467363329,0.08675090506541724,0.15417886223065805,0,0,0,0,0,0
370_1B8A.A,0.0,0.94,0.02304,0,1B8A.A,0.24233866751094837,0.2873120477632854,0.30404040497069,0,0,0,0,0,0
369_1B8A.A,0.0,0.0,0.00036,0,1B8A.A,0.011848029093358583,0.026771903289916354,0.005723073151969039,0,0,0,0,0,0
368_1B8A.A,0.0,0.0,0.0,0,1B8A.A,0.011911687957688459,0.026758546855358632,0.005664252117463797,0,0,0,0,0,0
367_1B8A.A,0.0,0.0,0.00167,0,1B8A.A,0.011848029093358583,0.026820560613880887,0.005937116360863115,0,0,0,0,0,0
366_1B8A.A,0.0,0.0,0.0,0,1B8A.A,0.011911687957688459,0.026758546855358632,0.005664252117463797,0,0,0,0,0,0
365_1B8A.A,0.0,0.0,0.0,0,1B8A.A,0.011911687957688459,0.026758546855358632,0.005664252117463797,0,0,0,0,0,0
364_1B8A.A,0.0,0.16,0.0,0,1B8A.A,0.02937908370229278,0.041396111479797604,0.05581090856765796,0,0,0,0,0,0
363_1B8A.A,0.0,0.0,0.0,0,1B8A.A,0.011911687957688459,0.026758546855358632,0.005664252117463797,0,0,0,0,0,0
362_1B8A.A,0.0,0.0,0.0,0,1B8A.A,0.011911687957688459,0.026758546855358632,0.005664252117463797,0,0,0,0,0,0
361_1B8A.A,0.0,0.35,0.0,0,1B8A.A,0.039388805894345645,0.06874367395013825,0.11536006310226353,0,0,0,0,0,0
360_1B8A.A,0.0,0.0,0.0,0,1B8A.A,0.011911687957688459,0.026758546855358632,0.005664252117463797,0,0,0,0,0,0
359_1B8A.A,0.0,0.0,7e-05,0,1B8A.A,0.011911687957688459,0.026761143432234433,0.005675689540839817,0,0,0,0,0,0
358_1B8A.A,0.0,0.53,0.00043,0,1B8A.A,0.04584725825183481,0.1093289239095537,0.17184531006661322,0,0,0,0,0,0
357_1B8A.A,0.0,0.0,0.0,0,1B8A.A,0.011911687957688459,0.026758546855358632,0.005664252117463797,0,0,0,0,0,0
356_1B8A.A,0.0,0.0,0.0,0,1B8A.A,0.011911687957688459,0.026758546855358632,0.005664252117463797,0,0,0,0,0,0
355_1B8A.A,0.0,0.0,0.0,0,1B8A.A,0.011911687957688459,0.026758546855358632,0.005664252117463797,0,0,0,0,0,0
354_1B8A.A,0.0,0.0,0.0,0,1B8A.A,0.011911687957688459,0.026758546855358632,0.005664252117463797,0,0,0,0,0,0
353_1B8A.A,0.0,0.0,0.0,0,1B8A.A,0.011911687957688459,0.026758546855358632,0.005664252117463797,0,0,0,0,0,0
352_1B8A.A,0.0,0.0,0.0,0,1B8A.A,0.011911687957688459,0.026758546855358632,0.005664252117463797,0,0,0,0,0,0
351_1B8A.A,0.0,0.04,0.0013,0,1B8A.A,0.013736795909734542,0.029914094527808084,0.01841332552128127,0,0,0,0,0,0
378_1B8A.A,0.0,0.0,7e-05,0,1B8A.A,0.011911687957688459,0.026761143432234433,0.005675689540839817,0,0,0,0,0,0
379_1B8A.A,0.0,0.0,0.0,0,1B8A.A,0.011911687957688459,0.026758546855358632,0.005664252117463797,0,0,0,0,0,0
380_1B8A.A,0.0,0.07,0.00087,0,1B8A.A,0.014037852338967392,0.03245167059127419,0.027745565147811416,0,0,0,0,0,0
396_1B8A.A,0.387,0.0,0.01674,0,1B8A.A,0.12325863582757128,0.04418345547053623,0.08429859484060392,1,0,0,0,0,0
412_1B8A.A,0.0,0.0,0.0,0,1B8A.A,0.011911687957688459,0.026758546855358632,0.005664252117463797,0,0,0,0,0,0
411_1B8A.A,0.0,0.0,0.01145,0,1B8A.A,0.01338446577356709,0.02718654628987026,0.007535087798255522,0,0,0,0,0,0
410_1B8A.A,0.0,0.0,0.00094,0,1B8A.A,0.011848029093358583,0.026793435628322114,0.005817840374227484,0,0,0,0,0,0
409_1B8A.A,0.0,0.38,0.0,0,1B8A.A,0.04314685305722742,0.07436490411246555,0.12476256118667493,0,0,0,0,0,0
408_1B8A.A,0.0,0.0,0.0,0,1B8A.A,0.011911687957688459,0.026758546855358632,0.005664252117463797,0,0,0,0,0,0
407_1B8A.A,0.0,0.48,0.0,0,1B8A.A,0.048656824747989394,0.0962750001137058,0.15610422146804628,0,0,0,0,0,0
406_1B8A.A,0.0,0.0,0.0,0,1B8A.A,0.011911687957688459,0.026758546855358632,0.005664252117463797,0,0,0,0,0,0
405_1B8A.A,0.0,0.0,0.0,0,1B8A.A,0.011911687957688459,0.026758546855358632,0.005664252117463797,0,0,0,0,0,0
404_1B8A.A,0.0,0.0,0.0,0,1B8A.A,0.011911687957688459,0.026758546855358632,0.005664252117463797,0,0,0,0,0,0
403_1B8A.A,0.0,0.0,0.0,0,1B8A.A,0.011911687957688459,0.026758546855358632,0.005664252117463797,0,0,0,0,0,0
402_1B8A.A,0.0,0.98,0.02674,0,1B8A.A,0.26843651952026987,0.3120971586639867,0.3171816186045424,0,1,0,0,0,0
401_1B8A.A,0.0,0.0,0.04268,0,1B8A.A,0.025684086161195815,0.02838801669530354,0.012637812541585266,0,0,0,0,0,0
395_1B8A.A,0.387,0.69,0.07652,0,1B8A.A,0.2666778524338814,0.26075802881091975,0.31032361034518674,1,0,0,0,0,0
381_1B8A.A,0.0,0.33,0.00029,0,1B8A.A,0.03324875732592581,0.06524270305700561,0.1091391146571185,0,0,0,0,0,0
393_1B8A.A,0.0,0.0,0.00029,0,1B8A.A,0.011848029093358583,0.02676930569775022,0.00571163572859302,0,0,0,0,0,0
392_1B8A.A,0.0,0.0,0.04949,0,1B8A.A,0.02623503850369739,0.028656775263337604,0.013750510444309427,0,0,0,0,0,0
391_1B8A.A,0.262,0.99,0.38514,0,1B8A.A,0.4939433520902529,0.5209765440940258,0.43025932288659424,1,1,1,1,1,1
390_1B8A.A,0.199,0.23,0.08123,0,1B8A.A,0.12013577739470342,0.07081975103241057,0.13005063624119673,0,0,0,0,0,0
389_1B8A.A,0.0,0.0,0.01949,0,1B8A.A,0.015583791776891611,0.027491049742387953,0.008848757568872594,0,0,0,0,0,0
388_1B8A.A,0.0,0.24,0.03355,0,1B8A.A,0.041470809967308876,0.05371953416461938,0.08636603042511856,0,0,0,0,0,0
387_1B8A.A,0.0,0.13,0.02551,0,1B8A.A,0.029638552667800598,0.03952057542582163,0.05057653434499301,0,0,0,0,0,0
386_1B8A.A,0.0,0.0,0.0008,0,1B8A.A,0.011848029093358583,0.026788236625869776,0.005794965527475446,0,0,0,0,0,0
385_1B8A.A,0.0,0.13,0.00254,0,1B8A.A,0.025520190108424403,0.03829725616443633,0.04682342556003354,0,0,0,0,0,0
384_1B8A.A,0.0,0.25,0.00087,0,1B8A.A,0.03245536104146887,0.052795439691852554,0.08416055365427985,0,0,0,0,0,0
383_1B8A.A,0.0,0.18,0.00094,0,1B8A.A,0.027653090205019458,0.04375048221006586,0.06223282888069592,0,0,0,0,0,0
382_1B8A.A,0.0,0.27,0.00014,0,1B8A.A,0.0350896534066648,0.05563532359598,0.0903096097239185,0,0,0,0,0,0
350_1B8A.A,0.0,0.0,0.0,0,1B8A.A,0.011911687957688459,0.026758546855358632,0.005664252117463797,0,0,0,0,0,0
348_1B8A.A,0.0,0.02,0.00014,0,1B8A.A,0.01310816334525997,0.028273677307113023,0.011955459020490106,0,0,0,0,0,0
414_1B8A.A,0.0,0.0,0.00072,0,1B8A.A,0.011848029093358583,0.026785266207809213,0.005781894186474281,0,0,0,0,0,0
347_1B8A.A,0.0,0.02,0.00022,0,1B8A.A,0.01310816334525997,0.028276807990331058,0.011968530361491272,0,0,0,0,0,0
316_1B8A.A,0.0,0.62,0.00043,0,1B8A.A,0.05455331340269843,0.136619877000454,0.20005280431984743,0,0,0,0,0,0
315_1B8A.A,0.0,0.7,0.00072,0,1B8A.A,0.09762016287329653,0.16555050214625405,0.22517351615607376,0,0,0,0,0,0
314_1B8A.A,0.0,0.0,7e-05,0,1B8A.A,0.011911687957688459,0.026761143432234433,0.005675689540839817,0,0,0,0,0,0
313_1B8A.A,0.0,0.0,0.0,0,1B8A.A,0.011911687957688459,0.026758546855358632,0.005664252117463797,0,0,0,0,0,0
312_1B8A.A,0.0,0.1,7e-05,0,1B8A.A,0.023811848183141627,0.035178805037738285,0.03701734982221117,0,0,0,0,0,0
311_1B8A.A,0.0,0.14,0.00065,0,1B8A.A,0.025926630538078296,0.03924855475605253,0.049648781157018165,0,0,0,0,0,0
310_1B8A.A,0.0,0.0,0.0,0,1B8A.A,0.011911687957688459,0.026758546855358632,0.005664252117463797,0,0,0,0,0,0
309_1B8A.A,0.0,0.0,0.0,0,1B8A.A,0.011911687957688459,0.026758546855358632,0.005664252117463797,0,0,0,0,0,0
308_1B8A.A,0.0,0.09,7e-05,0,1B8A.A,0.014862135517049983,0.03423351363266403,0.03388318379407403,0,0,0,0,0,0
307_1B8A.A,0.0,0.05,0.0,0,1B8A.A,0.013800454774064417,0.030688783658596015,0.021335082258149476,0,0,0,0,0,0
306_1B8A.A,0.0,0.1,7e-05,0,1B8A.A,0.023811848183141627,0.035178805037738285,0.03701734982221117,0,0,0,0,0,0
305_1B8A.A,0.0,0.0,0.0,0,1B8A.A,0.011911687957688459,0.026758546855358632,0.005664252117463797,0,0,0,0,0,0
304_1B8A.A,0.0,0.56,7e-05,0,1B8A.A,0.05019692100598444,0.11779557586991905,0.18118898711651943,0,0,0,0,0,0
303_1B8A.A,0.0,0.89,7e-05,0,1B8A.A,0.28254590000613145,0.2530746825416982,0.28461646604504487,0,0,0,0,0,0
302_1B8A.A,0.0,0.0,0.0,0,1B8A.A,0.011911687957688459,0.026758546855358632,0.005664252117463797,0,0,0,0,0,0
301_1B8A.A,0.0,0.2,7e-05,0,1B8A.A,0.0352916590383398,0.046118755478076624,0.06835901010358253,0,0,0,0,0,0
300_1B8A.A,0.0,0.21,7e-05,0,1B8A.A,0.03512766229752362,0.04737613514753516,0.07149317613171965,0,0,0,0,0,0
299_1B8A.A,0.0,0.0,7e-05,0,1B8A.A,0.011911687957688459,0.026761143432234433,0.005675689540839817,0,0,0,0,0,0
298_1B8A.A,0.0,0.3,0.00014,0,1B8A.A,0.0350896534066648,0.06025402523955109,0.09971210780832988,0,0,0,0,0,0
297_1B8A.A,0.0,0.34,7e-05,0,1B8A.A,0.03588304969112174,0.0669652823174517,0.11223733449750242,0,0,0,0,0,0
296_1B8A.A,0.0,0.3,7e-05,0,1B8A.A,0.0350896534066648,0.06024838009497602,0.09970067038495387,0,0,0,0,0,0
295_1B8A.A,0.0,0.61,7e-05,0,1B8A.A,0.05880778990616051,0.13326619415123453,0.19685981725720508,0,0,0,0,0,0
294_1B8A.A,0.0,0.14,0.00029,0,1B8A.A,0.025926630538078296,0.03922922465393878,0.04958996012251292,0,0,0,0,0,0
293_1B8A.A,0.0,0.03,0.00014,0,1B8A.A,0.013800454774064417,0.02905935130069888,0.015089625048627242,0,0,0,0,0,0
292_1B8A.A,0.0,0.0,0.0,0,1B8A.A,0.011911687957688459,0.026758546855358632,0.005664252117463797,0,0,0,0,0,0
291_1B8A.A,0.0,0.0,0.00022,0,1B8A.A,0.011911687957688459,0.026766708350688388,0.005700198305217001,0,0,0,0,0,0
290_1B8A.A,0.0,0.06,0.00058,0,1B8A.A,0.013736795909734542,0.03156463323161018,0.024564015508545055,0,0,0,0,0,0
317_1B8A.A,0.0,0.0,0.00014,0,1B8A.A,0.011911687957688459,0.02676374025414609,0.0056871269642158355,0,0,0,0,0,0
318_1B8A.A,0.0,0.43,7e-05,0,1B8A.A,0.04459308428339848,0.08468680402937813,0.14044482875073663,0,0,0,0,0,0
319_1B8A.A,0.0,0.23,0.00036,0,1B8A.A,0.03245536104146887,0.050008855603549694,0.07780889179912316,0,0,0,0,0,0
334_1B8A.A,0.0,0.03,7e-05,0,1B8A.A,0.013800454774064417,0.02905653839108362,0.015078187625251222,0,0,0,0,0,0
346_1B8A.A,0.0,0.02,0.00065,0,1B8A.A,0.013044504480930095,0.028293641179784796,0.012038788819372533,0,0,0,0,0,0
345_1B8A.A,0.0,0.06,0.0021,0,1B8A.A,0.013988661840038554,0.03163087851935557,0.024812370987567188,0,0,0,0,0,0
344_1B8A.A,0.0,0.02,0.00493,0,1B8A.A,0.013649034567402109,0.02846172134038233,0.012738105562934855,0,0,0,0,0,0
343_1B8A.A,0.0,0.0,0.0013,0,1B8A.A,0.011848029093358583,0.02680680899782293,0.0058766614087327265,0,0,0,0,0,0
342_1B8A.A,0.0,0.01,0.00029,0,1B8A.A,0.011628737257262491,0.027514359614463003,0.008845801756730155,0,0,0,0,0,0
341_1B8A.A,0.0,0.0,0.00217,0,1B8A.A,0.012099895023662594,0.026839154778130366,0.006018812242120395,0,0,0,0,0,0
340_1B8A.A,0.0,0.0,0.0,0,1B8A.A,0.011911687957688459,0.026758546855358632,0.005664252117463797,0,0,0,0,0,0
339_1B8A.A,0.0,0.0,0.0,0,1B8A.A,0.011911687957688459,0.026758546855358632,0.005664252117463797,0,0,0,0,0,0
338_1B8A.A,0.0,0.0,0.0,0,1B8A.A,0.011911687957688459,0.026758546855358632,0.005664252117463797,0,0,0,0,0,0
337_1B8A.A,0.0,0.01,0.0,0,1B8A.A,0.011692396121592365,0.027503309789948846,0.008798418145600933,0,0,0,0,0,0
336_1B8A.A,0.0,0.0,0.0,0,1B8A.A,0.011911687957688459,0.026758546855358632,0.005664252117463797,0,0,0,0,0,0
335_1B8A.A,0.0,0.01,0.0,0,1B8A.A,0.011692396121592365,0.027503309789948846,0.008798418145600933,0,0,0,0,0,0
333_1B8A.A,0.0,0.0,0.0,0,1B8A.A,0.011911687957688459,0.026758546855358632,0.005664252117463797,0,0,0,0,0,0
320_1B8A.A,0.0,0.06,0.00058,0,1B8A.A,0.013736795909734542,0.03156463323161018,0.024564015508545055,0,0,0,0,0,0
332_1B8A.A,0.0,0.0,0.0,0,1B8A.A,0.011911687957688459,0.026758546855358632,0.005664252117463797,0,0,0,0,0,0
331_1B8A.A,0.0,0.0,0.0,0,1B8A.A,0.011911687957688459,0.026758546855358632,0.005664252117463797,0,0,0,0,0,0
330_1B8A.A,0.0,0.01,0.00145,0,1B8A.A,0.011628737257262491,0.027558602065982502,0.009035336201247047,0,0,0,0,0,0
329_1B8A.A,0.0,0.03,0.00196,0,1B8A.A,0.013766983273798656,0.02913257973944184,0.015386998056403742,0,0,0,0,0,0
328_1B8A.A,0.0,0.0,0.0,0,1B8A.A,0.011911687957688459,0.026758546855358632,0.005664252117463797,0,0,0,0,0,0
327_1B8A.A,0.0,0.0,0.0,0,1B8A.A,0.011911687957688459,0.026758546855358632,0.005664252117463797,0,0,0,0,0,0
326_1B8A.A,0.0,0.0,0.0,0,1B8A.A,0.011911687957688459,0.026758546855358632,0.005664252117463797,0,0,0,0,0,0
325_1B8A.A,0.0,0.0,0.0,0,1B8A.A,0.011911687957688459,0.026758546855358632,0.005664252117463797,0,0,0,0,0,0
324_1B8A.A,0.0,0.09,0.0,0,1B8A.A,0.014862135517049983,0.03423021752787754,0.033871746370698015,0,0,0,0,0,0
323_1B8A.A,0.0,0.0,0.0,0,1B8A.A,0.011911687957688459,0.026758546855358632,0.005664252117463797,0,0,0,0,0,0
322_1B8A.A,0.0,0.19,0.00014,0,1B8A.A,0.02987607411011561,0.044897449599418666,0.06523628149882141,0,0,0,0,0,0
321_1B8A.A,0.0,0.17,0.00116,0,1B8A.A,0.027653090205019458,0.042597804462713176,0.059134609040311994,0,0,0,0,0,0
413_1B8A.A,0.0,0.0,0.0,0,1B8A.A,0.011911687957688459,0.026758546855358632,0.005664252117463797,0,0,0,0,0,0
415_1B8A.A,0.0,0.0,7e-05,0,1B8A.A,0.011911687957688459,0.026761143432234433,0.005675689540839817,0,0,0,0,0,0
138_1CLI.A,0.122,0.96,0.00423,0,1CLI.A,0.23329810369579806,0.3268303099079701,0.33116220640681693,0,1,0,0,1,0
70_1CLI.A,0.0,0.0,0.0,0,1CLI.A,0.011911687957688459,0.026758546855358632,0.005664252117463797,0,0,0,0,0,0
101_1CLI.A,0.0,0.93,0.01362,0,1CLI.A,0.23590730819299058,0.27886278680524884,0.29936708853966576,0,0,0,0,0,0
100_1CLI.A,0.0,0.0,0.0,0,1CLI.A,0.011911687957688459,0.026758546855358632,0.005664252117463797,0,0,0,0,0,0
99_1CLI.A,0.0,0.35,8e-05,0,1CLI.A,0.03588304969112174,0.06875096874079241,0.11537313444326469,0,0,0,0,0,0
97_1CLI.A,0.0,0.82,0.00042,0,1CLI.A,0.1876588843058774,0.21766808232515988,0.262734490964965,0,0,0,0,0,0
96_1CLI.A,0.0,0.0,0.0,0,1CLI.A,0.011911687957688459,0.026758546855358632,0.005664252117463797,0,0,0,0,0,0
95_1CLI.A,0.0,0.0,0.0,0,1CLI.A,0.011911687957688459,0.026758546855358632,0.005664252117463797,0,0,0,0,0,0
93_1CLI.A,0.0,0.0,0.0,0,1CLI.A,0.011911687957688459,0.026758546855358632,0.005664252117463797,0,0,0,0,0,0
92_1CLI.A,0.0,0.0,0.0,0,1CLI.A,0.011911687957688459,0.026758546855358632,0.005664252117463797,0,0,0,0,0,0
91_1CLI.A,0.0,0.0,0.0,0,1CLI.A,0.011911687957688459,0.026758546855358632,0.005664252117463797,0,0,0,0,0,0
90_1CLI.A,0.0,0.0,8e-05,0,1CLI.A,0.011911687957688459,0.02676151439179053,0.005677323458464962,0,0,0,0,0,0
89_1CLI.A,0.0,0.0,0.0,0,1CLI.A,0.011911687957688459,0.026758546855358632,0.005664252117463797,0,0,0,0,0,0
88_1CLI.A,0.0,0.0,0.0,0,1CLI.A,0.011911687957688459,0.026758546855358632,0.005664252117463797,0,0,0,0,0,0
87_1CLI.A,0.0,0.0,0.0,0,1CLI.A,0.011911687957688459,0.026758546855358632,0.005664252117463797,0,0,0,0,0,0
86_1CLI.A,0.0,0.0,0.0,0,1CLI.A,0.011911687957688459,0.026758546855358632,0.005664252117463797,0,0,0,0,0,0
85_1CLI.A,0.0,0.0,0.00998,0,1CLI.A,0.013279529798889356,0.027131227763361306,0.007294901907359117,0,0,0,0,0,0
84_1CLI.A,0.0,0.0,0.0,0,1CLI.A,0.011911687957688459,0.026758546855358632,0.005664252117463797,0,0,0,0,0,0
83_1CLI.A,0.0,0.0,0.0,0,1CLI.A,0.011911687957688459,0.026758546855358632,0.005664252117463797,0,0,0,0,0,0
82_1CLI.A,0.0,0.02,0.01565,0,1CLI.A,0.015438654778128523,0.0288869719784836,0.01448966525709095,0,0,0,0,0,0
81_1CLI.A,0.0,0.04,0.02783,0,1CLI.A,0.018468829886740624,0.03103032506843389,0.022748108980792575,0,0,0,0,0,0
80_1CLI.A,0.0,0.0,0.00744,0,1CLI.A,0.012949580032353771,0.02703590114832783,0.006879886830572132,0,0,0,0,0,0
79_1CLI.A,0.0,0.05,0.03122,0,1CLI.A,0.02147774323044678,0.032039491090416934,0.026436173083854073,0,0,0,0,0,0
78_1CLI.A,0.0,0.38,0.10312,0,1CLI.A,0.059237335213771995,0.08512841563662289,0.14161151973717648,0,0,0,0,0,0
77_1CLI.A,0.0,0.0,0.0209,0,1CLI.A,0.015768783768895903,0.02754479197854631,0.009079139954018125,0,0,0,0,0,0
76_1CLI.A,0.0,0.26,0.06201,0,1CLI.A,0.04680198756055955,0.058867709853711876,0.09728449204255725,0,0,0,0,0,0
75_1CLI.A,0.0,0.0,0.05194,0,1CLI.A,0.026965147534841444,0.028754067929604974,0.014150820262470101,0,0,0,0,0,0
74_1CLI.A,0.0,0.0,0.0,0,1CLI.A,0.011911687957688459,0.026758546855358632,0.005664252117463797,0,0,0,0,0,0
73_1CLI.A,0.0,0.0,0.00482,0,1CLI.A,0.012260284256119898,0.02693791331434711,0.006451800412783982,0,0,0,0,0,0
102_1CLI.A,0.0,0.0,0.00034,0,1CLI.A,0.011848029093358583,0.026771161095714105,0.005719805316718748,0,0,0,0,0,0
103_1CLI.A,0.0,0.0,0.00051,0,1CLI.A,0.011848029093358583,0.026777470384296335,0.005747581916346224,0,0,0,0,0,0
105_1CLI.A,0.0,0.0,8e-05,0,1CLI.A,0.011911687957688459,0.02676151439179053,0.005677323458464962,0,0,0,0,0,0
124_1CLI.A,0.0,0.02,0.02665,0,1CLI.A,0.017697186388076557,0.029329736178575264,0.016286974644751123,0,0,0,0,0,0
136_1CLI.A,0.0,0.0,8e-05,0,1CLI.A,0.011911687957688459,0.02676151439179053,0.005677323458464962,0,0,0,0,0,0
135_1CLI.A,0.0,0.0,0.00017,0,1CLI.A,0.011911687957688459,0.026764853252838876,0.005692028717091273,0,0,0,0,0,0
134_1CLI.A,0.0,0.13,0.01582,0,1CLI.A,0.02756501304985686,0.039000008633625446,0.048993268166226914,0,0,0,0,0,0
133_1CLI.A,0.0,0.0,0.00237,0,1CLI.A,0.012099895023662594,0.026846595953241213,0.006051490594623307,0,0,0,0,0,0
132_1CLI.A,0.0,0.14,0.06167,0,1CLI.A,0.041209999752731215,0.042660252291547324,0.05961894650565668,0,0,0,0,0,0
131_1CLI.A,0.0,0.29,0.06632,0,1CLI.A,0.04812961598145521,0.06410395030566335,0.1073912086234064,0,0,0,0,0,0
130_1CLI.A,0.0,0.0,0.00127,0,1CLI.A,0.011848029093358583,0.026805694302482384,0.00587175965585729,0,0,0,0,0,0
129_1CLI.A,0.0,0.0,0.00034,0,1CLI.A,0.011848029093358583,0.026771161095714105,0.005719805316718748,0,0,0,0,0,0
128_1CLI.A,0.0,0.04,0.06988,0,1CLI.A,0.0350729557255625,0.03288258209891067,0.029618732594529868,0,0,0,0,0,0
127_1CLI.A,0.0,0.0,0.00524,0,1CLI.A,0.01272638021532879,0.026953598014751133,0.006520424953040098,0,0,0,0,0,0
126_1CLI.A,0.0,0.0,0.0,0,1CLI.A,0.011911687957688459,0.026758546855358632,0.005664252117463797,0,0,0,0,0,0
125_1CLI.A,0.0,0.0,0.00338,0,1CLI.A,0.012260284256119898,0.026884204544374086,0.006216516274763014,0,0,0,0,0,0
123_1CLI.A,0.0,0.0,0.0,0,1CLI.A,0.011911687957688459,0.026758546855358632,0.005664252117463797,0,0,0,0,0,0
109_1CLI.A,0.0,0.0,0.00034,0,1CLI.A,0.011848029093358583,0.026771161095714105,0.005719805316718748,0,0,0,0,0,0
122_1CLI.A,0.0,0.0,0.0,0,1CLI.A,0.011911687957688459,0.026758546855358632,0.005664252117463797,0,0,0,0,0,0
121_1CLI.A,0.0,0.02,0.00677,0,1CLI.A,0.014146055419925281,0.028534277652299163,0.013038746405961647,0,0,0,0,0,0
120_1CLI.A,0.0,0.0,0.00947,0,1CLI.A,0.013195090126348879,0.02711206120000527,0.007211572108476691,0,0,0,0,0,0
119_1CLI.A,0.0,0.0,0.0,0,1CLI.A,0.011911687957688459,0.026758546855358632,0.005664252117463797,0,0,0,0,0,0
118_1CLI.A,0.0,0.0,0.05101,0,1CLI.A,0.02623503850369739,0.028717098741182022,0.01399886592333156,0,0,0,0,0,0
117_1CLI.A,0.0,0.08,0.20286,0,1CLI.A,0.081581132851895,0.04397753701979327,0.06388323328626475,0,0,1,0,0,0
116_1CLI.A,0.0,0.01,0.11996,0,1CLI.A,0.040697712024059376,0.032461449440143966,0.028398893976847684,0,0,0,0,0,0
115_1CLI.A,0.0,0.03,0.24059,0,1CLI.A,0.08305311001260163,0.040447833304432246,0.05437717434525346,0,0,1,0,0,0
114_1CLI.A,0.0,0.0,0.18526,0,1CLI.A,0.07715700903960959,0.03455911165848415,0.035934210040911393,0,0,1,0,0,0
113_1CLI.A,0.051,0.19,0.40318,0,1CLI.A,0.13023046558376802,0.08180563394184023,0.14109191295506984,0,0,1,0,0,0
112_1CLI.A,0.0,0.0,0.03333,0,1CLI.A,0.022259206219865976,0.028022999259731604,0.011110099562074118,0,0,0,0,0,0
111_1CLI.A,0.0,0.0,0.00262,0,1CLI.A,0.012099895023662594,0.026855900243325882,0.006092338535251947,0,0,0,0,0,0
71_1CLI.A,0.0,0.0,0.00076,0,1CLI.A,0.011848029093358583,0.026786751376798576,0.005788429856974864,0,0,0,0,0,0
69_1CLI.A,0.0,0.97,0.00288,0,1CLI.A,0.2530975071900869,0.2989014242226336,0.31014892512280784,0,1,0,0,0,0
416_1B8A.A,0.0,0.0,0.0,0,1B8A.A,0.011911687957688459,0.026758546855358632,0.005664252117463797,0,0,0,0,0,0
68_1CLI.A,0.173,0.79,0.00034,0,1CLI.A,0.23678195455402573,0.24186630631047565,0.28724800546468376,1,0,0,0,0,0
22_1CLI.A,0.0,0.0,0.00491,0,1CLI.A,0.012260284256119898,0.026941273574316398,0.006466505671410292,0,0,0,0,0,0
21_1CLI.A,0.0,0.22,0.10997,0,1CLI.A,0.05913485050615948,0.05644682425708704,0.09258409686020706,0,0,0,0,0,0
19_1CLI.A,0.073,0.0,0.00169,0,1CLI.A,0.023789411478090154,0.029373087268609318,0.020257280881284426,0,0,0,0,0,0
18_1CLI.A,0.0,0.0,0.03401,0,1CLI.A,0.022259206219865976,0.02804939158060879,0.01122120596058402,0,0,0,0,0,0
17_1CLI.A,0.0,0.6,0.16691,0,1CLI.A,0.09302816958968921,0.1593634285885935,0.2209859328869973,0,0,1,0,0,0
16_1CLI.A,0.18,0.89,0.04306,0,1CLI.A,0.22124173178270223,0.3120650250931009,0.32694261494747445,1,0,0,0,0,0
15_1CLI.A,0.18,0.61,0.50867,0,1CLI.A,0.3268328256546051,0.2854838524602636,0.3152628047040394,1,0,1,0,0,1
13_1CLI.A,0.432,0.87,0.45275,0,1CLI.A,0.4651633156811513,0.5148442940062157,0.43703696592049057,1,0,1,1,1,1
12_1CLI.A,0.569,0.89,0.49987,0,1CLI.A,0.48901734503126626,0.5886604982877898,0.4778730143451967,1,0,1,1,1,1
9_1CLI.A,0.159,0.97,1.0,0,1CLI.A,0.5791924506680673,0.6838074278249193,0.5042534970728639,0,1,1,1,1,1
437_1B8A.A,0.0,0.97,0.35007,0,1B8A.A,0.41112899620086607,0.4114355232752547,0.36687691115023835,0,1,1,0,0,1
435_1B8A.A,0.262,0.0,0.03565,0,1B8A.A,0.12306375111738094,0.03888825229513925,0.0628730990198039,0,0,0,0,0,0
434_1B8A.A,0.262,0.78,0.02304,0,1B8A.A,0.2597176410002718,0.26417932184281134,0.30527767908919184,0,0,0,0,0,0
430_1B8A.A,0.0,0.0,0.02884,0,1B8A.A,0.01706502352633818,0.027849336727250883,0.01037647054838374,0,0,0,0,0,0
429_1B8A.A,0.0,0.97,0.99319,0,1B8A.A,0.4735400717372211,0.6359798263241094,0.47195742145860287,0,1,1,1,1,1
428_1B8A.A,0.0,0.97,0.71623,0,1B8A.A,0.4649056391540167,0.5407805088118319,0.42670443891257004,0,1,1,1,1,1
427_1B8A.A,0.0,0.0,0.18884,0,1B8A.A,0.07509367512564939,0.03472964205240661,0.036519152550713516,0,0,0,0,0,0
426_1B8A.A,0.0,0.0,0.00696,0,1B8A.A,0.012949580032353771,0.027017923287620475,0.006801458784565143,0,0,0,0,0,0
425_1B8A.A,0.0,0.0,0.00058,0,1B8A.A,0.011848029093358583,0.02678006874693212,0.005759019339722242,0,0,0,0,0,0
424_1B8A.A,0.0,0.0,0.0,0,1B8A.A,0.011911687957688459,0.026758546855358632,0.005664252117463797,0,0,0,0,0,0
423_1B8A.A,0.0,0.0,0.0,0,1B8A.A,0.011911687957688459,0.026758546855358632,0.005664252117463797,0,0,0,0,0,0
422_1B8A.A,0.0,0.85,0.00029,0,1B8A.A,0.2162364217986908,0.2323945935668112,0.2721157481202495,0,0,0,0,0,0
421_1B8A.A,0.0,0.91,0.0008,0,1B8A.A,0.2278186762649099,0.2640925165218458,0.29100407408795476,0,0,0,0,0,0
420_1B8A.A,0.0,0.45,0.00087,0,1B8A.A,0.04062446713400216,0.08925779189603124,0.14684387421702255,0,0,0,0,0,0
419_1B8A.A,0.0,0.26,0.00094,0,1B8A.A,0.03245536104146887,0.05422961759955647,0.08730615710579301,0,0,0,0,0,0
418_1B8A.A,0.0,0.0,0.00065,0,1B8A.A,0.011848029093358583,0.026782667354762483,0.005770456763098262,0,0,0,0,0,0
417_1B8A.A,0.0,0.0,0.0,0,1B8A.A,0.011911687957688459,0.026758546855358632,0.005664252117463797,0,0,0,0,0,0
23_1CLI.A,0.0,0.23,0.04458,0,1CLI.A,0.04451277479294071,0.05308724359120967,0.08503407553751705,0,0,0,0,0,0
24_1CLI.A,0.0,0.29,0.11133,0,1CLI.A,0.060265851627525915,0.06805922611344369,0.11474547185418679,0,0,0,0,0,0
25_1CLI.A,0.0,0.04,0.17274,0,1CLI.A,0.06484716998658599,0.03787423998124722,0.046425209286777624,0,0,1,0,0,0
41_1CLI.A,0.0,0.17,0.07208,0,1CLI.A,0.04903862673990777,0.04691306325896855,0.07072235283784467,0,0,0,0,0,0
67_1CLI.A,0.0,0.0,0.00017,0,1CLI.A,0.011911687957688459,0.026764853252838876,0.005692028717091273,0,0,0,0,0,0
65_1CLI.A,0.237,0.9,0.00034,0,1CLI.A,0.42951156248004563,0.3208000381216278,0.3342756316077668,1,0,0,0,1,1
58_1CLI.A,0.0,0.96,0.01624,0,1CLI.A,0.25559955612947394,0.29697926665886176,0.30919767304186524,0,1,0,0,0,0
57_1CLI.A,0.0,0.71,0.01836,0,1CLI.A,0.09962969464838038,0.1730514642447741,0.23118991287496773,0,0,0,0,0,0
56_1CLI.A,0.0,0.97,0.08265,0,1CLI.A,0.27119113795772476,0.323240625934182,0.3231826860185944,0,1,0,0,0,0
55_1CLI.A,0.0,0.0,0.04044,0,1CLI.A,0.02408579955763844,0.028300150437575795,0.012271814993552649,0,0,0,0,0,0
54_1CLI.A,0.0,0.78,0.06522,0,1CLI.A,0.1499363025154296,0.21418431354699852,0.26078561306336,0,0,0,0,0,0
53_1CLI.A,0.0,0.99,0.11488,0,1CLI.A,0.3075965393222203,0.34602052603565375,0.33471713458071295,0,1,0,1,1,0
52_1CLI.A,0.0,0.0,0.04027,0,1CLI.A,0.02408579955763844,0.02829349280642992,0.012244038393925172,0,0,0,0,0,0
50_1CLI.A,0.0,0.9,0.03409,0,1CLI.A,0.19484740454450974,0.26784022272990926,0.2933092198339273,0,0,0,0,0,0
44_1CLI.A,0.0,0.97,0.06421,0,1CLI.A,0.2579041631989816,0.31752209712675616,0.3201697419178259,0,1,0,0,0,0
42_1CLI.A,0.0,0.51,0.07943,0,1CLI.A,0.06677293499968179,0.11491093567512825,0.1784849272489893,0,0,0,0,0,0
40_1CLI.A,0.0,0.33,0.10549,0,1CLI.A,0.05783724014530475,0.07499782183299243,0.12632792807365031,0,0,0,0,0,0
26_1CLI.A,0.0,0.0,0.02673,0,1CLI.A,0.016500711000505038,0.02776808842526789,0.010031713929478017,0,0,0,0,0,0
38_1CLI.A,0.0,0.0,0.04957,0,1CLI.A,0.02623503850369739,0.02865994711504741,0.013763581785310591,0,0,0,0,0,0
37_1CLI.A,0.0,0.61,0.06801,0,1CLI.A,0.06869310482755947,0.14484521427381994,0.20796065360244437,0,0,0,0,0,0
36_1CLI.A,0.0,0.99,0.12021,0,1CLI.A,0.3091883442451935,0.3477404077887703,0.33558801267491556,0,1,0,1,1,1
35_1CLI.A,0.0,0.0,0.06294,0,1CLI.A,0.02745692332455934,0.029194856288277466,0.015948129650130274,0,0,0,0,0,0
34_1CLI.A,0.0,0.81,0.12884,0,1CLI.A,0.18557046152238743,0.2451557116321597,0.2805830950789478,0,0,0,0,0,0
33_1CLI.A,0.0,0.0,0.01218,0,1CLI.A,0.0136725739971429,0.02721405812186441,0.007654363784891151,0,0,0,0,0,0
32_1CLI.A,0.0,0.31,0.12038,0,1CLI.A,0.06059760255998188,0.0725902278093479,0.12249249936121785,0,0,0,0,0,0
31_1CLI.A,0.0,0.83,0.13679,0,1CLI.A,0.20642733897862278,0.25791018492143025,0.2881503916472128,0,0,0,0,0,0
30_1CLI.A,0.0,0.0,0.00102,0,1CLI.A,0.011848029093358583,0.026796406927405845,0.005830911715228649,0,0,0,0,0,0
29_1CLI.A,0.0,0.38,0.04805,0,1CLI.A,0.046556626058756406,0.07921516196319352,0.1326135353754996,0,0,0,0,0,0
28_1CLI.A,0.0,0.79,0.08155,0,1CLI.A,0.1682207674686061,0.22297572604843688,0.26658796657336,0,0,0,0,0,0
27_1CLI.A,0.0,0.98,0.13594,0,1CLI.A,0.3125939839236533,0.34642290528142655,0.3350239990711325,0,1,0,1,1,1
289_1B8A.A,0.0,0.0,7e-05,0,1B8A.A,0.011911687957688459,0.026761143432234433,0.005675689540839817,0,0,0,0,0,0
288_1B8A.A,0.0,0.0,0.0,0,1B8A.A,0.011911687957688459,0.026758546855358632,0.005664252117463797,0,0,0,0,0,0
287_1B8A.A,0.0,0.02,0.0013,0,1B8A.A,0.013044504480930095,0.028319105168941677,0.012144993465006998,0,0,0,0,0,0
66_1B8A.A,0.0,0.0,7e-05,0,1B8A.A,0.011911687957688459,0.026761143432234433,0.005675689540839817,0,0,0,0,0,0
96_1B8A.A,0.0,0.82,0.04065,0,1B8A.A,0.1568463457537958,0.22758319897036713,0.26930774157092574,0,0,0,0,0,0
95_1B8A.A,0.0,0.0,0.00471,0,1B8A.A,0.012260284256119898,0.026933806883342196,0.00643382731890738,0,0,0,0,0,0
94_1B8A.A,0.0,0.15,0.02754,0,1B8A.A,0.03078245308437628,0.041835111684066555,0.057176551679171836,0,0,0,0,0,0
93_1B8A.A,0.0,0.07,0.00043,0,1B8A.A,0.014037852338967392,0.03243199921769857,0.027673672772305008,0,0,0,0,0,0
92_1B8A.A,0.0,0.0,0.0,0,1B8A.A,0.011911687957688459,0.026758546855358632,0.005664252117463797,0,0,0,0,0,0
91_1B8A.A,0.0,0.3,0.00029,0,1B8A.A,0.03245536104146887,0.0602661236448809,0.09973661657270708,0,0,0,0,0,0
90_1B8A.A,0.0,0.0,0.0,0,1B8A.A,0.011911687957688459,0.026758546855358632,0.005664252117463797,0,0,0,0,0,0
89_1B8A.A,0.0,0.0,0.00065,0,1B8A.A,0.011848029093358583,0.026782667354762483,0.005770456763098262,0,0,0,0,0,0
88_1B8A.A,0.0,0.0,0.00109,0,1B8A.A,0.011848029093358583,0.02679900707695826,0.005842349138604669,0,0,0,0,0,0
87_1B8A.A,0.0,0.69,0.00232,0,1B8A.A,0.09964764906204097,0.16199820174748208,0.22230077694795988,0,0,0,0,0,0
86_1B8A.A,0.0,0.86,0.00377,0,1B8A.A,0.16563165220795842,0.2383649594594785,0.2758185174819373,0,0,0,0,0,0
85_1B8A.A,0.0,0.87,0.00493,0,1B8A.A,0.17487312531807028,0.24383010027937682,0.2791422179545913,0,0,0,0,0,0
84_1B8A.A,0.0,0.0,0.00225,0,1B8A.A,0.012099895023662594,0.026842131007470318,0.00603188358312156,0,0,0,0,0,0
83_1B8A.A,0.0,0.67,0.00297,0,1B8A.A,0.06724379904377026,0.15460308728096056,0.21613864953732012,0,0,0,0,0,0
82_1B8A.A,0.0,0.91,0.00312,0,1B8A.A,0.22619661549181994,0.26473521179950643,0.29138314297698853,0,0,0,0,0,0
81_1B8A.A,0.0,0.94,0.00159,0,1B8A.A,0.23822516246225642,0.28109715456148004,0.30053565166475266,0,0,0,0,0,0
80_1B8A.A,0.0,0.2,0.00196,0,1B8A.A,0.03268755403720798,0.04623732249967559,0.06866782053473505,0,0,0,0,0,0
79_1B8A.A,0.0,0.12,0.00058,0,1B8A.A,0.0247613386944936,0.03717136563119359,0.04336901167736786,0,0,0,0,0,0
78_1B8A.A,0.0,0.0,0.0,0,1B8A.A,0.011911687957688459,0.026758546855358632,0.005664252117463797,0,0,0,0,0,0
77_1B8A.A,0.0,0.28,0.00022,0,1B8A.A,0.04017512349213488,0.05714275985030207,0.0934568470930568,0,0,0,0,0,0
76_1B8A.A,0.0,0.0,0.0,0,1B8A.A,0.011911687957688459,0.026758546855358632,0.005664252117463797,0,0,0,0,0,0
75_1B8A.A,0.0,0.33,0.00551,0,1B8A.A,0.033333712163439076,0.06569759149353939,0.1099920196574445,0,0,0,0,0,0
74_1B8A.A,0.0,0.0,0.00036,0,1B8A.A,0.011848029093358583,0.026771903289916354,0.005723073151969039,0,0,0,0,0,0
73_1B8A.A,0.0,0.0,0.01478,0,1B8A.A,0.0136725739971429,0.02731226547489312,0.00807918236742901,0,0,0,0,0,0
72_1B8A.A,0.0,0.0,0.02768,0,1B8A.A,0.016580063070364665,0.027804640877091835,0.01018693610386685,0,0,0,0,0,0
70_1B8A.A,0.0,0.0,0.00732,0,1B8A.A,0.012949580032353771,0.027031405593120852,0.006860279819070385,0,0,0,0,0,0
68_1B8A.A,0.0,0.31,0.00159,0,1B8A.A,0.03324875732592581,0.061991772876497445,0.10308319189211314,0,0,0,0,0,0
97_1B8A.A,0.0,0.97,0.07725,0,1B8A.A,0.2645595521796284,0.32156042448975236,0.3223003705010158,0,1,0,0,0,0
98_1B8A.A,0.262,0.99,0.42928,0,1B8A.A,0.49576503210687756,0.5366401459191158,0.43747143528398696,1,1,1,1,1,1
100_1B8A.A,0.0,0.63,0.15659,0,1B8A.A,0.09567014208053841,0.16895985444986453,0.22870222798225845,0,0,0,0,0,0
118_1B8A.A,0.0,0.93,0.00203,0,1B8A.A,0.23502526819274155,0.2755552922885991,0.297473378012122,0,0,0,0,0,0
133_1B8A.A,0.0,0.0,0.00348,0,1B8A.A,0.012260284256119898,0.026887930953277368,0.0062328554510144695,0,0,0,0,0,0
132_1B8A.A,0.0,0.14,0.00196,0,1B8A.A,0.02595681790214241,0.039318971985079415,0.04986282436591224,0,0,0,0,0,0
131_1B8A.A,0.0,0.21,0.00232,0,1B8A.A,0.0327452358626317,0.047520976698416345,0.07186080759737742,0,0,0,0,0,0
130_1B8A.A,0.0,0.0,0.00239,0,1B8A.A,0.012099895023662594,0.026847340181081685,0.006054758429873598,0,0,0,0,0,0
128_1B8A.A,0.0,0.53,0.36848,0,1B8A.A,0.18891572181831007,0.17173181681379648,0.23198164826009743,0,0,1,0,0,0
127_1B8A.A,0.0,0.0,0.00232,0,1B8A.A,0.012099895023662594,0.026844735471407637,0.006043321006497579,0,0,0,0,0,0
126_1B8A.A,0.0,0.0,0.09094,0,1B8A.A,0.03626909807447098,0.030346635065469953,0.020523099000537982,0,0,0,0,0,0
124_1B8A.A,0.0,0.0,0.39667,0,1B8A.A,0.08716501096359627,0.04614144956227674,0.07047686255411476,0,0,1,0,0,0
122_1B8A.A,0.0,0.97,0.19399,0,1B8A.A,0.40616411330126423,0.3588548442842488,0.34137472485696563,0,1,0,0,0,1
121_1B8A.A,0.0,0.0,0.0542,0,1B8A.A,0.027100222101277972,0.028844099615071436,0.014520085645753009,0,0,0,0,0,0
120_1B8A.A,0.0,0.0,0.0008,0,1B8A.A,0.011848029093358583,0.026788236625869776,0.005794965527475446,0,0,0,0,0,0
119_1B8A.A,0.0,0.74,0.00377,0,1B8A.A,0.12950118420980794,0.18238376497332479,0.23820852514429172,0,0,0,0,0,0
117_1B8A.A,0.0,0.84,0.00014,0,1B8A.A,0.25035706390704154,0.22736138996572308,0.2689570733277352,0,0,0,0,0,0
101_1B8A.A,0.0,0.89,0.06964,0,1B8A.A,0.19275777845533526,0.27225878870957654,0.2959836309631829,0,0,0,0,0,0
116_1B8A.A,0.0,0.94,0.0008,0,1B8A.A,0.2407418375934567,0.280869830047657,0.30040657217236616,0,0,0,0,0,0
115_1B8A.A,0.0,0.69,0.00029,0,1B8A.A,0.12779576768161413,0.16160607524606177,0.22196909167005532,0,0,0,0,0,0
114_1B8A.A,0.0,0.95,0.00152,0,1B8A.A,0.24167139366269272,0.28681414723116433,0.30365838026951375,0,0,0,0,0,0
113_1B8A.A,0.0,0.93,0.00065,0,1B8A.A,0.23955586590119282,0.2751630983023489,0.2972478973798519,0,0,0,0,0,0
112_1B8A.A,0.0,0.84,0.00297,0,1B8A.A,0.16115620221768942,0.22807024270984225,0.2694194720156514,0,0,0,0,0,0
111_1B8A.A,0.0,0.14,0.00174,0,1B8A.A,0.02595681790214241,0.039307137730993355,0.049826878178159034,0,0,0,0,0,0
110_1B8A.A,0.0,0.41,0.00203,0,1B8A.A,0.03754604296027082,0.08062014624044855,0.13449674454899088,0,0,0,0,0,0
109_1B8A.A,0.0,0.0,0.00051,0,1B8A.A,0.011848029093358583,0.026777470384296335,0.005747581916346224,0,0,0,0,0,0
108_1B8A.A,0.0,0.97,0.00036,0,1B8A.A,0.3132438302726878,0.2981498128903269,0.30973717788127114,0,1,0,0,0,0
107_1B8A.A,0.0,0.0,0.00051,0,1B8A.A,0.011848029093358583,0.026777470384296335,0.005747581916346224,0,0,0,0,0,0
105_1B8A.A,0.0,0.96,0.02355,0,1B8A.A,0.2554869692432497,0.29915760938093666,0.3103920668258467,0,0,0,0,0,0
103_1B8A.A,0.0,0.97,0.01116,0,1B8A.A,0.25318194686262735,0.30137863568586526,0.3115018089164284,0,1,0,0,0,0
67_1B8A.A,0.0,0.88,0.0013,0,1B8A.A,0.17518305431843814,0.248104626627712,0.28168327188480063,0,0,0,0,0,0
65_1B8A.A,0.0,0.18,0.00268,0,1B8A.A,0.02790495613532347,0.043854281400972445,0.06251713054747127,0,0,0,0,0,0
286_1B8A.A,0.0,0.01,0.00058,0,1B8A.A,0.011628737257262491,0.027525413752740126,0.008893185367859378,0,0,0,0,0,0
64_1B8A.A,0.0,0.78,0.00109,0,1B8A.A,0.14424755612173495,0.19921221722473673,0.2503072993333012,0,0,0,0,0,0
32_1B8A.A,0.0,0.79,0.00225,0,1B8A.A,0.14442640982924027,0.20402014135712604,0.25363099980595527,0,0,0,0,0,0
31_1B8A.A,0.0,0.95,0.00283,0,1B8A.A,0.24256600802080303,0.28719595676753185,0.3038724234784078,0,0,0,0,0,0
30_1B8A.A,0.0,0.75,0.00167,0,1B8A.A,0.13824823952099197,0.18617578661992837,0.24099956847114826,0,0,0,0,0,0
29_1B8A.A,0.0,0.98,0.00304,0,1B8A.A,0.2658847833634761,0.30489640632751425,0.31330923383294734,0,1,0,0,0,0
28_1B8A.A,0.0,0.88,0.00058,0,1B8A.A,0.18947312144283043,0.24791337193794755,0.28156562981579014,0,0,0,0,0,0
27_1B8A.A,0.0,0.94,0.00304,0,1B8A.A,0.23911977682036675,0.2815146871828155,0.3007725697203988,0,0,0,0,0,0
26_1B8A.A,0.0,0.94,0.00333,0,1B8A.A,0.23911977682036675,0.28159823895558533,0.300819953331528,0,0,0,0,0,0
25_1B8A.A,0.0,0.0,0.0,0,1B8A.A,0.011911687957688459,0.026758546855358632,0.005664252117463797,0,0,0,0,0,0
23_1B8A.A,0.0,0.0,0.08645,0,1B8A.A,0.03578106259522849,0.030159019437581185,0.019789469986847608,0,0,0,0,0,0
22_1B8A.A,0.0,0.0,0.07725,0,1B8A.A,0.03489812877065496,0.02977809979669251,0.01828626577171364,0,0,0,0,0,0
21_1B8A.A,0.0,0.0,0.0013,0,1B8A.A,0.011848029093358583,0.02680680899782293,0.0058766614087327265,0,0,0,0,0,0
20_1B8A.A,0.433,0.09,0.05152,0,1B8A.A,0.1283398358777446,0.06228098014824317,0.12721046072447634,1,0,0,0,0,0
19_1B8A.A,0.0,0.0,0.0008,0,1B8A.A,0.011848029093358583,0.026788236625869776,0.005794965527475446,0,0,0,0,0,0
18_1B8A.A,0.0,0.07,0.0021,0,1B8A.A,0.014289718269271404,0.032506722214464226,0.027946537015704327,0,0,0,0,0,0
17_1B8A.A,0.0,0.2,0.00188,0,1B8A.A,0.03268755403720798,0.046232297916222354,0.06865474919373389,0,0,0,0,0,0
16_1B8A.A,0.0,0.04,0.00022,0,1B8A.A,0.013800454774064417,0.029869488317232632,0.018236862417765544,0,0,0,0,0,0
15_1B8A.A,0.0,0.01,0.00051,0,1B8A.A,0.011628737257262491,0.027522745117423298,0.008881747944483358,0,0,0,0,0,0
14_1B8A.A,0.0,0.02,0.00145,0,1B8A.A,0.013044504480930095,0.0283249846330657,0.01216950222938418,0,0,0,0,0,0
13_1B8A.A,0.0,0.03,0.00196,0,1B8A.A,0.013766983273798656,0.02913257973944184,0.015386998056403742,0,0,0,0,0,0
12_1B8A.A,0.0,0.02,0.00152,0,1B8A.A,0.013044504480930095,0.02832772878853499,0.012180939652760202,0,0,0,0,0,0
11_1B8A.A,0.0,0.06,0.00167,0,1B8A.A,0.013736795909734542,0.03161212444647996,0.024742112529685924,0,0,0,0,0,0
10_1B8A.A,0.022,0.0,0.0008,0,1B8A.A,0.013024102688534753,0.02753279874426314,0.010109646720266714,0,0,0,0,0,0
9_1B8A.A,0.199,0.24,0.06152,0,1B8A.A,0.10567879243328765,0.07082930165879758,0.12996435063017184,0,0,0,0,0,0
8_1B8A.A,0.0,0.47,0.00645,0,1B8A.A,0.04128561062269902,0.09463183848794765,0.15402393230812808,0,0,0,0,0,0
7_1B8A.A,0.022,0.0,0.00087,0,1B8A.A,0.013024102688534753,0.027535468326789037,0.010121084143642732,0,0,0,0,0,0
5_1B8A.A,0.387,0.8,0.01935,0,1B8A.A,0.24800837414346763,0.3072384342969435,0.33545832959173777,1,0,0,0,0,0
4_1B8A.A,0.433,0.92,0.06029,0,1B8A.A,0.34547323163046606,0.4116344016606585,0.38877918681711127,1,0,0,1,1,0
33_1B8A.A,0.0,0.88,0.0021,0,1B8A.A,0.17528006834883988,0.24831724775396288,0.2818139852948123,0,0,0,0,0,0
34_1B8A.A,0.0,0.2,0.00203,0,1B8A.A,0.03282739292634432,0.04624171943643154,0.06867925795811107,0,0,0,0,0,0
35_1B8A.A,0.0,0.0,0.00109,0,1B8A.A,0.011848029093358583,0.02679900707695826,0.005842349138604669,0,0,0,0,0,0
51_1B8A.A,0.0,0.26,0.00094,0,1B8A.A,0.03245536104146887,0.05422961759955647,0.08730615710579301,0,0,0,0,0,0
63_1B8A.A,0.0,0.0,0.0,0,1B8A.A,0.011911687957688459,0.026758546855358632,0.005664252117463797,0,0,0,0,0,0
62_1B8A.A,0.0,0.26,0.00297,0,1B8A.A,0.03270722697177288,0.054378100904016596,0.08763784238369757,0,0,0,0,0,0
61_1B8A.A,0.0,0.08,0.00152,0,1B8A.A,0.014778644415594965,0.03337931678836919,0.030985935821583013,0,0,0,0,0,0
60_1B8A.A,0.0,0.0,0.00094,0,1B8A.A,0.011848029093358583,0.026793435628322114,0.005817840374227484,0,0,0,0,0,0
59_1B8A.A,0.0,0.0,0.0,0,1B8A.A,0.011911687957688459,0.026758546855358632,0.005664252117463797,0,0,0,0,0,0
58_1B8A.A,0.0,0.05,0.00283,0,1B8A.A,0.013988661840038554,0.030808913419683767,0.021797480946065685,0,0,0,0,0,0
57_1B8A.A,0.0,0.02,0.00022,0,1B8A.A,0.01310816334525997,0.028276807990331058,0.011968530361491272,0,0,0,0,0,0
56_1B8A.A,0.0,0.03,0.00116,0,1B8A.A,0.013736795909734542,0.029100369393039668,0.015256284646392093,0,0,0,0,0,0
55_1B8A.A,0.0,0.0,0.00014,0,1B8A.A,0.011911687957688459,0.02676374025414609,0.0056871269642158355,0,0,0,0,0,0
54_1B8A.A,0.0,0.07,0.00058,0,1B8A.A,0.014037852338967392,0.03243870407270917,0.027698181536682194,0,0,0,0,0,0
53_1B8A.A,0.0,0.31,0.00167,0,1B8A.A,0.03324875732592581,0.06199839888359186,0.1030962632331143,0,0,0,0,0,0
52_1B8A.A,0.0,0.16,0.00167,0,1B8A.A,0.027653090205019458,0.04149060206247889,0.05608377281105728,0,0,0,0,0,0
50_1B8A.A,0.0,0.0,0.0,0,1B8A.A,0.011911687957688459,0.026758546855358632,0.005664252117463797,0,0,0,0,0,0
36_1B8A.A,0.0,0.98,0.00188,0,1B8A.A,0.26499016900536576,0.30454636502634724,0.31311969938843043,0,1,0,0,0,0
49_1B8A.A,0.0,0.0,0.0008,0,1B8A.A,0.011848029093358583,0.026788236625869776,0.005794965527475446,0,0,0,0,0,0
48_1B8A.A,0.0,0.0,0.0,0,1B8A.A,0.011911687957688459,0.026758546855358632,0.005664252117463797,0,0,0,0,0,0
47_1B8A.A,0.0,0.0,0.00094,0,1B8A.A,0.011848029093358583,0.026793435628322114,0.005817840374227484,0,0,0,0,0,0
46_1B8A.A,0.0,0.0,7e-05,0,1B8A.A,0.011911687957688459,0.026761143432234433,0.005675689540839817,0,0,0,0,0,0
45_1B8A.A,0.0,0.54,0.00326,0,1B8A.A,0.04472019320318735,0.11250896606920549,0.1754418747826666,0,0,0,0,0,0
44_1B8A.A,0.0,0.34,0.00174,0,1B8A.A,0.033278944689989924,0.06711405077490763,0.11251019874090173,0,0,0,0,0,0
43_1B8A.A,0.0,0.74,0.02116,0,1B8A.A,0.12882751096648146,0.18610633146972086,0.24104990789441993,0,0,0,0,0,0
41_1B8A.A,0.0,0.0,0.0721,0,1B8A.A,0.033055955865406585,0.029566907772637294,0.017444798194763654,0,0,0,0,0,0
40_1B8A.A,0.056,0.0,0.02478,0,1B8A.A,0.017301443059036938,0.029691530812867278,0.02069592484695239,0,0,0,0,0,0
39_1B8A.A,0.0,0.0,0.0,0,1B8A.A,0.011911687957688459,0.026758546855358632,0.005664252117463797,0,0,0,0,0,0
38_1B8A.A,0.0,0.98,0.00297,0,1B8A.A,0.2658847833634761,0.30487527674279,0.31329779640957134,0,1,0,0,0,0
37_1B8A.A,0.0,0.0,0.0,0,1B8A.A,0.011911687957688459,0.026758546855358632,0.005664252117463797,0,0,0,0,0,0
135_1B8A.A,0.0,0.0,0.00043,0,1B8A.A,0.011848029093358583,0.026774501127208576,0.005734510575345059,0,0,0,0,0,0
136_1B8A.A,0.0,0.0,0.00159,0,1B8A.A,0.011848029093358583,0.026817586710336294,0.005924045019861949,0,0,0,0,0,0
137_1B8A.A,0.0,0.0,0.30833,0,1B8A.A,0.0828774126761254,0.04090939442495059,0.05604283425357842,0,0,0,0,0,0
138_1B8A.A,0.0,0.61,0.13754,0,1B8A.A,0.08955635307600118,0.1575481121933373,0.2193212828500818,0,0,0,0,0,0
255_1B8A.A,0.0,0.0,0.0,0,1B8A.A,0.011911687957688459,0.026758546855358632,0.005664252117463797,0,0,0,0,0,0
254_1B8A.A,0.0,0.0,0.0,0,1B8A.A,0.011911687957688459,0.026758546855358632,0.005664252117463797,0,0,0,0,0,0
253_1B8A.A,0.0,0.15,0.00101,0,1B8A.A,0.02690112453413634,0.04034639240023083,0.05284176821966053,0,0,0,0,0,0
252_1B8A.A,0.0,0.0,7e-05,0,1B8A.A,0.011911687957688459,0.026761143432234433,0.005675689540839817,0,0,0,0,0,0
251_1B8A.A,0.0,0.0,0.0,0,1B8A.A,0.011911687957688459,0.026758546855358632,0.005664252117463797,0,0,0,0,0,0
250_1B8A.A,0.0,0.0,0.0,0,1B8A.A,0.011911687957688459,0.026758546855358632,0.005664252117463797,0,0,0,0,0,0
249_1B8A.A,0.0,0.07,0.005,0,1B8A.A,0.014642382425439407,0.03263687619688289,0.028420373126996554,0,0,0,0,0,0
248_1B8A.A,0.0,0.0,0.00138,0,1B8A.A,0.011848029093358583,0.026809781739111794,0.005889732749733891,0,0,0,0,0,0
247_1B8A.A,0.0,0.0,0.0,0,1B8A.A,0.011911687957688459,0.026758546855358632,0.005664252117463797,0,0,0,0,0,0
246_1B8A.A,0.0,0.0,0.00181,0,1B8A.A,0.011878216457422697,0.026825765716782062,0.005959991207615153,0,0,0,0,0,0
245_1B8A.A,0.0,0.03,0.0029,0,1B8A.A,0.013988661840038554,0.029170471088007167,0.01554058631316743,0,0,0,0,0,0
244_1B8A.A,0.0,0.0,7e-05,0,1B8A.A,0.011911687957688459,0.026761143432234433,0.005675689540839817,0,0,0,0,0,0
243_1B8A.A,0.0,0.0,0.0,0,1B8A.A,0.011911687957688459,0.026758546855358632,0.005664252117463797,0,0,0,0,0,0
241_1B8A.A,0.0,0.04,0.00312,0,1B8A.A,0.013988661840038554,0.029989410358301258,0.018710698529057768,0,0,0,0,0,0
240_1B8A.A,0.0,0.0,0.00036,0,1B8A.A,0.011848029093358583,0.026771903289916354,0.005723073151969039,0,0,0,0,0,0
239_1B8A.A,0.0,0.15,0.00377,0,1B8A.A,0.027313379696897653,0.040498872338110094,0.05329272948420072,0,0,0,0,0,0
237_1B8A.A,0.0,0.0,0.01072,0,1B8A.A,0.013279529798889356,0.027159061494237115,0.007415811811619892,0,0,0,0,0,0
234_1B8A.A,0.0,0.0,0.00109,0,1B8A.A,0.011848029093358583,0.02679900707695826,0.005842349138604669,0,0,0,0,0,0
233_1B8A.A,0.0,0.0,0.0,0,1B8A.A,0.011911687957688459,0.026758546855358632,0.005664252117463797,0,0,0,0,0,0
232_1B8A.A,0.0,0.0,0.0,0,1B8A.A,0.011911687957688459,0.026758546855358632,0.005664252117463797,0,0,0,0,0,0
231_1B8A.A,0.0,0.0,0.00014,0,1B8A.A,0.011911687957688459,0.02676374025414609,0.0056871269642158355,0,0,0,0,0,0
230_1B8A.A,0.0,0.0,0.00029,0,1B8A.A,0.011848029093358583,0.02676930569775022,0.00571163572859302,0,0,0,0,0,0
229_1B8A.A,0.0,0.0,0.00058,0,1B8A.A,0.011848029093358583,0.02678006874693212,0.005759019339722242,0,0,0,0,0,0
228_1B8A.A,0.0,0.91,0.75232,0,1B8A.A,0.40895639475347956,0.511393082338269,0.4137962514528977,0,0,1,1,1,1
227_1B8A.A,0.0,0.86,0.01949,0,1B8A.A,0.1687289937948594,0.2424535603777656,0.2783870359886662,0,0,0,0,0,0
224_1B8A.A,0.0,0.0,0.00051,0,1B8A.A,0.011848029093358583,0.026777470384296335,0.005747581916346224,0,0,0,0,0,0
223_1B8A.A,0.0,0.24,0.0,0,1B8A.A,0.0385954096098887,0.05134160411825604,0.08088423679275504,0,0,0,0,0,0
256_1B8A.A,0.0,0.08,0.00036,0,1B8A.A,0.014778644415594965,0.033326050030835365,0.030796401377066122,0,0,0,0,0,0
257_1B8A.A,0.0,0.08,0.02348,0,1B8A.A,0.01860193766567033,0.03440335127298362,0.03457401892640277,0,0,0,0,0,0
258_1B8A.A,0.0,0.0,0.0,0,1B8A.A,0.011911687957688459,0.026758546855358632,0.005664252117463797,0,0,0,0,0,0
273_1B8A.A,0.0,0.0,0.0,0,1B8A.A,0.011911687957688459,0.026758546855358632,0.005664252117463797,0,0,0,0,0,0
285_1B8A.A,0.0,0.0,0.0,0,1B8A.A,0.011911687957688459,0.026758546855358632,0.005664252117463797,0,0,0,0,0,0
284_1B8A.A,0.0,0.02,0.00087,0,1B8A.A,0.013044504480930095,0.02830225727104411,0.012074735007125737,0,0,0,0,0,0
283_1B8A.A,0.0,0.0,0.00051,0,1B8A.A,0.011848029093358583,0.026777470384296335,0.005747581916346224,0,0,0,0,0,0
282_1B8A.A,0.0,0.03,0.00239,0,1B8A.A,0.013988661840038554,0.029149907087693976,0.015457256514285004,0,0,0,0,0,0
281_1B8A.A,0.0,0.04,0.00029,0,1B8A.A,0.013736795909734542,0.029872377505706732,0.01824829984114156,0,0,0,0,0,0
280_1B8A.A,0.0,0.0,0.00043,0,1B8A.A,0.011848029093358583,0.026774501127208576,0.005734510575345059,0,0,0,0,0,0
279_1B8A.A,0.0,0.25,0.00261,0,1B8A.A,0.03270722697177288,0.05291951070837867,0.08444485532105518,0,0,0,0,0,0
278_1B8A.A,0.0,0.34,0.00188,0,1B8A.A,0.033278944689989924,0.06712653630706988,0.11253307358765378,0,0,0,0,0,0
277_1B8A.A,0.0,0.24,0.00087,0,1B8A.A,0.03245536104146887,0.0514019905723171,0.08102638762614271,0,0,0,0,0,0
276_1B8A.A,0.0,0.0,0.00029,0,1B8A.A,0.011848029093358583,0.02676930569775022,0.00571163572859302,0,0,0,0,0,0
275_1B8A.A,0.0,0.41,0.00043,0,1B8A.A,0.038915336918479156,0.08045139653343454,0.13423531772896757,0,0,0,0,0,0
274_1B8A.A,0.0,0.42,0.00029,0,1B8A.A,0.04120007304840014,0.08254869714871588,0.1373466089103527,0,0,0,0,0,0
272_1B8A.A,0.0,0.86,0.0008,0,1B8A.A,0.16465519817274454,0.2375978377563462,0.27533324394726905,0,0,0,0,0,0
259_1B8A.A,0.0,0.06,0.00014,0,1B8A.A,0.013800454774064417,0.031545482026525254,0.024492123133038647,0,0,0,0,0,0
271_1B8A.A,0.0,0.98,0.00101,0,1B8A.A,0.26499016900536576,0.3042839823494501,0.3129775485550428,0,1,0,0,0,0
270_1B8A.A,0.0,0.91,0.00304,0,1B8A.A,0.22619661549181994,0.26471303323911505,0.2913700716359874,0,0,0,0,0,0
269_1B8A.A,0.0,0.82,0.00109,0,1B8A.A,0.15072473877801804,0.21783062863885908,0.2628439634458497,0,0,0,0,0,0
268_1B8A.A,0.0,0.42,0.00217,0,1B8A.A,0.03991261876729535,0.08275171587079361,0.13765378542388007,0,0,0,0,0,0
267_1B8A.A,0.0,0.74,0.0021,0,1B8A.A,0.1285431946496421,0.18202934066021323,0.2379356609008924,0,0,0,0,0,0
266_1B8A.A,0.0,0.0,7e-05,0,1B8A.A,0.011911687957688459,0.026761143432234433,0.005675689540839817,0,0,0,0,0,0
265_1B8A.A,0.0,0.0,0.00275,0,1B8A.A,0.012099895023662594,0.026860739713292465,0.00611357946437884,0,0,0,0,0,0
264_1B8A.A,0.0,0.23,0.00203,0,1B8A.A,0.03262538729466932,0.0501219776777081,0.07808175604252247,0,0,0,0,0,0
263_1B8A.A,0.0,0.25,0.00036,0,1B8A.A,0.03245536104146887,0.05275912613215863,0.08407722385539743,0,0,0,0,0,0
262_1B8A.A,0.0,0.0,0.00739,0,1B8A.A,0.012949580032353771,0.027034027911996238,0.0068717172424464035,0,0,0,0,0,0
261_1B8A.A,0.0,0.27,0.0087,0,1B8A.A,0.03355691198046405,0.05627937050613456,0.09170824321104314,0,0,0,0,0,0
260_1B8A.A,0.0,0.21,0.00101,0,1B8A.A,0.03249336993232768,0.04743659563754255,0.07164676438848334,0,0,0,0,0,0
222_1B8A.A,0.0,0.0,0.0,0,1B8A.A,0.011911687957688459,0.026758546855358632,0.005664252117463797,0,0,0,0,0,0
221_1B8A.A,0.0,0.96,7e-05,0,1B8A.A,0.36244630099601804,0.292193419839788,0.3065556282420048,0,0,0,0,0,0
220_1B8A.A,0.0,0.53,0.0,0,1B8A.A,0.05198730682025464,0.10926930054276429,0.17177505160873197,0,0,0,0,0,0
159_1B8A.A,0.0,0.0,0.10174,0,1B8A.A,0.0370694606919121,0.030802557128090175,0.022287730035695244,0,0,0,0,0,0
176_1B8A.A,0.0,0.92,0.17659,0,1B8A.A,0.3754254363393488,0.3216475969681825,0.3228608780485266,0,0,0,0,0,0
175_1B8A.A,0.0,0.0,0.01304,0,1B8A.A,0.0136725739971429,0.027246504042314792,0.0077948807006536745,0,0,0,0,0,0
174_1B8A.A,0.0,0.39,0.00181,0,1B8A.A,0.03704483115770302,0.07651271791174155,0.12819246630496345,0,0,0,0,0,0
173_1B8A.A,0.0,0.12,0.00399,0,1B8A.A,0.025173593857254914,0.03734558158030207,0.04392617758754252,0,0,0,0,0,0
172_1B8A.A,0.0,0.09,0.00239,0,1B8A.A,0.015050342583024122,0.03434292933357585,0.03426225268310781,0,0,0,0,0,0
171_1B8A.A,0.0,0.07,0.00065,0,1B8A.A,0.014037852338967392,0.032441833463491145,0.027709618960058212,0,0,0,0,0,0
170_1B8A.A,0.0,0.28,0.00094,0,1B8A.A,0.03245536104146887,0.057198035826222945,0.09357448916206729,0,0,0,0,0,0
169_1B8A.A,0.0,0.6,0.0037,0,1B8A.A,0.05013669687954633,0.13062646017202031,0.19431876332699577,0,0,0,0,0,0
168_1B8A.A,0.0,0.0,0.0187,0,1B8A.A,0.015583791776891611,0.027460983395112815,0.00871967807648609,0,0,0,0,0,0
167_1B8A.A,0.0,0.75,0.07522,0,1B8A.A,0.15145336177935356,0.20257198284443784,0.25301703260409425,0,0,0,0,0,0
165_1B8A.A,0.262,0.0,0.15536,0,1B8A.A,0.14783443416719214,0.04578658150209334,0.08243272691042201,1,0,0,0,0,0
161_1B8A.A,0.0,0.0,0.32761,0,1B8A.A,0.08480463517053644,0.04200051181877881,0.059193027434859165,0,0,0,0,0,0
157_1B8A.A,0.0,0.88,0.05978,0,1B8A.A,0.18215906256481063,0.2639663989051458,0.2912384221566522,0,0,0,0,0,0
183_1B8A.A,0.433,0.98,0.25043,0,1B8A.A,0.445641285423335,0.5207156297860307,0.43865149271045273,1,1,0,1,1,1
156_1B8A.A,0.0,0.0,0.00971,0,1B8A.A,0.013279529798889356,0.027121079119037373,0.007250786131480186,0,0,0,0,0,0
154_1B8A.A,0.0,0.87,0.00935,0,1B8A.A,0.17487312531807028,0.2449926941051838,0.2798644095449057,0,0,0,0,0,0
153_1B8A.A,0.0,0.98,0.01341,0,1B8A.A,0.26596922303601656,0.30803565346084566,0.31500360641022335,0,1,0,0,0,0
152_1B8A.A,0.0,0.51,0.03594,0,1B8A.A,0.05500413091883818,0.1087596782155071,0.171379019497231,0,0,0,0,0,0
151_1B8A.A,0.0,0.0,0.00094,0,1B8A.A,0.011848029093358583,0.026793435628322114,0.005817840374227484,0,0,0,0,0,0
150_1B8A.A,0.0,0.0,0.00138,0,1B8A.A,0.011848029093358583,0.026809781739111794,0.005889732749733891,0,0,0,0,0,0
149_1B8A.A,0.0,0.72,0.02949,0,1B8A.A,0.12058480333054694,0.17944928453351866,0.23614262921989196,0,0,0,0,0,0
147_1B8A.A,0.0,0.0,7e-05,0,1B8A.A,0.011911687957688459,0.026761143432234433,0.005675689540839817,0,0,0,0,0,0
146_1B8A.A,0.0,0.0,0.00058,0,1B8A.A,0.011848029093358583,0.02678006874693212,0.005759019339722242,0,0,0,0,0,0
143_1B8A.A,0.0,0.0,0.00051,0,1B8A.A,0.011848029093358583,0.026777470384296335,0.005747581916346224,0,0,0,0,0,0
142_1B8A.A,0.0,0.0,0.03507,0,1B8A.A,0.0233475636833573,0.028090580700450136,0.011394401228849455,0,0,0,0,0,0
139_1B8A.A,0.0,0.0,0.00065,0,1B8A.A,0.011848029093358583,0.026782667354762483,0.005770456763098262,0,0,0,0,0,0
179_1B8A.A,0.616,0.97,0.42652,0,1B8A.A,0.5248796092551345,0.6317905803895925,0.500179284792632,1,1,1,1,1,1
184_1B8A.A,0.329,0.98,0.0392,0,1B8A.A,0.37094989755074503,0.41310107747737634,0.3837415759849433,1,1,0,1,1,0
219_1B8A.A,0.056,0.37,7e-05,0,1B8A.A,0.03861346602620776,0.07742334334908531,0.13262265743629162,0,0,0,0,0,0
206_1B8A.A,0.0,0.0,0.00159,0,1B8A.A,0.011848029093358583,0.026817586710336294,0.005924045019861949,0,0,0,0,0,0
218_1B8A.A,0.0,0.76,0.00116,0,1B8A.A,0.13824823952099197,0.19037713624912533,0.24405040470040296,0,0,0,0,0,0
217_1B8A.A,0.0,0.83,0.00283,0,1B8A.A,0.15405949865944854,0.22310594341341908,0.2662624311407622,0,0,0,0,0,0
216_1B8A.A,0.0,0.0,0.00348,0,1B8A.A,0.012260284256119898,0.026887930953277368,0.0062328554510144695,0,0,0,0,0,0
215_1B8A.A,0.0,0.81,0.01428,0,1B8A.A,0.14606662232595224,0.2162279587296022,0.26186493476527967,0,0,0,0,0,0
214_1B8A.A,0.0,0.64,0.00225,0,1B8A.A,0.06626588748959135,0.1437330423459157,0.20661850938389822,0,0,0,0,0,0
213_1B8A.A,0.0,0.97,0.52442,0,1B8A.A,0.4388410026252512,0.4726003343935361,0.39536426494465204,0,1,1,1,1,1
212_1B8A.A,0.0,0.0,0.00659,0,1B8A.A,0.012949580032353771,0.027004073286397343,0.006741003832434755,0,0,0,0,0,0
211_1B8A.A,0.0,0.9,0.45732,0,1B8A.A,0.37467176379343975,0.4006387502288734,0.36246151548296507,0,0,1,0,0,0
210_1B8A.A,0.0,0.0,0.12442,0,1B8A.A,0.04207509854541043,0.03178167738207829,0.025993455209525493,0,0,0,0,0,0
209_1B8A.A,0.0,0.0,0.18261,0,1B8A.A,0.07083855201358612,0.034433401356187936,0.035501221870247804,0,0,0,0,0,0
208_1B8A.A,0.0,0.0,0.05768,0,1B8A.A,0.02745692332455934,0.028983267561464077,0.015088688979303683,0,0,0,0,0,0
207_1B8A.A,0.0,0.0,0.04529,0,1B8A.A,0.025964197896890088,0.028490730664698805,0.01306426504174827,0,0,0,0,0,0
205_1B8A.A,0.0,0.92,0.01572,0,1B8A.A,0.2304352834973424,0.2738181014225414,0.29657604521280917,0,0,0,0,0,0
185_1B8A.A,0.0,0.0,0.05138,0,1B8A.A,0.02623503850369739,0.028731801384594934,0.014059320875461948,0,0,0,0,0,0
199_1B8A.A,0.0,0.0,0.01217,0,1B8A.A,0.0136725739971429,0.027213681064697806,0.007652729867266006,0,0,0,0,0,0
198_1B8A.A,0.262,0.97,0.23558,0,1B8A.A,0.4356022266630871,0.4537580681924259,0.3995541188286422,1,1,0,1,1,1
196_1B8A.A,0.0,0.0,0.00036,0,1B8A.A,0.011848029093358583,0.026771903289916354,0.005723073151969039,0,0,0,0,0,0
195_1B8A.A,0.0,0.0,0.00246,0,1B8A.A,0.012099895023662594,0.02684994513651429,0.006066195853249618,0,0,0,0,0,0
193_1B8A.A,0.0,0.0,0.02884,0,1B8A.A,0.01706502352633818,0.027849336727250883,0.01037647054838374,0,0,0,0,0,0
192_1B8A.A,0.0,0.0,7e-05,0,1B8A.A,0.011911687957688459,0.026761143432234433,0.005675689540839817,0,0,0,0,0,0
191_1B8A.A,0.0,0.0,0.00051,0,1B8A.A,0.011848029093358583,0.026777470384296335,0.005747581916346224,0,0,0,0,0,0
190_1B8A.A,0.0,0.31,0.00087,0,1B8A.A,0.03324875732592581,0.0619321685667214,0.10296554982310266,0,0,0,0,0,0
189_1B8A.A,0.0,0.0,7e-05,0,1B8A.A,0.011911687957688459,0.026761143432234433,0.005675689540839817,0,0,0,0,0,0
188_1B8A.A,0.0,0.0,0.00543,0,1B8A.A,0.01272638021532879,0.026960696391174797,0.006551469387917864,0,0,0,0,0,0
187_1B8A.A,0.282,0.96,0.38877,0,1B8A.A,0.4886717387248441,0.5075220276860516,0.4253723743481027,1,0,1,1,1,1
186_1B8A.A,0.093,0.97,0.02913,0,1B8A.A,0.2290790146097593,0.33269513670237627,0.3326772930219782,0,1,0,0,0,0
137_1CLI.A,0.18,0.0,0.0,0,1CLI.A,0.11580363509091128,0.03346521244056702,0.040966189149392346,1,0,0,0,0,0
139_1CLI.A,0.18,0.96,0.00076,0,1CLI.A,0.33163720300458527,0.34226773491909473,0.3419703055900684,1,1,0,1,1,1
238_1CNZ.A,0.0,0.33,0.03005,0,1CNZ.A,0.039505349225949386,0.06787584875493197,0.11400165350955183,0,0,0,0,0,0
20_1CNZ.A,0.0,0.0,0.01528,0,1CNZ.A,0.013965210178814675,0.027331190954717557,0.00816087824868629,0,0,0,0,0,0
48_1CNZ.A,0.0,0.31,0.06114,0,1CNZ.A,0.04680198756055955,0.06711086876990217,0.11281317134985525,0,0,0,0,0,0
47_1CNZ.A,0.0,0.0,0.00324,0,1CNZ.A,0.012260284256119898,0.026878988415555312,0.006193641428010975,0,0,0,0,0,0
46_1CNZ.A,0.0,0.0,0.0,0,1CNZ.A,0.011911687957688459,0.026758546855358632,0.005664252117463797,0,0,0,0,0,0
45_1CNZ.A,0.0,0.0,0.00389,0,1CNZ.A,0.012260284256119898,0.026903214481413123,0.00629984607364544,0,0,0,0,0,0
44_1CNZ.A,0.0,0.07,0.07798,0,1CNZ.A,0.03616232330440404,0.036082901908383445,0.04034470395530922,0,0,0,0,0,0
43_1CNZ.A,0.0,0.04,0.09132,0,1CNZ.A,0.03755021933275975,0.03386766937143989,0.03312185198284206,0,0,0,0,0,0
42_1CNZ.A,0.0,0.01,0.10803,0,1CNZ.A,0.040189234300049496,0.031931994206137786,0.02644963025004897,0,0,0,0,0,0
41_1CNZ.A,0.0,0.02,0.08808,0,1CNZ.A,0.03696833606919236,0.03192591422397432,0.02632413061602061,0,0,0,0,0,0
40_1CNZ.A,0.0,0.08,0.07474,0,1CNZ.A,0.036156593020944414,0.03691289442694253,0.04294948067289918,0,0,0,0,0,0
39_1CNZ.A,0.0,0.08,0.0715,0,1CNZ.A,0.03507247982784435,0.036749190032544114,0.042420091362351996,0,0,0,0,0,0
38_1CNZ.A,0.0,0.0,0.02798,0,1CNZ.A,0.016580063070364665,0.02781619346403917,0.010235953632621218,0,0,0,0,0,0
37_1CNZ.A,0.0,0.44,0.11218,0,1CNZ.A,0.06812747532585213,0.10043405767410334,0.16189684527438122,0,0,0,0,0,0
36_1CNZ.A,0.0,0.0,0.11956,0,1CNZ.A,0.04074119871899448,0.03156936325434009,0.025199371243704725,0,0,0,0,0,0
35_1CNZ.A,0.0,0.39,0.24728,0,1CNZ.A,0.1441489369637177,0.10516783266014224,0.16830024224941276,0,0,0,0,0,0
34_1CNZ.A,0.0,0.24,0.27137,0,1CNZ.A,0.1422404199317963,0.07377913244198316,0.1252238593863315,0,0,0,0,0,0
33_1CNZ.A,0.0,0.22,0.23083,0,1CNZ.A,0.13623298290564065,0.06634655024565835,0.11233162527771692,0,0,0,0,0,0
32_1CNZ.A,0.0,0.08,0.05803,0,1CNZ.A,0.029097858045576946,0.03607606102964058,0.04021920432128086,0,0,0,0,0,0
31_1CNZ.A,0.0,0.03,0.06205,0,1CNZ.A,0.02890202817501814,0.031653324112512204,0.02520520906590372,0,0,0,0,0,0
30_1CNZ.A,0.0,0.0,0.00013,0,1CNZ.A,0.011911687957688459,0.026763369264584256,0.00568549304659069,0,0,0,0,0,0
29_1CNZ.A,0.0,0.0,0.00285,0,1CNZ.A,0.012099895023662594,0.026864462959534086,0.006129918640630296,0,0,0,0,0,0
28_1CNZ.A,0.0,0.02,0.05142,0,1CNZ.A,0.027214202050434087,0.030350985257110875,0.0203341886022368,0,0,0,0,0,0
27_1CNZ.A,0.0,0.0,0.00635,0,1CNZ.A,0.012949580032353771,0.02699509319297031,0.00670178980943126,0,0,0,0,0,0
26_1CNZ.A,0.0,0.0,0.0,0,1CNZ.A,0.011911687957688459,0.026758546855358632,0.005664252117463797,0,0,0,0,0,0
25_1CNZ.A,0.0,0.02,0.03005,0,1CNZ.A,0.02204150463912409,0.0294679172263763,0.01684250663730063,0,0,0,0,0,0
24_1CNZ.A,0.0,0.03,0.0456,0,1CNZ.A,0.027409302747348877,0.030943000365055665,0.02251741457253919,0,0,0,0,0,0
23_1CNZ.A,0.0,0.0,0.0,0,1CNZ.A,0.011911687957688459,0.026758546855358632,0.005664252117463797,0,0,0,0,0,0
22_1CNZ.A,0.0,0.0,0.01321,0,1CNZ.A,0.0136725739971429,0.02725292222023292,0.007822657300281149,0,0,0,0,0,0
49_1CNZ.A,0.0,0.0,0.00052,0,1CNZ.A,0.011848029093358583,0.026777841563947496,0.005749215833971369,0,0,0,0,0,0
50_1CNZ.A,0.0,0.0,0.04365,0,1CNZ.A,0.026105880259911896,0.028426148044508263,0.01279630255122439,0,0,0,0,0,0
51_1CNZ.A,0.0,0.83,0.07034,0,1CNZ.A,0.1677077044616804,0.24021462675070038,0.2772930090281202,0,0,0,0,0,0
66_1CNZ.A,0.0,0.08,0.12345,0,1CNZ.A,0.0429617388753405,0.039460096297823724,0.050908293424983445,0,0,0,0,0,0
78_1CNZ.A,0.0,0.0,0.04611,0,1CNZ.A,0.02623503850369739,0.0285230753622652,0.013198246287010211,0,0,0,0,0,0
77_1CNZ.A,0.0,0.0,0.03523,0,1CNZ.A,0.0233475636833573,0.028096803025962822,0.011420543910851785,0,0,0,0,0,0
76_1CNZ.A,0.0,0.0,0.02409,0,1CNZ.A,0.015960512011593944,0.027666756025395742,0.009600359676439574,0,0,0,0,0,0
75_1CNZ.A,0.0,0.0,0.00479,0,1CNZ.A,0.012260284256119898,0.026936793318250447,0.006446898659908545,0,0,0,0,0,0
74_1CNZ.A,0.0,0.0,0.0,0,1CNZ.A,0.011911687957688459,0.026758546855358632,0.005664252117463797,0,0,0,0,0,0
73_1CNZ.A,0.0,0.0,0.00026,0,1CNZ.A,0.011848029093358583,0.026768192518997928,0.005706733975717583,0,0,0,0,0,0
72_1CNZ.A,0.0,0.0,0.0,0,1CNZ.A,0.011911687957688459,0.026758546855358632,0.005664252117463797,0,0,0,0,0,0
71_1CNZ.A,0.0,0.0,0.0,0,1CNZ.A,0.011911687957688459,0.026758546855358632,0.005664252117463797,0,0,0,0,0,0
70_1CNZ.A,0.0,0.0,0.00194,0,1CNZ.A,0.011878216457422697,0.026830599906184308,0.005981232136742046,0,0,0,0,0,0
69_1CNZ.A,0.0,0.08,0.0772,0,1CNZ.A,0.036844485983404014,0.03703765664779596,0.043351424408685,0,0,0,0,0,0
68_1CNZ.A,0.0,0.0,0.06425,0,1CNZ.A,0.027721016581684174,0.029247784933727598,0.016162172859024347,0,0,0,0,0,0
67_1CNZ.A,0.0,0.05,0.11321,0,1CNZ.A,0.04246692850968233,0.035865872073271576,0.03983266369242294,0,0,0,0,0,0
65_1CNZ.A,0.0,0.0,0.01399,0,1CNZ.A,0.0136725739971429,0.02728238917459031,0.007950102875042508,0,0,0,0,0,0
52_1CNZ.A,0.0,0.95,0.09806,0,1CNZ.A,0.2648687720097557,0.31574271457577757,0.3194322210226695,0,1,0,0,0,0
64_1CNZ.A,0.0,0.0,0.02733,0,1CNZ.A,0.016580063070364665,0.027791168749645413,0.010129748986986754,0,0,0,0,0,0
63_1CNZ.A,0.0,0.05,0.0693,0,1CNZ.A,0.02986990388736272,0.03376491395821434,0.03265813140040856,0,0,0,0,0,0
62_1CNZ.A,0.0,0.0,0.02617,0,1CNZ.A,0.016500711000505038,0.027746563589736026,0.009940214542469862,0,0,0,0,0,0
61_1CNZ.A,0.0,0.0,0.01425,0,1CNZ.A,0.0136725739971429,0.027292218372597526,0.007992584733296292,0,0,0,0,0,0
60_1CNZ.A,0.0,0.12,0.04378,0,1CNZ.A,0.03822453309100258,0.03943729817355354,0.0504275358179969,0,0,0,0,0,0
59_1CNZ.A,0.0,0.2,0.08238,0,1CNZ.A,0.052981112839509834,0.05155933926192472,0.08180778607615606,0,0,0,0,0,0
58_1CNZ.A,0.0,0.0,0.02539,0,1CNZ.A,0.016500711000505038,0.02771660957865894,0.009812768967708503,0,0,0,0,0,0
57_1CNZ.A,0.0,0.51,0.03795,0,1CNZ.A,0.05523663451901143,0.10903748620900953,0.17170743693988527,0,0,0,0,0,0
56_1CNZ.A,0.0,0.0,0.02124,0,1CNZ.A,0.015768783768895903,0.027557766367592686,0.009134693153273074,0,0,0,0,0,0
55_1CNZ.A,0.0,0.23,0.07396,0,1CNZ.A,0.05248322686085896,0.05523055714835674,0.08983452552019486,0,0,0,0,0,0
54_1CNZ.A,0.0,0.56,0.06412,0,1CNZ.A,0.06259803482138336,0.12761119700536508,0.19165422950557706,0,0,0,0,0,0
53_1CNZ.A,0.0,0.73,0.09003,0,1CNZ.A,0.15269942778164214,0.19692290717485295,0.2491685325506606,0,0,0,0,0,0
21_1CNZ.A,0.0,0.05,0.04573,0,1CNZ.A,0.02768014335415618,0.03268665625628073,0.028806987557940356,0,0,0,0,0,0
19_1CNZ.A,0.0,0.0,0.0,0,1CNZ.A,0.011911687957688459,0.026758546855358632,0.005664252117463797,0,0,0,0,0,0
80_1CNZ.A,0.0,0.14,0.07319,0,1CNZ.A,0.048470829002859254,0.04333540641375848,0.06150121960982442,0,0,0,0,0,0
18_1CNZ.A,0.0,0.43,0.03808,0,1CNZ.A,0.0517340854239286,0.08897871287825156,0.14665534964391508,0,0,0,0,0,0
91_1CMB.A,0.0,0.14,0.01287,0,1CMB.A,0.02765371401640066,0.03991014818892342,0.0516454284949461,0,0,0,0,0,0
90_1CMB.A,0.0,0.08,0.00839,0,1CMB.A,0.015880195354590156,0.03369647340131849,0.032108437230058046,0,0,0,0,0,0
89_1CMB.A,0.0,0.0,0.00066,0,1CMB.A,0.011848029093358583,0.026783038604469695,0.005772090680723408,0,0,0,0,0,0
88_1CMB.A,0.0,0.0,0.00127,0,1CMB.A,0.011848029093358583,0.026805694302482384,0.00587175965585729,0,0,0,0,0,0
87_1CMB.A,0.0,0.03,0.00795,0,1CMB.A,0.01483834684872973,0.02937485593593333,0.016365714713865963,0,0,0,0,0,0
86_1CMB.A,0.0,0.07,0.00246,0,1CMB.A,0.014289718269271404,0.032522851950973694,0.028005358050209567,0,0,0,0,0,0
85_1CMB.A,0.0,0.0,0.00048,0,1CMB.A,0.011848029093358583,0.026776356875363727,0.005742680163470786,0,0,0,0,0,0
84_1CMB.A,0.0,0.0,0.00053,0,1CMB.A,0.011848029093358583,0.026778212748602266,0.005750849751596515,0,0,0,0,0,0
83_1CMB.A,0.0,0.06,0.00189,0,1CMB.A,0.013766983273798656,0.03162171820932454,0.024778058717439128,0,0,0,0,0,0
82_1CMB.A,0.0,0.07,0.00351,0,1CMB.A,0.014450107501728706,0.03256994120545265,0.028176919400849855,0,0,0,0,0,0
81_1CMB.A,0.0,0.06,0.00312,0,1CMB.A,0.013988661840038554,0.031675407978800564,0.02497903058533204,0,0,0,0,0,0
80_1CMB.A,0.0,0.06,0.00127,0,1CMB.A,0.013736795909734542,0.03159468845449308,0.0246767558246801,0,0,0,0,0,0
79_1CMB.A,0.0,0.05,0.00435,0,1CMB.A,0.014149051072495858,0.030873623226990738,0.02204583642508782,0,0,0,0,0,0
78_1CMB.A,0.0,0.13,0.01137,0,1CMB.A,0.026707299432866947,0.03876315553095922,0.04826617482303712,0,0,0,0,0,0
77_1CMB.A,0.0,0.2,0.00509,0,1CMB.A,0.03353571779511407,0.04643431766531832,0.06917923675140562,0,0,0,0,0,0
76_1CMB.A,0.0,0.0,0.00057,0,1CMB.A,0.011848029093358583,0.026779697537258465,0.005757385422097097,0,0,0,0,0,0
75_1CMB.A,0.0,0.0,0.00211,0,1CMB.A,0.012099895023662594,0.026836922816718557,0.0060090087363695215,0,0,0,0,0,0
74_1CMB.A,0.0,0.13,0.0022,0,1CMB.A,0.025520190108424403,0.038279424582918574,0.04676787236077859,0,0,0,0,0,0
73_1CMB.A,0.0,0.35,0.00821,0,1CMB.A,0.03355691198046405,0.06949605062319876,0.11670150947250808,0,0,0,0,0,0
72_1CMB.A,0.0,0.28,0.01269,0,1CMB.A,0.034063742775972884,0.05810723513781336,0.09549434237161337,0,0,0,0,0,0
71_1CMB.A,0.0,0.0,0.00795,0,1CMB.A,0.012949580032353771,0.027055015368449974,0.006963216629454558,0,0,0,0,0,0
70_1CMB.A,0.466,0.98,0.03711,0,1CMB.A,0.3916105631803344,0.4554559988744417,0.41026878372003345,1,1,0,1,1,1
69_1CMB.A,0.052,0.98,0.00957,0,1CMB.A,0.21855858618876287,0.32121804004799015,0.3245745194069468,0,1,0,0,0,0
68_1CMB.A,0.0,0.0,0.01866,0,1CMB.A,0.015583791776891611,0.027459461898643244,0.008713142405985507,0,0,0,0,0,0
67_1CMB.A,0.184,0.96,0.05292,0,1CMB.A,0.3221944080991339,0.3603628092804882,0.3512773074124263,0,0,0,0,0,0
66_1CMB.A,0.184,0.95,0.39845,0,1CMB.A,0.4753996637206054,0.47255970446750484,0.40459989708594546,0,0,1,1,1,1
65_1CMB.A,0.184,0.98,1.0,0,1CMB.A,0.5921644644856887,0.6966859753181551,0.5122907099109911,0,1,1,1,1,1
92_1CMB.A,0.0,0.0,0.00479,0,1CMB.A,0.012260284256119898,0.026936793318250447,0.006446898659908545,0,0,0,0,0,0
93_1CMB.A,0.0,0.07,0.01502,0,1CMB.A,0.015945246052320877,0.03309046712862135,0.030057558587392456,0,0,0,0,0,0
94_1CMB.A,0.0,0.59,0.03193,0,1CMB.A,0.05573060979979837,0.1319941067701622,0.1957971467546447,0,0,0,0,0,0
5_1CNZ.A,0.0,0.06,0.17966,0,1CNZ.A,0.07056350375718735,0.04036530912636679,0.053824212339652656,0,0,0,0,0,0
17_1CNZ.A,0.0,0.25,0.06244,0,1CNZ.A,0.04680198756055955,0.05735679647195534,0.09422058447230137,0,0,0,0,0,0
16_1CNZ.A,0.0,0.0,0.00026,0,1CNZ.A,0.011848029093358583,0.026768192518997928,0.005706733975717583,0,0,0,0,0,0
15_1CNZ.A,0.0,0.0,0.01554,0,1CNZ.A,0.013965210178814675,0.02734103724065278,0.008203360106940076,0,0,0,0,0,0
14_1CNZ.A,0.0,0.06,0.02655,0,1CNZ.A,0.018389477816881,0.03271512474898079,0.028807299581048204,0,0,0,0,0,0
13_1CNZ.A,0.0,0.0,0.02526,0,1CNZ.A,0.016500711000505038,0.027711620298670688,0.00979152803858161,0,0,0,0,0,0
12_1CNZ.A,0.0,0.0,0.02915,0,1CNZ.A,0.01706502352633818,0.02786129312066564,0.010427121994763254,0,0,0,0,0,0
11_1CNZ.A,0.0,0.0,0.0399,0,1CNZ.A,0.02408579955763844,0.02827900792400804,0.012183583441794786,0,0,0,0,0,0
10_1CNZ.A,0.0,0.0,0.00246,0,1CNZ.A,0.012099895023662594,0.02684994513651429,0.006066195853249618,0,0,0,0,0,0
9_1CNZ.A,0.0,0.0,0.0035,0,1CNZ.A,0.012260284256119898,0.026888676295325063,0.0062361232862647616,0,0,0,0,0,0
8_1CNZ.A,0.0,0.0,0.00078,0,1CNZ.A,0.011848029093358583,0.026787493991323692,0.005791697692225155,0,0,0,0,0,0
7_1CNZ.A,0.0,0.0,0.00013,0,1CNZ.A,0.011911687957688459,0.026763369264584256,0.00568549304659069,0,0,0,0,0,0
6_1CNZ.A,0.0,0.02,0.06671,0,1CNZ.A,0.028479392384154867,0.030998488218714298,0.02283244865108444,0,0,0,0,0,0
4_1CNZ.A,0.0,0.03,0.07927,0,1CNZ.A,0.03666887882642928,0.032413787631512675,0.02801881521640446,0,0,0,0,0,0
95_1CMB.A,0.0,0.74,0.06381,0,1CMB.A,0.13790424095345183,0.19548351224747915,0.24801856656566595,0,0,0,0,0,0
3_1CNZ.A,0.0,0.04,0.20065,0,1CNZ.A,0.07992749761579518,0.039349706139795035,0.05098547337855903,0,0,0,0,0,0
2_1CNZ.A,0.0,0.08,0.20065,0,1CNZ.A,0.08085327332667712,0.04384538691893426,0.06352213749110756,0,0,0,0,0,0
1_1CNZ.A,0.0,0.11,0.33031,0,1CNZ.A,0.10964916839121068,0.05662985841587041,0.09411001150315697,0,0,1,0,0,0
104_1CMB.A,0.22,0.85,0.07272,0,1CMB.A,0.26199447250444025,0.30791760161814835,0.3270970254070919,0,0,0,0,0,0
103_1CMB.A,0.086,0.97,0.08116,0,1CMB.A,0.24410350022152172,0.34731081028316635,0.33980571331881354,0,1,0,0,0,0
102_1CMB.A,0.133,0.97,0.11559,0,1CMB.A,0.26898511374995715,0.372469106094635,0.35464901970497126,0,1,1,0,0,0
101_1CMB.A,0.0,0.49,0.04479,0,1CMB.A,0.05666347978898008,0.10458338900453659,0.16655670453921062,0,0,0,0,0,0
100_1CMB.A,0.0,0.46,0.00474,0,1CMB.A,0.04138971113092208,0.09203798364580247,0.15061036636609104,0,0,0,0,0,0
99_1CMB.A,0.0,0.0,0.00246,0,1CMB.A,0.012099895023662594,0.02684994513651429,0.006066195853249618,0,0,0,0,0,0
98_1CMB.A,0.0,0.51,0.03781,0,1CMB.A,0.05523663451901143,0.10901811623796152,0.17168456209313324,0,0,0,0,0,0
97_1CMB.A,0.0,0.67,0.05902,0,1CMB.A,0.08045890024367656,0.1653271693660111,0.2252967578262613,0,0,0,0,0,0
96_1CMB.A,0.0,0.97,0.05397,0,1CMB.A,0.2579041631989816,0.31436999657598375,0.3184966102696768,0,1,0,0,0,0
79_1CNZ.A,0.0,0.17,0.12124,0,1CNZ.A,0.05731978820873075,0.05014494544505271,0.07875469188306049,0,0,0,0,0,0
81_1CNZ.A,0.0,0.0,0.05959,0,1CNZ.A,0.02745692332455934,0.029059926628795765,0.015400767245706493,0,0,0,0,0,0
140_1CLI.A,0.266,0.93,0.00178,0,1CLI.A,0.4364227073568619,0.3483622873088523,0.34960094812978776,1,0,0,1,1,1
153_1CNZ.A,0.0,0.73,0.40376,0,1CNZ.A,0.28907873709541243,0.277119569197389,0.30042943020435386,0,0,1,0,0,0
196_1CNZ.A,0.134,0.0,0.19054,0,1CNZ.A,0.10373584965782984,0.04106178701917123,0.06307724944853507,0,0,0,0,0,0
194_1CNZ.A,0.0,0.0,0.00609,0,1CNZ.A,0.012835006956377057,0.0269853680348797,0.006659307951177474,0,0,0,0,0,0
193_1CNZ.A,0.0,0.0,0.0,0,1CNZ.A,0.011911687957688459,0.026758546855358632,0.005664252117463797,0,0,0,0,0,0
192_1CNZ.A,0.0,0.0,0.00039,0,1CNZ.A,0.011848029093358583,0.026773016618739164,0.005727974904844476,0,0,0,0,0,0
191_1CNZ.A,0.0,0.0,0.01826,0,1CNZ.A,0.015197141762671972,0.027444251438841553,0.008647785700979682,0,0,0,0,0,0
190_1CNZ.A,0.0,0.0,0.0022,0,1CNZ.A,0.012099895023662594,0.026840270826525486,0.006023713994995831,0,0,0,0,0,0
189_1CNZ.A,0.0,0.1,0.04352,0,1CNZ.A,0.03629452906821512,0.03734077944276506,0.04411672190346885,0,0,0,0,0,0
188_1CNZ.A,0.0,0.05,0.05544,0,1CNZ.A,0.02890202817501814,0.03312677045090517,0.030393521571956746,0,0,0,0,0,0
187_1CNZ.A,0.0,0.03,0.04404,0,1CNZ.A,0.027550985110370685,0.030876444963060762,0.022262523423016475,0,0,0,0,0,0
186_1CNZ.A,0.0,0.08,0.03808,0,1CNZ.A,0.025726734278656044,0.03510087403234385,0.03695953865911537,0,0,0,0,0,0
185_1CNZ.A,0.0,0.15,0.09443,0,1CNZ.A,0.05100294715201385,0.045825192329193645,0.06810582667377083,0,0,0,0,0,0
184_1CNZ.A,0.0,0.24,0.06891,0,1CNZ.A,0.04835619575156639,0.05633797395722211,0.09214356314763344,0,0,0,0,0,0
183_1CNZ.A,0.0,0.0,0.00052,0,1CNZ.A,0.011848029093358583,0.026777841563947496,0.005749215833971369,0,0,0,0,0,0
182_1CNZ.A,0.0,0.29,0.00751,0,1CNZ.A,0.03355691198046405,0.05925839036498162,0.09778213906992506,0,0,0,0,0,0
181_1CNZ.A,0.0,0.5,0.06153,0,1CNZ.A,0.05897228282501334,0.10955996541918973,0.1724260486718415,0,0,0,0,0,0
180_1CNZ.A,0.0,0.0,0.0035,0,1CNZ.A,0.012260284256119898,0.026888676295325063,0.0062361232862647616,0,0,0,0,0,0
179_1CNZ.A,0.0,0.0,0.00013,0,1CNZ.A,0.011911687957688459,0.026763369264584256,0.00568549304659069,0,0,0,0,0,0
178_1CNZ.A,0.0,0.46,0.0272,0,1CNZ.A,0.04509731878770761,0.09474637630844229,0.1542801453521681,0,0,0,0,0,0
177_1CNZ.A,0.0,0.85,0.11788,0,1CNZ.A,0.19747695412057592,0.26359695005489914,0.2913289854743368,0,0,0,0,0,0
176_1CNZ.A,0.0,0.0,0.00052,0,1CNZ.A,0.011848029093358583,0.026777841563947496,0.005749215833971369,0,0,0,0,0,0
175_1CNZ.A,0.0,0.0,0.0,0,1CNZ.A,0.011911687957688459,0.026758546855358632,0.005664252117463797,0,0,0,0,0,0
174_1CNZ.A,0.0,0.91,0.20907,0,1CNZ.A,0.3762491795182612,0.3255970311987286,0.32503367646686243,0,0,0,0,0,0
173_1CNZ.A,0.426,0.98,0.1601,0,1CNZ.A,0.412998814266739,0.4863251675436721,0.4225194616957152,0,1,0,1,1,0
172_1CNZ.A,0.0,0.0,0.00168,0,1CNZ.A,0.011878216457422697,0.026820932374372348,0.00593875027848826,0,0,0,0,0,0
171_1CNZ.A,0.194,0.0,0.14236,0,1CNZ.A,0.12320143929437767,0.04138720883102325,0.0669723466745597,0,0,0,0,0,0
164_1CNZ.A,0.535,0.97,0.37642,0,1CNZ.A,0.5226584838740583,0.5902003481038472,0.4761074858262846,1,1,1,1,1,1
155_1CNZ.A,0.324,0.57,0.24184,0,1CNZ.A,0.27744505886929427,0.226902939249121,0.28736986622527333,0,0,0,0,0,0
197_1CNZ.A,0.704,0.81,0.53769,0,1CNZ.A,0.4047336836472845,0.5889144133028716,0.4854556153523467,1,0,1,1,1,0
202_1CNZ.A,0.0,0.0,0.01127,0,1CNZ.A,0.013279529798889356,0.02717976670658696,0.007505677281002901,0,0,0,0,0,0
203_1CNZ.A,0.535,0.88,0.25518,0,1CNZ.A,0.4223270536317213,0.48454260493680923,0.428090374285785,1,0,0,1,1,1
220_1CNZ.A,0.0,0.08,0.07707,0,1CNZ.A,0.036844485983404014,0.03703105338684259,0.0433301834795581,0,0,0,0,0,0
237_1CNZ.A,0.0,0.0,0.00207,0,1CNZ.A,0.012099895023662594,0.026835434942718853,0.006002473065868938,0,0,0,0,0,0
236_1CNZ.A,0.324,0.75,0.04223,0,1CNZ.A,0.25732492694357745,0.2684968553002488,0.3111702250162103,0,0,0,0,0,0
233_1CNZ.A,0.0,0.0,0.01321,0,1CNZ.A,0.0136725739971429,0.02725292222023292,0.007822657300281149,0,0,0,0,0,0
232_1CNZ.A,0.704,0.86,0.15427,0,1CNZ.A,0.3496792113826484,0.48861860271617585,0.43847877590969925,1,0,0,1,1,0
229_1CNZ.A,0.0,0.0,0.00246,0,1CNZ.A,0.012099895023662594,0.02684994513651429,0.006066195853249618,0,0,0,0,0,0
228_1CNZ.A,0.757,0.69,0.28523,0,1CNZ.A,0.3470754044439335,0.43270484143923715,0.4169901978874539,1,0,0,0,0,0
226_1CNZ.A,0.929,0.0,0.18951,0,1CNZ.A,0.22373186582743543,0.1058475745291822,0.2188258444908295,1,0,0,0,0,0
225_1CNZ.A,0.801,0.87,0.3263,0,1CNZ.A,0.45232466998197324,0.5870918156168444,0.48874504846597794,1,0,0,1,1,1
224_1CNZ.A,0.053,0.42,0.15285,0,1CNZ.A,0.06686918956982062,0.10687834525934026,0.17266811543675312,0,0,0,0,0,0
223_1CNZ.A,0.194,0.14,0.17163,0,1CNZ.A,0.15530735029701465,0.06263345021443605,0.11563314795728082,0,0,0,0,0,0
222_1CNZ.A,0.0,0.14,0.08549,0,1CNZ.A,0.0493240111177393,0.0440675300775552,0.06351093828875352,0,0,0,0,0,0
221_1CNZ.A,0.0,0.29,0.07021,0,1CNZ.A,0.05301753914148935,0.06443715457017951,0.10802680257958805,0,0,0,0,0,0
219_1CNZ.A,0.0,0.0,0.01969,0,1CNZ.A,0.015768783768895903,0.027498666548715203,0.008881435921375505,0,0,0,0,0,0
205_1CNZ.A,0.0,0.0,0.00117,0,1CNZ.A,0.011848029093358583,0.026801978976880695,0.005855420479605833,0,0,0,0,0,0
218_1CNZ.A,0.0,0.04,0.03187,0,1CNZ.A,0.02147774323044678,0.031203805199323427,0.023408211701351402,0,0,0,0,0,0
217_1CNZ.A,0.0,0.03,0.04288,0,1CNZ.A,0.027129191011654605,0.030827044914018296,0.02207298897849958,0,0,0,0,0,0
216_1CNZ.A,0.0,0.0,0.04961,0,1CNZ.A,0.02623503850369739,0.028661533168667944,0.013770117455811174,0,0,0,0,0,0
215_1CNZ.A,0.0,0.06,0.06943,0,1CNZ.A,0.03032045124742512,0.03470393297076883,0.035813538357672585,0,0,0,0,0,0
214_1CNZ.A,0.0,0.07,0.07435,0,1CNZ.A,0.03520913273119533,0.03590350873702213,0.03975159185738136,0,0,0,0,0,0
213_1CNZ.A,0.0,0.14,0.01658,0,1CNZ.A,0.02912625073165211,0.04011311488285948,0.05225161193387512,0,0,0,0,0,0
212_1CNZ.A,0.0,0.0,0.02798,0,1CNZ.A,0.016580063070364665,0.02781619346403917,0.010235953632621218,0,0,0,0,0,0
211_1CNZ.A,0.0,0.66,0.10389,0,1CNZ.A,0.09484290476829227,0.17031119514084878,0.2294939801821525,0,0,0,0,0,0
210_1CNZ.A,0.0,0.33,0.08614,0,1CNZ.A,0.053774009815434655,0.07310814575849796,0.12316629746899356,0,0,0,0,0,0
209_1CNZ.A,0.0,0.0,0.00026,0,1CNZ.A,0.011848029093358583,0.026768192518997928,0.005706733975717583,0,0,0,0,0,0
208_1CNZ.A,0.0,0.0,0.02448,0,1CNZ.A,0.016190783381551558,0.027681702936839813,0.009664082463820254,0,0,0,0,0,0
206_1CNZ.A,0.036,0.85,0.20531,0,1CNZ.A,0.26281151103219647,0.2980257400566092,0.31267471467737057,0,0,0,0,0,0
154_1CNZ.A,0.0,0.94,0.17461,0,1CNZ.A,0.38023159046884225,0.33345614349502095,0.32880569441502205,0,1,0,0,0,0
149_1CNZ.A,0.0,0.97,0.43795,0,1CNZ.A,0.4193756387250817,0.44204484950400835,0.38123577924001795,0,1,1,0,0,1
82_1CNZ.A,0.0,0.12,0.27306,0,1CNZ.A,0.10797216117427672,0.053847631870679244,0.08788999912733547,0,0,0,0,0,0
148_1CNZ.A,0.0,0.94,0.38575,0,1CNZ.A,0.3967981745589815,0.4032674027897756,0.36330423115234645,0,1,1,0,0,0
110_1CNZ.A,0.0,0.57,0.00337,0,1CNZ.A,0.047947500262998106,0.12125969081241435,0.18486234596095458,0,0,0,0,0,0
109_1CNZ.A,0.0,0.0,0.01852,0,1CNZ.A,0.015197141762671972,0.027454137306089407,0.008690267559233468,0,0,0,0,0,0
108_1CNZ.A,0.0,0.0,0.0092,0,1CNZ.A,0.013047041457815734,0.027101919525358467,0.007167456332597759,0,0,0,0,0,0
107_1CNZ.A,0.0,0.0,0.00026,0,1CNZ.A,0.011848029093358583,0.026768192518997928,0.005706733975717583,0,0,0,0,0,0
106_1CNZ.A,0.0,0.0,0.00687,0,1CNZ.A,0.012949580032353771,0.027014553732902447,0.006786753525938832,0,0,0,0,0,0
105_1CNZ.A,0.0,0.0,0.04352,0,1CNZ.A,0.026105880259911896,0.028421034773704848,0.012775061622097498,0,0,0,0,0,0
104_1CNZ.A,0.0,0.0,0.00091,0,1CNZ.A,0.011848029093358583,0.02679232147377072,0.005812938621352048,0,0,0,0,0,0
103_1CNZ.A,0.0,0.55,0.2908,0,1CNZ.A,0.18302806635237379,0.16415855755057743,0.22555770820424062,0,0,0,0,0,0
102_1CNZ.A,0.0,0.0,0.08096,0,1CNZ.A,0.035387757568140506,0.029931145422513166,0.018892449210642665,0,0,0,0,0,0
101_1CNZ.A,0.0,0.22,0.14132,0,1CNZ.A,0.06586721498622379,0.05887263570124192,0.09770642861503856,0,0,0,0,0,0
100_1CNZ.A,0.0,0.26,0.22319,0,1CNZ.A,0.13744012596666258,0.07295066811661376,0.12361997632465421,0,0,0,0,0,0
99_1CNZ.A,0.0,0.0,0.01399,0,1CNZ.A,0.0136725739971429,0.02728238917459031,0.007950102875042508,0,0,0,0,0,0
98_1CNZ.A,0.0,0.0,0.00311,0,1CNZ.A,0.012099895023662594,0.026874145748537085,0.006172400498884082,0,0,0,0,0,0
97_1CNZ.A,0.0,0.23,0.0421,0,1CNZ.A,0.04409098069422464,0.05290996109247637,0.08462886396648094,0,0,0,0,0,0
96_1CNZ.A,0.0,0.98,0.05415,0,1CNZ.A,0.27292060603903745,0.3205395896911344,0.3216601868150666,0,1,0,0,0,0
95_1CNZ.A,0.0,0.0,0.00687,0,1CNZ.A,0.012949580032353771,0.027014553732902447,0.006786753525938832,0,0,0,0,0,0
94_1CNZ.A,0.0,0.0,0.0022,0,1CNZ.A,0.012099895023662594,0.026840270826525486,0.006023713994995831,0,0,0,0,0,0
93_1CNZ.A,0.0,0.0,0.0228,0,1CNZ.A,0.015768783768895903,0.027617372082652872,0.009389584302795791,0,0,0,0,0,0
91_1CNZ.A,0.0,0.56,0.14948,0,1CNZ.A,0.08650934694359322,0.14176960151157342,0.20560135035382,0,0,0,0,0,0
90_1CNZ.A,0.0,0.0,0.0057,0,1CNZ.A,0.01272638021532879,0.026970786684428115,0.006595585163796796,0,0,0,0,0,0
89_1CNZ.A,0.0,0.41,0.11528,0,1CNZ.A,0.06424259443070474,0.09341358698078615,0.15300086165376492,0,0,0,0,0,0
88_1CNZ.A,0.0,0.26,0.05337,0,1CNZ.A,0.045781865575076026,0.058189624392386945,0.09587278721443145,0,0,0,0,0,0
87_1CNZ.A,0.0,0.45,0.11503,0,1CNZ.A,0.06808787055930882,0.10338804775650662,0.16549667782568483,0,0,0,0,0,0
86_1CNZ.A,0.0,0.51,0.15751,0,1CNZ.A,0.08341633650600871,0.1267149355267474,0.19124255606612622,0,0,0,0,0,0
85_1CNZ.A,0.0,0.39,0.08769,0,1CNZ.A,0.05828301517309745,0.08561574287438752,0.14222455086971394,0,0,0,0,0,0
84_1CNZ.A,0.0,0.08,0.11852,0,1CNZ.A,0.04268755593174352,0.03919480923838429,0.05010277203578666,0,0,0,0,0,0
83_1CNZ.A,0.0,0.43,0.14326,0,1CNZ.A,0.0732281555842413,0.10189337258640699,0.16384089522519663,0,0,0,0,0,0
111_1CNZ.A,0.0,0.0,0.00078,0,1CNZ.A,0.011848029093358583,0.026787493991323692,0.005791697692225155,0,0,0,0,0,0
112_1CNZ.A,0.0,0.33,0.03342,0,1CNZ.A,0.041470809967308876,0.0681801609470238,0.1145522837492259,0,0,0,0,0,0
113_1CNZ.A,0.0,0.0,0.01904,0,1CNZ.A,0.015583791776891611,0.027473919423194326,0.00877523127574104,0,0,0,0,0,0
134_1CNZ.A,0.0,0.0,0.00091,0,1CNZ.A,0.011848029093358583,0.02679232147377072,0.005812938621352048,0,0,0,0,0,0
147_1CNZ.A,0.0,0.0,0.11101,0,1CNZ.A,0.041185807251393564,0.031199173584689342,0.023802371674205226,0,0,0,0,0,0
146_1CNZ.A,0.0,0.96,0.15751,0,1CNZ.A,0.3275762161486005,0.3406241363524319,0.3322800273322973,0,1,0,0,0,0
144_1CNZ.A,0.535,0.95,0.28109,0,1CNZ.A,0.4612405651949048,0.5430381940304688,0.45426301704949723,1,1,0,1,1,1
143_1CNZ.A,0.0,0.0,0.03705,0,1CNZ.A,0.02408579955763844,0.02816767624828873,0.011717916918628286,0,0,0,0,0,0
142_1CNZ.A,0.0,0.0,0.07189,0,1CNZ.A,0.033055955865406585,0.029558326944136046,0.017410485924635594,0,0,0,0,0,0
141_1CNZ.A,0.0,0.93,0.10039,0,1CNZ.A,0.2586064755178562,0.3043806351522547,0.3135445917730542,0,0,0,0,0,0
140_1CNZ.A,0.0,0.0,0.00039,0,1CNZ.A,0.011848029093358583,0.026773016618739164,0.005727974904844476,0,0,0,0,0,0
139_1CNZ.A,0.0,0.0,0.00648,0,1CNZ.A,0.012949580032353771,0.02699995704977377,0.0067230307385581535,0,0,0,0,0,0
138_1CNZ.A,0.0,0.0,0.01399,0,1CNZ.A,0.0136725739971429,0.02728238917459031,0.007950102875042508,0,0,0,0,0,0
137_1CNZ.A,0.0,0.0,0.0,0,1CNZ.A,0.011911687957688459,0.026758546855358632,0.005664252117463797,0,0,0,0,0,0
136_1CNZ.A,0.0,0.0,0.0,0,1CNZ.A,0.011911687957688459,0.026758546855358632,0.005664252117463797,0,0,0,0,0,0
135_1CNZ.A,0.0,0.0,0.00233,0,1CNZ.A,0.012099895023662594,0.02684510755774402,0.0060449549241227245,0,0,0,0,0,0
133_1CNZ.A,0.0,0.06,0.02902,0,1CNZ.A,0.018953790342714143,0.0328266346785545,0.02921087723445917,0,0,0,0,0,0
114_1CNZ.A,0.0,0.0,0.02772,0,1CNZ.A,0.016580063070364665,0.02780618095268665,0.01019347177436743,0,0,0,0,0,0
132_1CNZ.A,0.0,0.0,0.01969,0,1CNZ.A,0.015768783768895903,0.027498666548715203,0.008881435921375505,0,0,0,0,0,0
131_1CNZ.A,0.0,0.04,0.02228,0,1CNZ.A,0.017657550585271863,0.03079352612305536,0.021841284698836762,0,0,0,0,0,0
130_1CNZ.A,0.0,0.04,0.03731,0,1CNZ.A,0.02553090440809723,0.031438885693205826,0.024297062889430614,0,0,0,0,0,0
129_1CNZ.A,0.0,0.13,0.02772,0,1CNZ.A,0.029717904737660228,0.03964023093885147,0.050937630140150195,0,0,0,0,0,0
128_1CNZ.A,0.0,0.0,0.01891,0,1CNZ.A,0.015583791776891611,0.027468972595736038,0.008753990346614147,0,0,0,0,0,0
127_1CNZ.A,0.0,0.24,0.10285,0,1CNZ.A,0.056929811410485615,0.05896375338676502,0.09768907956737766,0,0,0,0,0,0
126_1CNZ.A,0.0,0.96,0.05803,0,1CNZ.A,0.2562968993968449,0.30955451026118047,0.31602581479734876,0,1,0,0,0,0
125_1CNZ.A,0.458,0.39,0.11438,0,1CNZ.A,0.1840986056707231,0.148843415608398,0.23640929457024576,0,0,0,0,0,0
118_1CNZ.A,0.0,0.15,0.08951,0,1CNZ.A,0.05063914825075542,0.04551975993576349,0.06730193920219918,0,0,0,0,0,0
117_1CNZ.A,0.0,0.0,0.02694,0,1CNZ.A,0.016580063070364665,0.027776164419939648,0.010066026199606073,0,0,0,0,0,0
116_1CNZ.A,0.0,0.08,0.04534,0,1CNZ.A,0.02760513261790769,0.03545277859209181,0.03814576285497108,0,0,0,0,0,0
115_1CNZ.A,0.0,0.27,0.05648,0,1CNZ.A,0.04680198756055955,0.06000484666733238,0.09951510162398887,0,0,0,0,0,0
64_1CMB.A,1.0,0.95,0.4403,0,1CMB.A,0.5363494890231669,0.7300693004839044,0.571473290225256,1,0,1,1,1,1
63_1CMB.A,0.698,0.97,0.12099,0,1CMB.A,0.40003130787378943,0.5522530109223184,0.4663401931283256,1,1,1,1,1,1
62_1CMB.A,1.0,0.0,0.28273,0,1CMB.A,0.23738554800516848,0.12896316162137283,0.2479818775328087,1,0,1,0,0,0
210_1CLI.A,0.0,0.04,0.11843,0,1CLI.A,0.04202231997728325,0.03515409272883023,0.03755140266461181,0,0,0,0,0,0
238_1CLI.A,0.0,0.06,0.0456,0,1CLI.A,0.027409302747348877,0.03358470970268617,0.03191991265695059,0,0,0,0,0,0
237_1CLI.A,0.0,0.11,0.01497,0,1CLI.A,0.025869046000936466,0.03689597034592663,0.042586053111815264,0,0,0,0,0,0
236_1CLI.A,0.0,0.0,0.00102,0,1CLI.A,0.011848029093358583,0.026796406927405845,0.005830911715228649,0,0,0,0,0,0
235_1CLI.A,0.0,0.02,0.05135,0,1CLI.A,0.027214202050434087,0.030348051226846553,0.02032275117886078,0,0,0,0,0,0
234_1CLI.A,0.0,0.03,0.0077,0,1CLI.A,0.01483834684872973,0.029364705281438367,0.016324866773237322,0,0,0,0,0,0
233_1CLI.A,0.0,0.0,0.0,0,1CLI.A,0.011911687957688459,0.026758546855358632,0.005664252117463797,0,0,0,0,0,0
232_1CLI.A,0.0,0.0,0.01235,0,1CLI.A,0.0136725739971429,0.027220468870703698,0.0076821403845186275,0,0,0,0,0,0
231_1CLI.A,0.0,0.1,0.0527,0,1CLI.A,0.03750331713834499,0.03781363346400182,0.045616658283352526,0,0,0,0,0,0
230_1CLI.A,0.0,0.0,0.0022,0,1CLI.A,0.012099895023662594,0.026840270826525486,0.006023713994995831,0,0,0,0,0,0
229_1CLI.A,0.0,0.0,0.00364,0,1CLI.A,0.012260284256119898,0.026893894252213196,0.0062589981330168,0,0,0,0,0,0
228_1CLI.A,0.0,0.0,0.0214,0,1CLI.A,0.015768783768895903,0.027563874016968713,0.009160835835275405,0,0,0,0,0,0
227_1CLI.A,0.0,0.05,0.05507,0,1CLI.A,0.02854532695173677,0.03310989547974878,0.030333066619826356,0,0,0,0,0,0
226_1CLI.A,0.0,0.0,0.00914,0,1CLI.A,0.013047041457815734,0.02709966632076606,0.007157652826846886,0,0,0,0,0,0
225_1CLI.A,0.0,0.01,0.03045,0,1CLI.A,0.01959603470305708,0.028687393670682234,0.013773697314169319,0,0,0,0,0,0
224_1CLI.A,0.0,0.01,0.01971,0,1CLI.A,0.015549491932799813,0.028264213164466846,0.012018869784762931,0,0,0,0,0,0
223_1CLI.A,0.0,0.0,0.00609,0,1CLI.A,0.012835006956377057,0.0269853680348797,0.006659307951177474,0,0,0,0,0,0
222_1CLI.A,0.0,0.0,0.0,0,1CLI.A,0.011911687957688459,0.026758546855358632,0.005664252117463797,0,0,0,0,0,0
221_1CLI.A,0.0,0.0,0.01396,0,1CLI.A,0.0136725739971429,0.02728125525778615,0.00794520112216707,0,0,0,0,0,0
220_1CLI.A,0.0,0.01,0.03858,0,1CLI.A,0.02364919588070754,0.029011816941185764,0.0151020723434127,0,0,0,0,0,0
219_1CLI.A,0.0,0.0,0.00381,0,1CLI.A,0.012260284256119898,0.02690023166641431,0.006286774732644275,0,0,0,0,0,0
218_1CLI.A,0.0,0.0,0.00398,0,1CLI.A,0.012260284256119898,0.02690657053270374,0.006314551332271751,0,0,0,0,0,0
217_1CLI.A,0.0,0.0,0.02301,0,1CLI.A,0.015768783768895903,0.02762540548891256,0.009423896572923848,0,0,0,0,0,0
216_1CLI.A,0.0,0.02,0.06463,0,1CLI.A,0.028700180128420873,0.03090962449389656,0.022492593785054152,0,0,0,0,0,0
215_1CLI.A,0.0,0.03,0.06556,0,1CLI.A,0.02916612143214297,0.03180691801562757,0.02577871415232983,0,0,0,0,0,0
214_1CLI.A,0.0,0.03,0.18958,0,1CLI.A,0.07525491162311529,0.03772029719282953,0.0460425605393857,0,0,1,0,0,0
213_1CLI.A,0.0,0.0,0.09297,0,1CLI.A,0.03626909807447098,0.030431829740887945,0.02085478427844254,0,0,0,0,0,0
212_1CLI.A,0.0,0.04,0.1395,0,1CLI.A,0.04594296957323331,0.036186297619908915,0.04099406710079362,0,0,0,0,0,0
239_1CLI.A,0.0,0.56,0.05846,0,1CLI.A,0.06259803482138336,0.12671642852456008,0.19072943212974464,0,0,0,0,0,0
240_1CLI.A,0.0,0.0,0.01946,0,1CLI.A,0.015583791776891611,0.027489907398276333,0.008843855815997156,0,0,0,0,0,0
241_1CLI.A,0.0,0.18,0.05177,0,1CLI.A,0.0417627997978597,0.04688135243360297,0.07053803216931107,0,0,0,0,0,0
256_1CLI.A,0.0,0.0,0.00025,0,1CLI.A,0.011848029093358583,0.0267678214694178,0.005705100058092437,0,0,0,0,0,0
269_1CLI.A,0.0,0.0,0.00491,0,1CLI.A,0.012260284256119898,0.026941273574316398,0.006466505671410292,0,0,0,0,0,0
268_1CLI.A,0.0,0.0,0.00711,0,1CLI.A,0.012949580032353771,0.027023540120209515,0.006825967548942327,0,0,0,0,0,0
267_1CLI.A,0.0,0.0,0.0,0,1CLI.A,0.011911687957688459,0.026758546855358632,0.005664252117463797,0,0,0,0,0,0
266_1CLI.A,0.0,0.0,0.00347,0,1CLI.A,0.012260284256119898,0.026887558289787183,0.006231221533389324,0,0,0,0,0,0
265_1CLI.A,0.0,0.0,0.00195,0,1CLI.A,0.011878216457422697,0.0268309718019941,0.005982866054367191,0,0,0,0,0,0
264_1CLI.A,0.0,0.14,0.01726,0,1CLI.A,0.029178281781929726,0.04015042342993199,0.052362718332385025,0,0,0,0,0,0
263_1CLI.A,0.0,0.08,0.02149,0,1CLI.A,0.01860193766567033,0.03430931918661711,0.0342488693189988,0,0,0,0,0,0
262_1CLI.A,0.0,0.05,0.01548,0,1CLI.A,0.015853976995190634,0.031351477379873344,0.023864386741874882,0,0,0,0,0,0
261_1CLI.A,0.0,0.0,0.00931,0,1CLI.A,0.013047041457815734,0.027106050873470296,0.007185429426474361,0,0,0,0,0,0
260_1CLI.A,0.0,0.1,0.00609,0,1CLI.A,0.024735167181830234,0.03547098848211508,0.03800096823254883,0,0,0,0,0,0
258_1CLI.A,0.0,0.33,0.00854,0,1CLI.A,0.03355691198046405,0.06596298674830506,0.11048709669786362,0,0,0,0,0,0
257_1CLI.A,0.0,0.0,0.0,0,1CLI.A,0.011911687957688459,0.026758546855358632,0.005664252117463797,0,0,0,0,0,0
255_1CLI.A,0.0,0.81,0.00601,0,1CLI.A,0.14598218265341179,0.21423841984473055,0.2605136848892843,0,0,0,0,0,0
242_1CLI.A,0.0,0.0,0.00364,0,1CLI.A,0.012260284256119898,0.026893894252213196,0.0062589981330168,0,0,0,0,0,0
254_1CLI.A,0.0,0.0,0.02242,0,1CLI.A,0.015768783768895903,0.02760284121197318,0.009327495433040258,0,0,0,0,0,0
253_1CLI.A,0.0,0.0,0.0,0,1CLI.A,0.011911687957688459,0.026758546855358632,0.005664252117463797,0,0,0,0,0,0
252_1CLI.A,0.0,0.0,0.0,0,1CLI.A,0.011911687957688459,0.026758546855358632,0.005664252117463797,0,0,0,0,0,0
251_1CLI.A,0.0,0.0,0.00102,0,1CLI.A,0.011848029093358583,0.026796406927405845,0.005830911715228649,0,0,0,0,0,0
250_1CLI.A,0.0,0.98,0.00203,0,1CLI.A,0.2650871830357675,0.30459161627055703,0.31314420815280763,0,1,0,0,0,0
249_1CLI.A,0.0,0.0,8e-05,0,1CLI.A,0.011911687957688459,0.02676151439179053,0.005677323458464962,0,0,0,0,0,0
248_1CLI.A,0.0,0.0,0.0,0,1CLI.A,0.011911687957688459,0.026758546855358632,0.005664252117463797,0,0,0,0,0,0
247_1CLI.A,0.0,0.0,0.0,0,1CLI.A,0.011911687957688459,0.026758546855358632,0.005664252117463797,0,0,0,0,0,0
246_1CLI.A,0.0,0.0,0.0,0,1CLI.A,0.011911687957688459,0.026758546855358632,0.005664252117463797,0,0,0,0,0,0
245_1CLI.A,0.0,0.0,0.00017,0,1CLI.A,0.011911687957688459,0.026764853252838876,0.005692028717091273,0,0,0,0,0,0
244_1CLI.A,0.0,0.0,0.00025,0,1CLI.A,0.011848029093358583,0.0267678214694178,0.005705100058092437,0,0,0,0,0,0
243_1CLI.A,0.0,0.0,0.03105,0,1CLI.A,0.019815326539153175,0.02793468324369526,0.01073756634354092,0,0,0,0,0,0
211_1CLI.A,0.0,0.18,0.14813,0,1CLI.A,0.0637204017563391,0.05340967599860519,0.08628246240521417,0,0,1,0,0,0
209_1CLI.A,0.0,0.03,0.06235,0,1CLI.A,0.02890202817501814,0.03166642370810714,0.025254226594658088,0,0,0,0,0,0
60_1CMB.A,1.0,0.99,0.20377,0,1CMB.A,0.5058357215596725,0.6837280602481565,0.5453629007502353,1,1,1,1,1,1
208_1CLI.A,0.0,0.0,0.01988,0,1CLI.A,0.015768783768895903,0.027505904414143075,0.008912480356253272,0,0,0,0,0,0
177_1CLI.A,0.0,0.04,0.04272,0,1CLI.A,0.027129191011654605,0.03167436874458326,0.025181012324634388,0,0,0,0,0,0
176_1CLI.A,0.0,0.05,0.04035,0,1CLI.A,0.02553090440809723,0.03244524084888953,0.027927939875612016,0,0,0,0,0,0
175_1CLI.A,0.0,0.0,0.0165,0,1CLI.A,0.015145110712394348,0.027377422631165237,0.008360216198954055,0,0,0,0,0,0
174_1CLI.A,0.0,0.28,0.04543,0,1CLI.A,0.04488072629414384,0.060712621439057625,0.10084378867634011,0,0,0,0,0,0
173_1CLI.A,0.0,0.48,0.03536,0,1CLI.A,0.05155383381101444,0.10074687207548343,0.16188175419056117,0,0,0,0,0,0
172_1CLI.A,0.0,0.0,0.00922,0,1CLI.A,0.013047041457815734,0.027102670634027187,0.007170724167848051,0,0,0,0,0,0
171_1CLI.A,0.0,0.76,0.02276,0,1CLI.A,0.1386027828042884,0.19516424110998887,0.2475796667707175,0,0,0,0,0,0
170_1CLI.A,0.0,0.0,0.00601,0,1CLI.A,0.01272638021532879,0.026982376363911317,0.0066462366101763095,0,0,0,0,0,0
169_1CLI.A,0.0,0.89,0.01218,0,1CLI.A,0.1834386775027369,0.25634893648473306,0.2865951402890962,0,0,0,0,0,0
168_1CLI.A,0.0,0.41,0.04602,0,1CLI.A,0.04934631204703404,0.08538786203138002,0.14168434818200643,0,0,0,0,0,0
167_1CLI.A,0.0,0.67,0.03409,0,1CLI.A,0.07437043009524107,0.16048537059333773,0.22122340118677328,0,0,0,0,0,0
166_1CLI.A,0.0,0.97,0.01345,0,1CLI.A,0.25318194686262735,0.30206581549839717,0.31187597605258677,0,1,0,0,0,0
165_1CLI.A,0.0,0.0,0.01455,0,1CLI.A,0.0136725739971429,0.027303564031819095,0.00804160226205066,0,0,0,0,0,0
164_1CLI.A,0.0,0.0,0.0,0,1CLI.A,0.011911687957688459,0.026758546855358632,0.005664252117463797,0,0,0,0,0,0
163_1CLI.A,0.0,0.0,8e-05,0,1CLI.A,0.011911687957688459,0.02676151439179053,0.005677323458464962,0,0,0,0,0,0
162_1CLI.A,0.0,0.0,0.0,0,1CLI.A,0.011911687957688459,0.026758546855358632,0.005664252117463797,0,0,0,0,0,0
161_1CLI.A,0.16,0.93,0.00271,0,1CLI.A,0.30872457110946955,0.31849435719464153,0.3289639839945684,1,0,0,0,0,0
160_1CLI.A,0.0,0.0,0.00102,0,1CLI.A,0.011848029093358583,0.026796406927405845,0.005830911715228649,0,0,0,0,0,0
158_1CLI.A,0.0,0.0,0.00025,0,1CLI.A,0.011848029093358583,0.0267678214694178,0.005705100058092437,0,0,0,0,0,0
156_1CLI.A,0.0,0.0,0.00025,0,1CLI.A,0.011848029093358583,0.0267678214694178,0.005705100058092437,0,0,0,0,0,0
153_1CLI.A,0.02,0.12,0.04297,0,1CLI.A,0.034436325289056734,0.04037459283932115,0.05421762593835217,0,0,0,0,0,0
152_1CLI.A,0.0,0.08,0.23221,0,1CLI.A,0.08341226462092009,0.04576897222317203,0.06867878151606711,0,0,1,0,0,0
151_1CLI.A,0.013,0.24,0.18577,0,1CLI.A,0.1130786957525112,0.06690057290350619,0.1137871088562799,0,0,1,0,0,0
146_1CLI.A,1.0,0.87,0.11903,0,1CLI.A,0.3271674373241492,0.5772874073423605,0.4939070904571058,1,0,0,1,1,1
144_1CLI.A,0.377,0.93,0.16107,0,1CLI.A,0.377524177223795,0.4360553882924447,0.3973971498170881,1,0,1,1,1,1
143_1CLI.A,0.202,0.82,0.00068,0,1CLI.A,0.22791401685554435,0.26499048518619445,0.30239359104793856,1,0,0,0,0,0
142_1CLI.A,0.18,0.0,0.00076,0,1CLI.A,0.10708939428980399,0.03350024271448957,0.04109036688890341,1,0,0,0,0,0
178_1CLI.A,0.0,0.03,0.03206,0,1CLI.A,0.02147774323044678,0.03036993290308181,0.020305090108092033,0,0,0,0,0,0
179_1CLI.A,0.0,0.0,0.01929,0,1CLI.A,0.015583791776891611,0.027483434986203065,0.008816079216369682,0,0,0,0,0,0
180_1CLI.A,0.0,0.0,0.00871,0,1CLI.A,0.012949580032353771,0.027083523682930287,0.007087394368965625,0,0,0,0,0,0
195_1CLI.A,0.0,0.97,0.01514,0,1CLI.A,0.25329427280926803,0.30257351769096913,0.3121521081312364,0,1,0,0,0,0
207_1CLI.A,0.0,0.04,0.11691,0,1CLI.A,0.04202231997728325,0.03508073599840137,0.037303047185589674,0,0,0,0,0,0
206_1CLI.A,0.0,0.03,0.21969,0,1CLI.A,0.08137353923909366,0.039308168254787015,0.050962286508699134,0,0,1,0,0,0
205_1CLI.A,0.0,0.09,0.18399,0,1CLI.A,0.07381299675486544,0.04403397435679459,0.06393419675575211,0,0,1,0,0,0
204_1CLI.A,0.0,0.15,0.24524,0,1CLI.A,0.1226287803947872,0.056188456274136565,0.0927469383785918,0,0,1,0,0,0
203_1CLI.A,0.0,0.85,0.21859,0,1CLI.A,0.33457917638293777,0.29236699739768607,0.3077841698771782,0,0,1,0,0,1
202_1CLI.A,0.0,0.56,0.13679,0,1CLI.A,0.08650934694359322,0.13958469162474438,0.2035279088875102,0,0,0,0,0,0
201_1CLI.A,0.0,0.0,0.03045,0,1CLI.A,0.019815326539153175,0.027911487153573607,0.010639531286032183,0,0,0,0,0,0
200_1CLI.A,0.0,0.0,0.05507,0,1CLI.A,0.027100222101277972,0.02887883069549869,0.014662236479140677,0,0,0,0,0,0
199_1CLI.A,0.0,0.98,0.07436,0,1CLI.A,0.27368105450264074,0.3268408992210941,0.3249623343354858,0,1,0,0,0,0
198_1CLI.A,0.0,0.94,0.0478,0,1CLI.A,0.23947856715746188,0.294586960764404,0.30808598501055057,0,0,0,0,0,0
197_1CLI.A,0.0,0.0,8e-05,0,1CLI.A,0.011911687957688459,0.02676151439179053,0.005677323458464962,0,0,0,0,0,0
196_1CLI.A,0.0,0.9,0.04027,0,1CLI.A,0.19484740454450974,0.2695698608528896,0.29431898092626735,0,0,0,0,0,0
194_1CLI.A,0.0,0.0,0.00025,0,1CLI.A,0.011848029093358583,0.0267678214694178,0.005705100058092437,0,0,0,0,0,0
181_1CLI.A,0.0,0.0,0.0,0,1CLI.A,0.011911687957688459,0.026758546855358632,0.005664252117463797,0,0,0,0,0,0
193_1CLI.A,0.0,0.3,0.00059,0,1CLI.A,0.03245536104146887,0.06029032727616462,0.09978563410146143,0,0,0,0,0,0
192_1CLI.A,0.0,0.92,0.00076,0,1CLI.A,0.2317815396597228,0.26960177375855804,0.29413170444559134,0,0,0,0,0,0
191_1CLI.A,0.0,0.0,8e-05,0,1CLI.A,0.011911687957688459,0.02676151439179053,0.005677323458464962,0,0,0,0,0,0
190_1CLI.A,0.0,0.0,0.0,0,1CLI.A,0.011911687957688459,0.026758546855358632,0.005664252117463797,0,0,0,0,0,0
189_1CLI.A,0.0,0.0,0.0,0,1CLI.A,0.011911687957688459,0.026758546855358632,0.005664252117463797,0,0,0,0,0,0
188_1CLI.A,0.0,0.0,0.00406,0,1CLI.A,0.012260284256119898,0.026909554031146594,0.0063276226732729155,0,0,0,0,0,0
187_1CLI.A,0.0,0.07,0.03451,0,1CLI.A,0.024490004209227603,0.03399024978279681,0.033242064038801256,0,0,0,0,0,0
186_1CLI.A,0.0,0.0,0.01683,0,1CLI.A,0.015197141762671972,0.02738994097437667,0.00841413548058386,0,0,0,0,0,0
185_1CLI.A,0.0,0.0,0.00821,0,1CLI.A,0.012949580032353771,0.027064764928323996,0.007005698487708344,0,0,0,0,0,0
184_1CLI.A,0.0,0.0,0.0,0,1CLI.A,0.011911687957688459,0.026758546855358632,0.005664252117463797,0,0,0,0,0,0
183_1CLI.A,0.0,0.0,0.0,0,1CLI.A,0.011911687957688459,0.026758546855358632,0.005664252117463797,0,0,0,0,0,0
182_1CLI.A,0.0,0.0,0.0,0,1CLI.A,0.011911687957688459,0.026758546855358632,0.005664252117463797,0,0,0,0,0,0
270_1CLI.A,0.0,0.05,0.05972,0,1CLI.A,0.02890202817501814,0.03332257752148184,0.031092838315519067,0,0,0,0,0,0
271_1CLI.A,0.0,0.1,0.08104,0,1CLI.A,0.04545356448326932,0.039309957300067554,0.05024718083301519,0,0,0,0,0,0
272_1CLI.A,0.0,0.27,0.11759,0,1CLI.A,0.06059760255998188,0.06510634353234014,0.1094999722312537,0,0,0,0,0,0
273_1CLI.A,0.0,0.26,0.0818,0,1CLI.A,0.052943103948651024,0.060448877565408524,0.10051801502272042,0,0,0,0,0,0
15_1CMB.A,0.0,0.57,0.00408,0,1CMB.A,0.047947500262998106,0.12136748645707557,0.1849783541123399,0,0,0,0,0,0
14_1CMB.A,0.0,0.86,0.01243,0,1CMB.A,0.1657160918804989,0.24061145214456564,0.2772334901453134,0,0,0,0,0,0
13_1CMB.A,0.0,0.6,0.009,0,1CMB.A,0.04993882366916412,0.13148611389296305,0.19518473966832295,0,0,0,0,0,0
12_1CMB.A,0.0,0.92,0.02121,0,1CMB.A,0.23055603478991557,0.2753756657980906,0.29747306598901413,0,0,0,0,0,0
11_1CMB.A,0.0,0.0,0.03768,0,1CMB.A,0.02408579955763844,0.028192249708852556,0.01182085372901246,0,0,0,0,0,0
10_1CMB.A,0.416,0.0,0.07075,0,1CMB.A,0.13774194591031613,0.04925933146118184,0.09881091823360386,1,0,0,0,0,0
9_1CMB.A,0.22,0.0,0.09178,0,1CMB.A,0.11361300415936601,0.039877372814105104,0.06380716000896289,0,0,0,0,0,0
8_1CMB.A,0.086,0.99,0.28251,0,1CMB.A,0.37573466044850967,0.4285759706488986,0.37897297675739466,0,1,1,1,1,1
7_1CMB.A,0.29,0.0,0.04927,0,1CMB.A,0.12574317935743934,0.04100729261216963,0.0705899072524411,1,0,0,0,0,0
6_1CMB.A,0.22,0.36,0.22423,0,1CMB.A,0.22214047980843699,0.12166487498032208,0.19827837596695339,0,0,1,0,0,0
5_1CMB.A,0.0,0.0,0.0141,0,1CMB.A,0.0136725739971429,0.027286547261466093,0.00796807596891911,0,0,0,0,0,0
4_1CMB.A,0.22,0.31,0.15941,0,1CMB.A,0.15997794078721894,0.09884089778530501,0.17201649178007383,0,0,1,0,0,0
3_1CMB.A,0.113,0.0,0.0751,0,1CMB.A,0.04587435789194803,0.03415584697819084,0.04009674506346248,0,0,0,0,0,0
2_1CMB.A,0.22,0.19,0.37644,0,1CMB.A,0.2388510734667898,0.09624412190211028,0.16986741366096342,0,0,1,0,0,0
1_1CMB.A,0.133,0.54,0.07892,0,1CMB.A,0.11629376525469448,0.1434114752276732,0.2138883045636655,0,0,0,0,0,0
345_1CLI.A,0.0,0.03,0.05025,0,1CLI.A,0.02768014335415618,0.031142211629878513,0.0232771862682319,0,0,0,0,0,0
344_1CLI.A,0.0,0.33,0.05456,0,1CLI.A,0.04644528633727819,0.07011812150663348,0.11800638560878372,0,0,0,0,0,0
343_1CLI.A,0.0,0.04,0.02276,0,1CLI.A,0.017657550585271863,0.03081393672504255,0.02191971274484375,0,0,0,0,0,0
342_1CLI.A,0.0,0.0,0.01633,0,1CLI.A,0.015145110712394348,0.027370975957887324,0.00833243959932658,0,0,0,0,0,0
341_1CLI.A,0.0,0.01,0.01954,0,1CLI.A,0.01536449994079552,0.02825756374173604,0.011991093185135457,0,0,0,0,0,0
340_1CLI.A,0.0,0.02,0.00888,0,1CLI.A,0.014146055419925281,0.028617701804277446,0.01338350302486737,0,0,0,0,0,0
339_1CLI.A,0.0,0.03,0.04171,0,1CLI.A,0.026500738654455618,0.030777296520965353,0.021881820616357545,0,0,0,0,0,0
338_1CLI.A,0.0,0.06,0.01963,0,1CLI.A,0.017657550585271863,0.03240466199680579,0.027676628584447444,0,0,0,0,0,0
337_1CLI.A,0.0,0.04,0.0165,0,1CLI.A,0.017033877528770308,0.030548774074853843,0.020896880311502598,0,0,0,0,0,0
336_1CLI.A,0.0,0.02,0.0077,0,1CLI.A,0.014146055419925281,0.028571018407700446,0.01319070074510019,0,0,0,0,0,0
335_1CLI.A,0.0,0.03,0.01294,0,1CLI.A,0.015561340813518858,0.02957817617167323,0.017181039608813623,0,0,0,0,0,0
334_1CLI.A,0.0,0.09,0.02022,0,1CLI.A,0.018621769902795474,0.035195153497735054,0.03717552780874244,0,0,0,0,0,0
16_1CMB.A,0.0,0.39,0.00795,0,1CMB.A,0.037322798448177145,0.077132931178593,0.12919569172680284,0,0,0,0,0,0
17_1CMB.A,0.0,0.32,0.02964,0,1CMB.A,0.0372643186181235,0.06607611242639079,0.11080049685878372,0,0,0,0,0,0
18_1CMB.A,0.0,0.08,0.02169,0,1CMB.A,0.01860193766567033,0.0343187584320689,0.03428154767150171,0,0,0,0,0,0
46_1CMB.A,0.0,0.96,0.00786,0,1CMB.A,0.2522680785526681,0.2944933785719628,0.3078284500719932,0,0,0,0,0,0
59_1CMB.A,0.0,0.0,0.0101,0,1CMB.A,0.013279529798889356,0.027135739456849817,0.007314508918860864,0,0,0,0,0,0
58_1CMB.A,0.29,0.96,0.24009,0,1CMB.A,0.4339809832419183,0.45724810604323674,0.4026482620766346,1,0,1,1,1,1
57_1CMB.A,0.133,0.95,0.34654,0,1CMB.A,0.3910096021331189,0.43803663736054077,0.38611601520143485,0,0,1,1,1,1
56_1CMB.A,0.0,0.0,0.02587,0,1CMB.A,0.016500711000505038,0.02773503909637481,0.009891197013715493,0,0,0,0,0,0
55_1CMB.A,0.0,0.0,0.00856,0,1CMB.A,0.012949580032353771,0.027077894729752135,0.007062885604588441,0,0,0,0,0,0
53_1CMB.A,0.0,0.98,0.02723,0,1CMB.A,0.26843651952026987,0.3122470130529639,0.31726168056817455,0,1,0,0,0,0
52_1CMB.A,0.0,0.79,0.01212,0,1CMB.A,0.14479369972220085,0.2063125678265969,0.255243676501974,0,0,0,0,0,0
51_1CMB.A,0.0,0.0,0.00773,0,1CMB.A,0.012949580032353771,0.027046768407827423,0.0069272704417013544,0,0,0,0,0,0
50_1CMB.A,0.0,0.0,0.00466,0,1CMB.A,0.012260284256119898,0.026931940525010325,0.006425657730781652,0,0,0,0,0,0
49_1CMB.A,0.0,0.5,0.00597,0,1CMB.A,0.044006975639389864,0.1020751120241575,0.1633480023465325,0,0,0,0,0,0
48_1CMB.A,0.0,0.0,0.00466,0,1CMB.A,0.012260284256119898,0.026931940525010325,0.006425657730781652,0,0,0,0,0,0
47_1CMB.A,0.0,0.77,0.01181,0,1CMB.A,0.14484615667320036,0.19715446554215643,0.24892469299932019,0,0,0,0,0,0
45_1CMB.A,0.0,0.98,0.01533,0,1CMB.A,0.2660815489826572,0.30861884771630804,0.3153173185942513,0,1,0,0,0,0
29_1CMB.A,0.416,0.95,0.32515,0,1CMB.A,0.4853030916850005,0.5207140175416273,0.43812355529033603,1,0,1,1,1,1
44_1CMB.A,0.0,0.46,0.01959,0,1CMB.A,0.04374950118604588,0.09382080608037485,0.1530367340394323,0,0,0,0,0,0
43_1CMB.A,0.0,0.0,0.00483,0,1CMB.A,0.012260284256119898,0.0269382866564412,0.006453434330409127,0,0,0,0,0,0
42_1CMB.A,0.0,0.96,0.01265,0,1CMB.A,0.2523525182252085,0.2959128259981422,0.308611096614438,0,1,0,0,0,0
41_1CMB.A,0.0,0.95,0.0144,0,1CMB.A,0.24265044769334349,0.29058125683233454,0.3057628661707013,0,0,0,0,0,0
40_1CMB.A,0.0,0.69,0.02771,0,1CMB.A,0.10341673795306082,0.16696767774614446,0.2264492937982046,0,0,0,0,0,0
39_1CMB.A,0.0,0.97,0.0195,0,1CMB.A,0.2563163978806685,0.30388555668837586,0.31286449621579987,0,1,0,0,0,0
38_1CMB.A,0.0,0.98,0.01357,0,1CMB.A,0.26596922303601656,0.3080842296247139,0.3150297490922257,0,1,0,0,0,0
37_1CMB.A,0.0,0.97,0.02029,0,1CMB.A,0.2563163978806685,0.3041236313219043,0.31299357570818637,0,1,0,0,0,0
34_1CMB.A,0.282,0.97,0.01822,0,1CMB.A,0.37277095080592737,0.38474319437403315,0.36796172277646927,1,1,0,0,0,1
33_1CMB.A,0.466,0.98,0.03575,0,1CMB.A,0.3916105631803344,0.45497562405214764,0.41004657092301366,1,1,0,1,1,1
32_1CMB.A,0.282,0.98,0.24984,0,1CMB.A,0.440382869598078,0.47219102215761505,0.40894068883822904,1,1,1,1,1,1
31_1CMB.A,0.282,0.94,0.1115,0,1CMB.A,0.3576981769890717,0.3962154206835389,0.37380040829941613,1,0,0,1,1,0
333_1CLI.A,0.0,0.0,0.00491,0,1CLI.A,0.012260284256119898,0.026941273574316398,0.006466505671410292,0,0,0,0,0,0
332_1CLI.A,0.0,0.14,0.02411,0,1CLI.A,0.029347924801377916,0.0405281110824511,0.05348195190560977,0,0,0,0,0,0
331_1CLI.A,0.0,0.0,0.00161,0,1CLI.A,0.011848029093358583,0.026818330156158827,0.00592731285511224,0,0,0,0,0,0
287_1CLI.A,0.0,0.97,0.1219,0,1CLI.A,0.2815910100521576,0.3355886654430816,0.32959581269729094,0,1,0,1,0,0
299_1CLI.A,0.0,0.0,0.0,0,1CLI.A,0.011911687957688459,0.026758546855358632,0.005664252117463797,0,0,0,0,0,0
298_1CLI.A,0.0,0.0,0.00017,0,1CLI.A,0.011911687957688459,0.026764853252838876,0.005692028717091273,0,0,0,0,0,0
297_1CLI.A,0.0,0.43,0.00592,0,1CLI.A,0.04050442654430701,0.08533490668028029,0.1414006705614468,0,0,0,0,0,0
296_1CLI.A,0.0,0.89,0.01599,0,1CLI.A,0.18386338061970334,0.2573847909933282,0.2872176629042767,0,0,0,0,0,0
295_1CLI.A,0.0,0.0,0.00584,0,1CLI.A,0.01272638021532879,0.02697602013375883,0.006618460010548834,0,0,0,0,0,0
294_1CLI.A,0.0,0.0,0.00271,0,1CLI.A,0.012099895023662594,0.026859250555297025,0.006107043793878258,0,0,0,0,0,0
293_1CLI.A,0.0,0.75,0.06818,0,1CLI.A,0.14487472050948116,0.20095708091288755,0.2518667545959917,0,0,0,0,0,0
292_1CLI.A,0.0,0.25,0.04314,0,1CLI.A,0.04409098069422464,0.05588851421941029,0.09106712345577035,0,0,0,0,0,0
291_1CLI.A,0.0,0.7,0.08654,0,1CLI.A,0.12760479141577669,0.18313308657609267,0.2391957972150734,0,0,0,0,0,0
290_1CLI.A,0.0,0.97,0.12342,0,1CLI.A,0.2815910100521576,0.33607154839722425,0.32984416817631307,0,1,0,1,0,0
289_1CLI.A,0.0,0.0,0.09703,0,1CLI.A,0.03626909807447098,0.030602914619805254,0.021518154834251662,0,0,0,0,0,0
288_1CLI.A,0.0,0.78,0.27299,0,1CLI.A,0.28919877187644205,0.2681635782909501,0.2947335195610104,0,0,1,0,0,0
286_1CLI.A,0.0,0.24,0.22959,0,1CLI.A,0.13867243345546187,0.06981440425789434,0.11839735154847313,0,0,1,0,0,0
301_1CLI.A,0.0,0.0,0.00161,0,1CLI.A,0.011848029093358583,0.026818330156158827,0.00592731285511224,0,0,0,0,0,0
285_1CLI.A,0.0,0.04,0.2707,0,1CLI.A,0.08425244626816085,0.04329946389992507,0.06243106634270403,0,0,1,0,0,0
284_1CLI.A,0.0,0.06,0.11099,0,1CLI.A,0.04246692850968233,0.036742445233567164,0.04260410000777774,0,0,0,0,0,0
283_1CLI.A,0.0,0.0,0.00068,0,1CLI.A,0.011848029093358583,0.026783781118897603,0.005775358515973699,0,0,0,0,0,0
282_1CLI.A,0.0,0.11,0.20235,0,1CLI.A,0.10255557352540469,0.047644329309047856,0.07320240157179372,0,0,1,0,0,0
281_1CLI.A,0.0,0.2,0.10329,0,1CLI.A,0.05690110989627494,0.05303531023498035,0.08522430783033552,0,0,0,0,0,0
280_1CLI.A,0.0,0.0,0.00068,0,1CLI.A,0.011848029093358583,0.026783781118897603,0.005775358515973699,0,0,0,0,0,0
279_1CLI.A,0.0,0.0,0.00093,0,1CLI.A,0.011848029093358583,0.02679306423846547,0.005816206456602339,0,0,0,0,0,0
278_1CLI.A,0.0,0.32,0.14956,0,1CLI.A,0.06699821610759024,0.07743018536986933,0.13039443701952988,0,0,1,0,0,0
277_1CLI.A,0.0,0.12,0.01963,0,1CLI.A,0.02839963995256467,0.038154727524917394,0.04648162475327025,0,0,0,0,0,0
276_1CLI.A,0.0,0.0,0.0637,0,1CLI.A,0.02745692332455934,0.029225551658532103,0.01607230738964134,0,0,0,0,0,0
275_1CLI.A,0.0,0.08,0.17037,0,1CLI.A,0.05153928136048735,0.04207250192640784,0.058574634922166656,0,0,1,0,0,0
274_1CLI.A,0.0,0.0,0.07774,0,1CLI.A,0.03489812877065496,0.029798269810381046,0.01836632773534578,0,0,0,0,0,0
300_1CLI.A,0.0,0.0,0.0,0,1CLI.A,0.011911687957688459,0.026758546855358632,0.005664252117463797,0,0,0,0,0,0
302_1CLI.A,0.0,0.0,0.0,0,1CLI.A,0.011911687957688459,0.026758546855358632,0.005664252117463797,0,0,0,0,0,0
330_1CLI.A,0.0,0.0,0.00017,0,1CLI.A,0.011911687957688459,0.026764853252838876,0.005692028717091273,0,0,0,0,0,0
317_1CLI.A,0.0,0.0,0.03443,0,1CLI.A,0.023061826083308503,0.028065704777487085,0.011289830500840137,0,0,0,0,0,0
329_1CLI.A,0.0,0.03,0.05135,0,1CLI.A,0.02768014335415618,0.031189518122517766,0.023456917206997916,0,0,0,0,0,0
328_1CLI.A,0.0,0.0,0.05524,0,1CLI.A,0.02745692332455934,0.028885621965850497,0.014690013078768152,0,0,0,0,0,0
327_1CLI.A,0.0,0.0,0.04467,0,1CLI.A,0.026105880259911896,0.028466298556834833,0.012962962148989243,0,0,0,0,0,0
326_1CLI.A,0.0,0.04,0.07453,0,1CLI.A,0.03549135706648413,0.03309385396560637,0.030378504290222576,0,0,0,0,0,0
325_1CLI.A,0.0,0.0,0.03164,0,1CLI.A,0.019815326539153175,0.027957510989655394,0.010833967483424512,0,0,0,0,0,0
324_1CLI.A,0.0,0.1,0.08197,0,1CLI.A,0.04545356448326932,0.03936001067615783,0.050399135172153726,0,0,0,0,0,0
323_1CLI.A,0.0,0.12,0.07495,0,1CLI.A,0.047979570007493144,0.04115389522370219,0.055520457055575775,0,0,0,0,0,0
322_1CLI.A,0.0,0.06,0.08113,0,1CLI.A,0.03666887882642928,0.035266526915081316,0.03772522197909295,0,0,0,0,0,0
321_1CLI.A,0.0,0.09,0.08409,0,1CLI.A,0.037708928833703255,0.03841821862267845,0.04761135968054746,0,0,0,0,0,0
320_1CLI.A,0.0,0.0,0.00127,0,1CLI.A,0.011848029093358583,0.026805694302482384,0.00587175965585729,0,0,0,0,0,0
319_1CLI.A,0.0,0.2,0.02749,0,1CLI.A,0.03695653177975844,0.047867595174392645,0.0728392122317318,0,0,0,0,0,0
318_1CLI.A,0.0,0.05,0.04382,0,1CLI.A,0.027550985110370685,0.03260075123580663,0.028494909291537543,0,0,0,0,0,0
316_1CLI.A,0.0,0.0,0.0,0,1CLI.A,0.011911687957688459,0.026758546855358632,0.005664252117463797,0,0,0,0,0,0
303_1CLI.A,0.0,0.0,0.0,0,1CLI.A,0.011911687957688459,0.026758546855358632,0.005664252117463797,0,0,0,0,0,0
315_1CLI.A,0.0,0.03,0.04754,0,1CLI.A,0.02768014335415618,0.031025961745136693,0.022834394591817436,0,0,0,0,0,0
314_1CLI.A,0.0,0.02,0.05905,0,1CLI.A,0.02843608687129604,0.03067244705855585,0.0215808677502229,0,0,0,0,0,0
313_1CLI.A,0.0,0.0,0.00677,0,1CLI.A,0.012949580032353771,0.027010810262400237,0.006770414349687376,0,0,0,0,0,0
312_1CLI.A,0.0,0.02,0.05042,0,1CLI.A,0.027214202050434087,0.030309096603548403,0.020170796839722237,0,0,0,0,0,0
311_1CLI.A,0.0,0.05,0.0571,0,1CLI.A,0.02890202817501814,0.03320258205865678,0.030664751897730914,0,0,0,0,0,0
310_1CLI.A,0.0,0.12,0.03282,0,1CLI.A,0.034763354750742485,0.038850183396825805,0.04863676210083732,0,0,0,0,0,0
309_1CLI.A,0.0,0.0,0.02944,0,1CLI.A,0.01735581808074273,0.027872482647675202,0.010474505605892477,0,0,0,0,0,0
308_1CLI.A,0.0,0.0,0.00025,0,1CLI.A,0.011848029093358583,0.0267678214694178,0.005705100058092437,0,0,0,0,0,0
307_1CLI.A,0.0,0.0,0.0,0,1CLI.A,0.011911687957688459,0.026758546855358632,0.005664252117463797,0,0,0,0,0,0
306_1CLI.A,0.0,0.0,0.0,0,1CLI.A,0.011911687957688459,0.026758546855358632,0.005664252117463797,0,0,0,0,0,0
305_1CLI.A,0.0,0.0,0.0,0,1CLI.A,0.011911687957688459,0.026758546855358632,0.005664252117463797,0,0,0,0,0,0
304_1CLI.A,0.0,0.0,0.0,0,1CLI.A,0.011911687957688459,0.026758546855358632,0.005664252117463797,0,0,0,0,0,0
192_1DOW.A,0.0,0.91,0.02139,0,1DOW.A,0.22659317139510265,0.26983128704743825,0.29436831047812956,0,0,0,0,0,0
194_1DOW.A,0.0,0.0,0.06878,0,1DOW.A,0.02842479903690393,0.02943153127035243,0.01690233754321531,0,0,0,0,0,0
195_1DOW.A,0.075,0.61,0.02431,0,1DOW.A,0.06389503859426965,0.1490858832202177,0.21552957401052827,0,0,0,0,0,0
144_1KXP.D,0.0,0.0,0.01605,0,1KXP.D,0.0148447872956493,0.027360361123718115,0.008286689905822504,0,0,0,0,0,0
173_1KXP.D,0.0,0.02,0.00633,0,1KXP.D,0.014146055419925281,0.028516910914074343,0.012966854030455239,0,0,0,0,0,0
172_1KXP.D,0.0,0.01,0.00312,0,1KXP.D,0.011880603187566502,0.027622417352828537,0.009308200444646364,0,0,0,0,0,0
171_1KXP.D,0.0,0.0,9e-05,0,1KXP.D,0.011911687957688459,0.026761885356347437,0.005678957376090108,0,0,0,0,0,0
170_1KXP.D,0.0,0.0,0.0,0,1KXP.D,0.011911687957688459,0.026758546855358632,0.005664252117463797,0,0,0,0,0,0
169_1KXP.D,0.0,0.0,0.00245,0,1KXP.D,0.012099895023662594,0.02684957298497665,0.0060645619356244716,0,0,0,0,0,0
168_1KXP.D,0.0,0.0,0.00104,0,1KXP.D,0.011848029093358583,0.026797149802243177,0.00583417955047894,0,0,0,0,0,0
166_1KXP.D,0.0,0.0,0.14794,0,1KXP.D,0.045025575317570905,0.03282883392161913,0.029836429463867966,0,0,0,0,0,0
165_1KXP.D,0.0,0.0,0.11188,0,1KXP.D,0.041185807251393564,0.031236649191758163,0.023944522507592894,0,0,0,0,0,0
164_1KXP.D,0.0,0.0,0.00038,0,1KXP.D,0.011848029093358583,0.026772645504128886,0.0057263409872193305,0,0,0,0,0,0
163_1KXP.D,0.0,0.0,0.10659,0,1KXP.D,0.04023272099498462,0.03100945139676703,0.023080180083890865,0,0,0,0,0,0
162_1KXP.D,0.0,0.02,0.30457,0,1KXP.D,0.08222938211129455,0.04296125332446873,0.06169681328279795,0,0,0,0,0,0
161_1KXP.D,0.0,0.01,0.32005,0,1KXP.D,0.07894179753464678,0.042708288834552605,0.06109195173838621,0,0,0,0,0,0
160_1KXP.D,0.0,0.0,0.00651,0,1KXP.D,0.012949580032353771,0.02700107959925955,0.00672793249143359,0,0,0,0,0,0
159_1KXP.D,0.0,0.0,0.02521,0,1KXP.D,0.016500711000505038,0.027709701577167182,0.009783358450455883,0,0,0,0,0,0
158_1KXP.D,0.0,0.01,0.1756,0,1KXP.D,0.06077491781060114,0.035044802510626735,0.037490011643157864,0,0,0,0,0,0
157_1KXP.D,0.0,0.01,0.00661,0,1KXP.D,0.01273028819625768,0.02775624370565351,0.009878437695822181,0,0,0,0,0,0
156_1KXP.D,0.0,0.01,0.01341,0,1KXP.D,0.013453282161046808,0.028018805667437738,0.010989501680921197,0,0,0,0,0,0
155_1KXP.D,0.0,0.0,0.03975,0,1KXP.D,0.02408579955763844,0.028273137725656747,0.012159074677417602,0,0,0,0,0,0
154_1KXP.D,0.0,0.02,0.08922,0,1KXP.D,0.03696833606919236,0.031976135346629825,0.02651039722528721,0,0,0,0,0,0
153_1KXP.D,0.0,0.03,0.04286,0,1KXP.D,0.027129191011654605,0.030826193860437105,0.02206972114324929,0,0,0,0,0,0
152_1KXP.D,0.0,0.03,0.05278,0,1KXP.D,0.02841025238530024,0.03125112054536698,0.023690567427393738,0,0,0,0,0,0
151_1KXP.D,0.0,0.01,0.03559,0,1KXP.D,0.023144837869474584,0.028892090874479016,0.014613530973494162,0,0,0,0,0,0
150_1KXP.D,0.0,0.04,0.06986,0,1KXP.D,0.034153459606725355,0.03288167622267783,0.029615464759279578,0,0,0,0,0,0
149_1KXP.D,0.0,0.07,0.05986,0,1KXP.D,0.028885101450478446,0.0351959375305379,0.037384045218545374,0,0,0,0,0,0
148_1KXP.D,0.0,0.02,0.0676,0,1KXP.D,0.028479392384154867,0.031036587143504588,0.022977867319722397,0,0,0,0,0,0
147_1KXP.D,0.0,0.02,0.03314,0,1KXP.D,0.02310309727776599,0.029594046801664987,0.017347387183470623,0,0,0,0,0,0
146_1KXP.D,0.0,0.05,0.0641,0,1KXP.D,0.02890202817501814,0.033524116292721756,0.03180849423533284,0,0,0,0,0,0
174_1KXP.D,0.0,0.0,0.00453,0,1KXP.D,0.012260284256119898,0.026927088581831512,0.0064044168016547595,0,0,0,0,0,0
175_1KXP.D,0.0,0.0,0.00019,0,1KXP.D,0.011911687957688459,0.026765595276974134,0.005695296552341564,0,0,0,0,0,0
176_1KXP.D,0.0,0.02,0.00425,0,1KXP.D,0.01345675964369141,0.028434952399197952,0.012626999164424953,0,0,0,0,0,0
191_1KXP.D,0.0,0.26,0.08185,0,1KXP.D,0.052943103948651024,0.06045292231636241,0.10052618461084614,0,1,0,0,0,0
206_1KXP.D,0.0,0.0,0.0507,0,1KXP.D,0.02623503850369739,0.028704785931667517,0.013948214476952046,0,0,0,0,0,0
204_1KXP.D,0.0,0.92,0.28786,0,1KXP.D,0.39241266656743323,0.3571560408778491,0.3410414794635218,0,1,0,1,1,1
202_1KXP.D,0.0,0.05,0.04069,0,1KXP.D,0.026007831569260648,0.03246044644105629,0.027983493074866965,0,0,0,0,0,0
201_1KXP.D,0.0,0.1,0.07931,0,1KXP.D,0.04545356448326932,0.039217009617887974,0.049964513083865,0,0,0,0,0,0
200_1KXP.D,0.0,0.72,0.39265,0,1KXP.D,0.29152255071433486,0.26838407454787255,0.2954799816946799,0,1,1,1,1,1
199_1KXP.D,0.0,0.0,0.10971,0,1KXP.D,0.041185807251393564,0.031143256626846087,0.023589962382936296,0,0,0,0,0,0
198_1KXP.D,0.0,0.0,0.0202,0,1KXP.D,0.015768783768895903,0.02751809868786904,0.008964765720257931,0,0,0,0,0,0
197_1KXP.D,0.0,0.1,0.12708,0,1KXP.D,0.05495909120422085,0.04186255489807789,0.057769737579185576,0,0,0,0,0,0
195_1KXP.D,0.0,0.16,0.04239,0,1KXP.D,0.04000753674969412,0.04385943039308064,0.0627370853806502,0,0,0,0,0,0
194_1KXP.D,0.0,0.2,0.06297,0,1KXP.D,0.04633036258719345,0.050224084181774376,0.07863635196574842,0,0,0,0,0,0
193_1KXP.D,0.0,0.15,0.06231,0,1KXP.D,0.04202497697695885,0.04386588786309045,0.06285768326180313,0,0,0,0,0,0
192_1KXP.D,0.0,0.38,0.05476,0,1KXP.D,0.04777133045153732,0.07991506071355368,0.1337098941019723,0,1,0,0,0,0
190_1KXP.D,0.0,0.08,0.04107,0,1KXP.D,0.026696568525014425,0.03524539490970228,0.0374480800290339,0,0,0,0,0,0
177_1KXP.D,0.0,0.02,0.02313,0,1KXP.D,0.01696525915646742,0.029187340252095087,0.01571183564069987,0,0,0,0,0,0
189_1KXP.D,0.0,0.0,0.00472,0,1KXP.D,0.012260284256119898,0.026934180170099124,0.006435461236532526,0,0,0,0,0,0
188_1KXP.D,0.0,0.13,0.06326,0,1KXP.D,0.040960428630242796,0.04161280065846947,0.056744573379917694,0,0,0,0,0,0
187_1KXP.D,0.0,0.02,0.06486,0,1KXP.D,0.028700180128420873,0.03091943863085441,0.022530173890432503,0,0,0,0,0,0
186_1KXP.D,0.0,0.0,0.01256,0,1KXP.D,0.0136725739971429,0.027228390057680987,0.0077164526546466845,0,0,0,0,0,0
185_1KXP.D,0.0,0.0,0.0237,0,1KXP.D,0.015768783768895903,0.027651816955108988,0.009536636889058895,0,0,0,0,0,0
184_1KXP.D,0.0,0.07,0.06316,0,1KXP.D,0.028885101450478446,0.03535589118000311,0.037923238034843425,0,0,0,0,0,0
183_1KXP.D,0.0,0.04,0.03361,0,1KXP.D,0.023704311070324766,0.031278810748777836,0.023692513368126736,0,0,0,0,0,0
182_1KXP.D,0.0,0.0,0.04702,0,1KXP.D,0.02623503850369739,0.028559011812222805,0.01334693279089846,0,0,0,0,0,0
181_1KXP.D,0.0,0.1,0.03087,0,1KXP.D,0.030890314410138443,0.03669849243219589,0.042049816107659656,0,0,0,0,0,0
180_1KXP.D,0.0,0.02,0.05023,0,1KXP.D,0.027214202050434087,0.030301144093174352,0.02013975240484447,0,0,0,0,0,0
179_1KXP.D,0.0,0.0,0.00179,0,1KXP.D,0.011878216457422697,0.026825022070515916,0.005956723372364862,0,0,0,0,0,0
178_1KXP.D,0.0,0.0,0.10159,0,1KXP.D,0.0370694606919121,0.030796179689475074,0.02226322127131806,0,0,0,0,0,0
145_1KXP.D,0.0,0.3,0.02455,0,1KXP.D,0.03582870815907737,0.06225301460634814,0.10370050073131032,0,1,0,0,0,0
142_1KXP.D,0.0,0.63,0.20185,0,1KXP.D,0.1932523102919937,0.1782054340916996,0.23609733915366748,0,1,0,1,1,1
209_1KXP.D,0.0,0.42,0.02474,0,1KXP.D,0.0429524947736716,0.08522470215255773,0.14134153750383371,0,1,0,1,0,0
135_1KXP.D,0.031,0.29,0.94014,0,1KXP.D,0.1846723556588508,0.19833817441347232,0.25624597658826787,1,1,1,1,1,1
84_1KXP.D,0.0,0.0,0.01633,0,1KXP.D,0.015145110712394348,0.027370975957887324,0.00833243959932658,0,0,0,0,0,0
83_1KXP.D,0.0,0.01,0.00236,0,1KXP.D,0.011880603187566502,0.02759335788280891,0.009184022705135297,0,0,0,0,0,0
82_1KXP.D,0.0,0.01,0.01142,0,1KXP.D,0.013165173937471002,0.027941719011604995,0.01066435207351722,0,0,0,0,0,0
81_1KXP.D,0.0,0.01,0.01114,0,1KXP.D,0.013060237962793264,0.0279308891918226,0.010618602380013144,0,0,0,0,0,0
80_1KXP.D,0.0,0.01,0.00859,0,1KXP.D,0.01273028819625768,0.027832447931485912,0.010201953385601013,0,0,0,0,0,0
79_1KXP.D,0.0,0.01,0.00859,0,1KXP.D,0.01273028819625768,0.027832447931485912,0.010201953385601013,0,0,0,0,0,0
78_1KXP.D,0.0,0.01,0.0135,0,1KXP.D,0.013453282161046808,0.02802229687602354,0.011004206939547508,0,0,0,0,0,0
77_1KXP.D,0.0,0.02,0.03172,0,1KXP.D,0.021011801926724683,0.029536019477226002,0.017115370880699945,0,0,0,0,0,0
76_1KXP.D,0.0,0.01,0.01152,0,1KXP.D,0.01324678047608428,0.02794558779268898,0.010680691249768677,0,0,0,0,0,0
75_1KXP.D,0.0,0.02,0.01293,0,1KXP.D,0.014869049384714412,0.028778492454236842,0.014045239663051344,0,0,0,0,0,0
74_1KXP.D,0.0,0.0,0.00245,0,1KXP.D,0.012099895023662594,0.02684957298497665,0.0060645619356244716,0,0,0,0,0,0
73_1KXP.D,0.0,0.01,0.00481,0,1KXP.D,0.012040992420023806,0.027687143049966143,0.009584332523295972,0,0,0,0,0,0
72_1KXP.D,0.0,0.01,0.01142,0,1KXP.D,0.013165173937471002,0.027941719011604995,0.01066435207351722,0,0,0,0,0,0
71_1KXP.D,0.0,0.0,0.00151,0,1KXP.D,0.011848029093358583,0.026814613127456702,0.005910973678860784,0,0,0,0,0,0
70_1KXP.D,0.0,0.0,0.00198,0,1KXP.D,0.011878216457422697,0.0268320875194998,0.005987767807242628,0,0,0,0,0,0
69_1KXP.D,0.0,0.01,0.00255,0,1KXP.D,0.011880603187566502,0.027600619964385554,0.009215067140013064,0,0,0,0,0,0
68_1KXP.D,0.0,0.0,0.00038,0,1KXP.D,0.011848029093358583,0.026772645504128886,0.0057263409872193305,0,0,0,0,0,0
67_1KXP.D,0.0,0.0,0.00651,0,1KXP.D,0.012949580032353771,0.02700107959925955,0.00672793249143359,0,0,0,0,0,0
66_1KXP.D,0.0,0.01,0.00425,0,1KXP.D,0.012040992420023806,0.027665679174923415,0.009492833136287817,0,0,0,0,0,0
65_1KXP.D,0.0,0.01,0.01246,0,1KXP.D,0.013453282161046808,0.02798197977444476,0.010834279506532363,0,0,0,0,0,0
64_1KXP.D,0.0,0.0,0.00038,0,1KXP.D,0.011848029093358583,0.026772645504128886,0.0057263409872193305,0,0,0,0,0,0
63_1KXP.D,0.0,0.0,0.01378,0,1KXP.D,0.0136725739971429,0.027274452718834392,0.007915790604914449,0,0,0,0,0,0
62_1KXP.D,0.0,0.01,0.01709,0,1KXP.D,0.01497784992657588,0.028161902341919853,0.011590783366974782,0,0,0,0,0,0
61_1KXP.D,0.0,0.01,0.01123,0,1KXP.D,0.013060237962793264,0.02793436976064132,0.010633307638639454,0,0,0,0,0,0
60_1KXP.D,0.0,0.0,9e-05,0,1KXP.D,0.011911687957688459,0.026761885356347437,0.005678957376090108,0,0,0,0,0,0
59_1KXP.D,0.0,0.01,0.21412,0,1KXP.D,0.07460328900134612,0.03694818936523699,0.043783862335218755,0,0,0,0,0,0
58_1KXP.D,0.0,0.05,0.25397,0,1KXP.D,0.08464008498796219,0.043481663174892146,0.06283168818397256,0,0,0,0,0,0
85_1KXP.D,0.0,0.01,0.02294,0,1KXP.D,0.015549491932799813,0.02839084121314938,0.012546625177684964,0,0,0,0,0,0
86_1KXP.D,0.0,0.01,0.0118,0,1KXP.D,0.013453282161046808,0.027956423147745796,0.010726440943272754,0,0,0,0,0,0
87_1KXP.D,0.0,0.02,0.00614,0,1KXP.D,0.014031482343948569,0.02850941481281909,0.012935809595577472,0,0,0,0,0,0
102_1KXP.D,0.0,0.0,0.05712,0,1KXP.D,0.02745692332455934,0.02896082882144134,0.014997189592295528,0,0,0,0,0,0
133_1KXP.D,0.046,0.38,1.0,0,1KXP.D,0.18352039912421764,0.2614820896637914,0.2971759298316178,1,1,1,1,1,1
132_1KXP.D,0.046,0.0,0.41843,0,1KXP.D,0.0836325027742971,0.05026431677934518,0.08305387343681334,1,0,1,0,0,0
131_1KXP.D,0.031,0.02,0.42551,0,1KXP.D,0.08296338868215532,0.052571249934401404,0.08753719108569666,1,0,1,0,0,0
130_1KXP.D,0.0,0.0,0.14974,0,1KXP.D,0.045025575317570905,0.032910332692884174,0.03013053463639418,0,0,0,0,0,0
129_1KXP.D,0.0,0.02,0.27766,0,1KXP.D,0.08092432443296793,0.04141270180028826,0.05729994095353111,0,0,0,0,0,0
128_1KXP.D,0.031,0.01,0.06939,0,1KXP.D,0.027595943368425448,0.03146161921228018,0.02621595059087402,1,0,0,0,0,0
127_1KXP.D,0.079,0.01,0.13642,0,1KXP.D,0.05854186147702732,0.03661254639575249,0.046581950307406,1,0,0,0,0,0
126_1KXP.D,0.079,0.03,0.12453,0,1KXP.D,0.05192980227195429,0.03803162107517454,0.05090755430738214,1,0,0,0,0,0
106_1KXP.D,0.0,0.02,0.36112,0,1KXP.D,0.08735795391068163,0.04639749511895746,0.07093661745299637,0,0,1,0,0,0
105_1KXP.D,0.0,0.02,0.22356,0,1KXP.D,0.07804541740390071,0.03845963554963856,0.04846044660149335,0,0,0,0,0,0
104_1KXP.D,0.0,0.01,0.25123,0,1KXP.D,0.07700788877434411,0.03887567522568608,0.04984733064213412,0,0,0,0,0,0
103_1KXP.D,0.0,0.0,0.06495,0,1KXP.D,0.027721016581684174,0.0292761055556278,0.01627654709278454,0,0,0,0,0,0
101_1KXP.D,0.0,0.01,0.03833,0,1KXP.D,0.02364919588070754,0.02900178798856349,0.015061224402784061,0,0,0,0,0,0
88_1KXP.D,0.0,0.02,0.02946,0,1KXP.D,0.018552293468314243,0.02944389356672938,0.01674610549741704,0,0,0,0,0,0
100_1KXP.D,0.0,0.0,0.09205,0,1KXP.D,0.03626909807447098,0.03039319067913898,0.02070446385692915,0,0,0,0,0,0
99_1KXP.D,0.0,0.02,0.29012,0,1KXP.D,0.08092432443296793,0.042122966521988464,0.05933580231446254,0,0,0,0,0,0
98_1KXP.D,0.0,0.01,0.1842,0,1KXP.D,0.0681185661194249,0.03546138762918868,0.03889518080078309,0,0,0,0,0,0
97_1KXP.D,0.0,0.01,0.05797,0,1KXP.D,0.027020319647628438,0.029799994941967403,0.01827023861857004,0,0,0,0,0,0
96_1KXP.D,0.0,0.05,0.10744,0,1KXP.D,0.04151384225327339,0.03558277305305916,0.038889893222713925,0,0,0,0,0,0
95_1KXP.D,0.0,0.01,0.07836,0,1KXP.D,0.034461525093724056,0.030651200661876887,0.021601796656241942,0,0,0,0,0,0
94_1KXP.D,0.0,0.01,0.01105,0,1KXP.D,0.013060237962793264,0.027927409044216686,0.010603897121386832,0,0,0,0,0,0
93_1KXP.D,0.0,0.01,0.03927,0,1KXP.D,0.02364919588070754,0.029039514310853106,0.015214812659547747,0,0,0,0,0,0
92_1KXP.D,0.0,0.01,0.07062,0,1KXP.D,0.03335882867696255,0.03032534716455495,0.02033714441437924,0,0,0,0,0,0
91_1KXP.D,0.0,0.01,0.01983,0,1KXP.D,0.015549491932799813,0.028268907789275904,0.012038476796264679,0,0,0,0,0,0
90_1KXP.D,0.0,0.02,0.01105,0,1KXP.D,0.014476005186460868,0.02870374510181527,0.013738063149523968,0,0,0,0,0,0
89_1KXP.D,0.0,0.01,0.04333,0,1KXP.D,0.025669276582980988,0.029203007483799497,0.015878183215356865,0,0,0,0,0,0
208_1KXP.D,0.0,0.61,0.04097,0,1KXP.D,0.061867080267093505,0.14013975402618636,0.20354254034405062,0,1,0,1,1,0
212_1KXP.D,0.0,0.0,0.00784,0,1KXP.D,0.012949580032353771,0.027050891582596954,0.006945243535577956,0,0,0,0,0,0
337_1KXP.D,0.0,0.01,0.0337,0,1KXP.D,0.021822602542935065,0.028816658614362115,0.014304720542341642,0,0,0,0,0,0
275_1KXP.D,0.0,0.01,0.01681,0,1KXP.D,0.01497784992657588,0.028150989653617686,0.011545033673470704,0,0,0,0,0,0
303_1KXP.D,0.0,0.06,0.11896,0,1KXP.D,0.04202231997728325,0.037146326308833306,0.0439063323550188,0,0,0,0,0,0
302_1KXP.D,0.0,0.01,0.33686,0,1KXP.D,0.08214314683962284,0.04369794400587263,0.06383856726625597,0,0,0,0,0,0
301_1KXP.D,0.0,0.01,0.10923,0,1KXP.D,0.04114232055645846,0.031984870396077204,0.026645700365066444,0,0,0,0,0,0
300_1KXP.D,0.0,0.01,0.00944,0,1KXP.D,0.01282774962171964,0.027865224180944864,0.010340836383738389,0,0,0,0,0,0
299_1KXP.D,0.0,0.0,0.09356,0,1KXP.D,0.03626909807447098,0.030456634175676033,0.020951185418326135,0,0,0,0,0,0
298_1KXP.D,0.0,0.01,0.22989,0,1KXP.D,0.07460328900134612,0.037755789139358426,0.04636055043007339,0,0,0,0,0,0
297_1KXP.D,0.0,0.01,0.0405,0,1KXP.D,0.02364919588070754,0.02908895151537512,0.015415784527440657,0,0,0,0,0,0
296_1KXP.D,0.0,0.0,0.00085,0,1KXP.D,0.011848029093358583,0.02679009329983005,0.0058031351156011745,0,0,0,0,0,0
295_1KXP.D,0.0,0.02,0.25585,0,1KXP.D,0.08131196315276927,0.04019695560898027,0.05373636661308853,0,0,0,0,0,0
294_1KXP.D,0.0,0.01,0.08233,0,1KXP.D,0.034951153891209605,0.030819650483073918,0.022250461953424748,0,0,0,0,0,0
293_1KXP.D,0.0,0.01,0.01898,0,1KXP.D,0.01536449994079552,0.02823567050160178,0.011899593798127302,0,0,0,0,0,0
292_1KXP.D,0.0,0.01,0.01728,0,1KXP.D,0.01497784992657588,0.028169309719694863,0.01162182780185255,0,0,0,0,0,0
291_1KXP.D,0.0,0.01,0.01832,0,1KXP.D,0.01497784992657588,0.028209888897404837,0.011791755234867692,0,0,0,0,0,0
290_1KXP.D,0.0,0.01,0.01076,0,1KXP.D,0.013060237962793264,0.02791619809998459,0.01055651351025761,0,0,0,0,0,0
289_1KXP.D,0.0,0.0,0.00085,0,1KXP.D,0.011848029093358583,0.02679009329983005,0.0058031351156011745,0,0,0,0,0,0
288_1KXP.D,0.0,0.01,0.00699,0,1KXP.D,0.01273028819625768,0.02777085302519094,0.009940526565577715,0,0,0,0,0,0
287_1KXP.D,0.0,0.01,0.01813,0,1KXP.D,0.01497784992657588,0.02820247115862581,0.011760710799989926,0,0,0,0,0,0
286_1KXP.D,0.0,0.0,0.00802,0,1KXP.D,0.012949580032353771,0.02705763991401742,0.006974654052830577,0,0,0,0,0,0
285_1KXP.D,0.0,0.0,0.0,0,1KXP.D,0.011911687957688459,0.026758546855358632,0.005664252117463797,0,0,0,0,0,0
284_1KXP.D,0.0,0.01,0.01086,0,1KXP.D,0.013060237962793264,0.027920063448964173,0.010572852686509066,0,0,0,0,0,0
283_1KXP.D,0.0,0.01,0.01794,0,1KXP.D,0.01497784992657588,0.028195055313737324,0.011729666365112159,0,0,0,0,0,0
282_1KXP.D,0.0,0.0,0.00434,0,1KXP.D,0.012260284256119898,0.026919998809075908,0.006373372366776993,0,0,0,0,0,0
281_1KXP.D,0.0,0.0,0.00076,0,1KXP.D,0.011848029093358583,0.026786751376798576,0.005788429856974864,0,0,0,0,0,0
280_1KXP.D,0.0,0.01,0.02577,0,1KXP.D,0.01628141916440895,0.028502240289647617,0.013009023865601172,0,0,0,0,0,0
279_1KXP.D,0.0,0.02,0.0169,0,1KXP.D,0.016393617150243484,0.028936957663515752,0.01469390496023415,0,0,0,0,0,0
278_1KXP.D,0.0,0.0,0.0,0,1KXP.D,0.011911687957688459,0.026758546855358632,0.005664252117463797,0,0,0,0,0,0
277_1KXP.D,0.0,0.0,0.01397,0,1KXP.D,0.0136725739971429,0.027281633224964522,0.007946835039792216,0,0,0,0,0,0
304_1KXP.D,0.0,0.06,0.04815,0,1KXP.D,0.02768014335415618,0.03370279095245078,0.03233656165136273,0,0,0,0,0,0
305_1KXP.D,0.0,0.03,0.01898,0,1KXP.D,0.017472558593267577,0.02982610489499442,0.018167925854401572,0,0,0,0,0,0
306_1KXP.D,0.0,0.0,0.02171,0,1KXP.D,0.015768783768895903,0.027575711330726938,0.009211487281654919,0,0,0,0,0,0
323_1KXP.D,0.0,0.01,0.02615,0,1KXP.D,0.01628141916440895,0.028517230742694744,0.013071112735356705,0,0,0,0,0,0
335_1KXP.D,0.0,0.01,0.01765,0,1KXP.D,0.01497784992657588,0.028183740042942395,0.011682282753982936,0,0,0,0,0,0
334_1KXP.D,0.0,0.0,0.00991,0,1KXP.D,0.013279529798889356,0.027128596278922553,0.007283464483983098,0,0,0,0,0,0
333_1KXP.D,0.0,0.01,0.00887,0,1KXP.D,0.01273028819625768,0.027843240675309976,0.01024770307910509,0,0,0,0,0,0
332_1KXP.D,0.0,0.04,0.01454,0,1KXP.D,0.015561340813518858,0.030466207116006786,0.020576632456974057,0,0,0,0,0,0
331_1KXP.D,0.0,0.01,0.01161,0,1KXP.D,0.013453282161046808,0.027949070140489616,0.010695396508394987,0,0,0,0,0,0
330_1KXP.D,0.0,0.04,0.0119,0,1KXP.D,0.015561340813518858,0.030355336052829945,0.020145278203935614,0,0,0,0,0,0
329_1KXP.D,0.0,0.0,0.00453,0,1KXP.D,0.012260284256119898,0.026927088581831512,0.0064044168016547595,0,0,0,0,0,0
328_1KXP.D,0.0,0.01,0.00661,0,1KXP.D,0.01273028819625768,0.02775624370565351,0.009878437695822181,0,0,0,0,0,0
327_1KXP.D,0.0,0.01,0.01369,0,1KXP.D,0.013453282161046808,0.02802966859268833,0.011035251374425275,0,0,0,0,0,0
326_1KXP.D,0.0,0.01,0.00623,0,1KXP.D,0.012615715120280965,0.027741641852294035,0.009816348826066648,0,0,0,0,0,0
325_1KXP.D,0.0,0.01,0.01652,0,1KXP.D,0.014925818876298257,0.028139691555228483,0.011497650062341483,0,0,0,0,0,0
324_1KXP.D,0.0,0.01,0.02332,0,1KXP.D,0.015549491932799813,0.028405774790123597,0.012608714047440498,0,0,0,0,0,0
322_1KXP.D,0.0,0.01,0.03144,0,1KXP.D,0.01959603470305708,0.028726710047475634,0.013935455159058734,0,0,0,0,0,0
307_1KXP.D,0.0,0.0,0.19619,0,1KXP.D,0.0790200850139373,0.03508229916845093,0.03772008200519554,0,0,0,0,0,0
321_1KXP.D,0.0,0.01,0.02086,0,1KXP.D,0.015549491932799813,0.028309234468299978,0.012206770311654676,0,0,0,0,0,0
320_1KXP.D,0.0,0.01,0.01227,0,1KXP.D,0.013453282161046808,0.027974620238816483,0.010803235071654597,0,0,0,0,0,0
319_1KXP.D,0.0,0.01,0.08053,0,1KXP.D,0.034951153891209605,0.03074316446891993,0.02195635678089854,0,0,0,0,0,0
318_1KXP.D,0.0,0.01,0.027,0,1KXP.D,0.016360771234268573,0.028550789728006867,0.013209995733494082,0,0,0,0,0,0
317_1KXP.D,0.0,0.01,0.054,0,1KXP.D,0.02666361842434707,0.029636947792442078,0.01762157332138723,0,0,0,0,0,0
316_1KXP.D,0.0,0.01,0.37292,0,1KXP.D,0.08172223583665353,0.045895210601892875,0.06973047422253106,0,0,1,0,0,0
315_1KXP.D,0.0,0.0,0.20138,0,1KXP.D,0.0790200850139373,0.03533339432755834,0.038568085252646114,0,0,0,0,0,0
313_1KXP.D,0.0,0.0,0.28323,0,1KXP.D,0.08248308769043243,0.03952951706796622,0.05194170101446294,0,0,0,0,0,0
312_1KXP.D,0.0,0.0,0.00368,0,1KXP.D,0.012260284256119898,0.026895385277874686,0.006265533803517382,0,0,0,0,0,0
310_1KXP.D,0.0,0.07,0.42088,0,1KXP.D,0.09512714781881888,0.057497565891298806,0.09637173932155223,0,0,1,0,0,0
309_1KXP.D,0.0,0.0,0.00208,0,1KXP.D,0.012099895023662594,0.02683580690369846,0.006004106983494084,0,0,0,0,0,0
308_1KXP.D,0.0,0.0,0.0085,0,1KXP.D,0.012949580032353771,0.027075643466951006,0.007053082098837567,0,0,0,0,0,0
276_1KXP.D,0.0,0.01,0.02813,0,1KXP.D,0.016360771234268573,0.028595462794205835,0.013394628425135537,0,0,0,0,0,0
274_1KXP.D,0.0,0.0,0.00019,0,1KXP.D,0.011911687957688459,0.026765595276974134,0.005695296552341564,0,0,0,0,0,0
213_1KXP.D,0.0,0.0,0.00368,0,1KXP.D,0.012260284256119898,0.026895385277874686,0.006265533803517382,0,0,0,0,0,0
273_1KXP.D,0.0,0.0,0.00708,0,1KXP.D,0.012949580032353771,0.027022416662877753,0.00682106579606689,0,0,0,0,0,0
242_1KXP.D,0.0,0.0,0.00425,0,1KXP.D,0.012260284256119898,0.026916641129208416,0.006358667108150682,0,0,0,0,0,0
241_1KXP.D,0.0,0.0,0.00076,0,1KXP.D,0.011848029093358583,0.026786751376798576,0.005788429856974864,0,0,0,0,0,0
240_1KXP.D,0.0,0.0,0.0,0,1KXP.D,0.011911687957688459,0.026758546855358632,0.005664252117463797,0,0,0,0,0,0
239_1KXP.D,0.0,0.0,0.0,0,1KXP.D,0.011911687957688459,0.026758546855358632,0.005664252117463797,0,0,0,0,0,0
238_1KXP.D,0.0,0.0,0.0016,0,1KXP.D,0.011848029093358583,0.026817958430742337,0.005925678937487095,0,0,0,0,0,0
237_1KXP.D,0.0,0.0,0.0,0,1KXP.D,0.011911687957688459,0.026758546855358632,0.005664252117463797,0,0,0,0,0,0
236_1KXP.D,0.0,0.0,0.0,0,1KXP.D,0.011911687957688459,0.026758546855358632,0.005664252117463797,0,0,0,0,0,0
235_1KXP.D,0.0,0.01,0.0,0,1KXP.D,0.011692396121592365,0.027503309789948846,0.008798418145600933,0,0,0,0,0,0
234_1KXP.D,0.0,0.0,0.0,0,1KXP.D,0.011911687957688459,0.026758546855358632,0.005664252117463797,0,0,0,0,0,0
233_1KXP.D,0.0,0.0,0.00076,0,1KXP.D,0.011848029093358583,0.026786751376798576,0.005788429856974864,0,0,0,0,0,0
232_1KXP.D,0.0,0.01,0.01105,0,1KXP.D,0.013060237962793264,0.027927409044216686,0.010603897121386832,0,0,0,0,0,0
231_1KXP.D,0.0,0.0,0.0,0,1KXP.D,0.011911687957688459,0.026758546855358632,0.005664252117463797,0,0,0,0,0,0
230_1KXP.D,0.0,0.01,0.00859,0,1KXP.D,0.01273028819625768,0.027832447931485912,0.010201953385601013,0,0,0,0,0,0
229_1KXP.D,0.0,0.03,0.03767,0,1KXP.D,0.02553090440809723,0.030606112689245436,0.02122171789579872,0,0,0,0,0,0
228_1KXP.D,0.0,0.01,0.03304,0,1KXP.D,0.021687330054098383,0.02879036223471376,0.014196881979082032,0,0,0,0,0,0
227_1KXP.D,0.0,0.01,0.01416,0,1KXP.D,0.013453282161046808,0.028047911984213046,0.011112045502807118,0,0,0,0,0,0
226_1KXP.D,0.0,0.01,0.0119,0,1KXP.D,0.013453282161046808,0.027960293906187834,0.01074278011952421,0,0,0,0,0,0
225_1KXP.D,0.0,0.01,0.01529,0,1KXP.D,0.013745918342718584,0.028091820957435648,0.011296678194448573,0,0,0,0,0,0
224_1KXP.D,0.0,0.01,0.01558,0,1KXP.D,0.013745918342718584,0.028103100391542027,0.011344061805577794,0,0,0,0,0,0
223_1KXP.D,0.0,0.03,0.01775,0,1KXP.D,0.01708590857904793,0.0297754533053036,0.01796695398650866,0,0,0,0,0,0
222_1KXP.D,0.0,0.0,0.02219,0,1KXP.D,0.015768783768895903,0.027594049820315773,0.009289915327661909,0,0,0,0,0,0
221_1KXP.D,0.0,0.0,0.00245,0,1KXP.D,0.012099895023662594,0.02684957298497665,0.0060645619356244716,0,0,0,0,0,0
220_1KXP.D,0.0,0.0,0.00085,0,1KXP.D,0.011848029093358583,0.02679009329983005,0.0058031351156011745,0,0,0,0,0,0
219_1KXP.D,0.0,0.0,0.00085,0,1KXP.D,0.011848029093358583,0.02679009329983005,0.0058031351156011745,0,0,0,0,0,0
217_1KXP.D,0.0,0.0,0.0236,0,1KXP.D,0.015768783768895903,0.02764798768683766,0.009520297712807439,0,0,0,0,0,0
216_1KXP.D,0.0,0.0,0.0,0,1KXP.D,0.011911687957688459,0.026758546855358632,0.005664252117463797,0,0,0,0,0,0
215_1KXP.D,0.0,0.0,0.11093,0,1KXP.D,0.041185807251393564,0.031195729737204622,0.02378930033320406,0,0,0,0,0,0
243_1KXP.D,0.0,0.0,0.00151,0,1KXP.D,0.011848029093358583,0.026814613127456702,0.005910973678860784,0,0,0,0,0,0
244_1KXP.D,0.0,0.0,0.00765,0,1KXP.D,0.012949580032353771,0.02704377011904013,0.00691419910070019,0,0,0,0,0,0
245_1KXP.D,0.0,0.01,0.0236,0,1KXP.D,0.015549491932799813,0.02841678335755539,0.012654463740944574,0,0,0,0,0,0
260_1KXP.D,0.0,0.01,0.02294,0,1KXP.D,0.015549491932799813,0.02839084121314938,0.012546625177684964,0,0,0,0,0,0
272_1KXP.D,0.0,0.01,0.03285,0,1KXP.D,0.02140338902830681,0.02878279638230609,0.014165837544204264,0,0,0,0,0,0
271_1KXP.D,0.0,0.01,0.03994,0,1KXP.D,0.02364919588070754,0.029066433404426155,0.015324285140432504,0,0,0,0,0,0
270_1KXP.D,0.0,0.01,0.03276,0,1KXP.D,0.02140338902830681,0.02877921323090495,0.014151132285577954,0,0,0,0,0,0
269_1KXP.D,0.0,0.01,0.0372,0,1KXP.D,0.02364919588070754,0.028956499065663704,0.014876591711142605,0,0,0,0,0,0
268_1KXP.D,0.0,0.02,0.0253,0,1KXP.D,0.017697186388076557,0.029275044634221873,0.016066395765356463,0,0,0,0,0,0
267_1KXP.D,0.0,0.01,0.02776,0,1KXP.D,0.016360771234268573,0.028580827865014112,0.013334173473005148,0,0,0,0,0,0
266_1KXP.D,0.0,0.0,0.0033,0,1KXP.D,0.012260284256119898,0.02688122377882313,0.006203444933761849,0,0,0,0,0,0
265_1KXP.D,0.0,0.0,0.00076,0,1KXP.D,0.011848029093358583,0.026786751376798576,0.005788429856974864,0,0,0,0,0,0
264_1KXP.D,0.0,0.01,0.03899,0,1KXP.D,0.02364919588070754,0.029028271707233166,0.01516906296604367,0,0,0,0,0,0
263_1KXP.D,0.0,0.01,0.02662,0,1KXP.D,0.01628141916440895,0.028535782152411242,0.01314790686373855,0,0,0,0,0,0
262_1KXP.D,0.0,0.0,0.00293,0,1KXP.D,0.012099895023662594,0.026867441917849847,0.006142989981631462,0,0,0,0,0,0
261_1KXP.D,0.0,0.0,0.00198,0,1KXP.D,0.011878216457422697,0.0268320875194998,0.005987767807242628,0,0,0,0,0,0
259_1KXP.D,0.0,0.0,0.00085,0,1KXP.D,0.011848029093358583,0.02679009329983005,0.0058031351156011745,0,0,0,0,0,0
246_1KXP.D,0.0,0.0,0.00869,0,1KXP.D,0.012949580032353771,0.02708277309011853,0.007084126533715334,0,0,0,0,0,0
258_1KXP.D,0.0,0.0,0.0,0,1KXP.D,0.011911687957688459,0.026758546855358632,0.005664252117463797,0,0,0,0,0,0
257_1KXP.D,0.0,0.01,0.01312,0,1KXP.D,0.013453282161046808,0.02800755909081913,0.010942118069791975,0,0,0,0,0,0
256_1KXP.D,0.0,0.01,0.0202,0,1KXP.D,0.015549491932799813,0.028283387648855185,0.012098931748395067,0,0,0,0,0,0
255_1KXP.D,0.0,0.0,9e-05,0,1KXP.D,0.011911687957688459,0.026761885356347437,0.005678957376090108,0,0,0,0,0,0
254_1KXP.D,0.0,0.0,0.00028,0,1KXP.D,0.011848029093358583,0.026768934633164074,0.005710001810967875,0,0,0,0,0,0
253_1KXP.D,0.0,0.01,0.00869,0,1KXP.D,0.01273028819625768,0.02783630201626776,0.010218292561852468,0,0,0,0,0,0
252_1KXP.D,0.0,0.0,0.00529,0,1KXP.D,0.01272638021532879,0.026955465832351175,0.006528594541165825,0,0,0,0,0,0
251_1KXP.D,0.0,0.0,0.0,0,1KXP.D,0.011911687957688459,0.026758546855358632,0.005664252117463797,0,0,0,0,0,0
250_1KXP.D,0.0,0.01,0.00689,0,1KXP.D,0.01273028819625768,0.02776700774334898,0.00992418738932626,0,0,0,0,0,0
249_1KXP.D,0.0,0.01,0.01926,0,1KXP.D,0.01536449994079552,0.028246615062212398,0.011945343491631379,0,0,0,0,0,0
248_1KXP.D,0.0,0.0,0.00368,0,1KXP.D,0.012260284256119898,0.026895385277874686,0.006265533803517382,0,0,0,0,0,0
247_1KXP.D,0.0,0.01,0.02323,0,1KXP.D,0.015549491932799813,0.028402237201322386,0.012594008788814188,0,0,0,0,0,0
57_1KXP.D,0.0,0.0,0.18042,0,1KXP.D,0.06986207151336171,0.034329845365250924,0.03514339391034091,0,0,0,0,0,0
56_1KXP.D,0.0,0.03,0.35376,0,1KXP.D,0.09136867460088718,0.04718852576435205,0.07286822010902634,0,0,1,0,0,0
55_1KXP.D,0.0,0.0,0.19855,0,1KXP.D,0.0790200850139373,0.03519626342625174,0.03810568656472991,0,0,0,0,0,0
142_1JTD.A,0.0,0.0,0.15707,0,1JTD.A,0.045025575317570905,0.03324423663981054,0.03132819625562591,0,0,0,0,0,0
170_1JTD.A,0.035,0.0,0.11754,0,1JTD.A,0.039064187785510525,0.03287757607991028,0.03173358541741142,0,0,0,0,0,0
169_1JTD.A,0.0,0.0,0.00419,0,1JTD.A,0.012260284256119898,0.02691440290219628,0.006348863602399809,0,0,0,0,0,0
168_1JTD.A,0.035,0.98,0.34542,0,1JTD.A,0.3547496228152079,0.427610587387352,0.37611557101666887,0,1,1,1,1,1
167_1JTD.A,0.193,0.99,0.2187,0,1JTD.A,0.4245554093436537,0.4399196487974996,0.3895319887380981,1,1,0,1,1,1
166_1JTD.A,0.0,0.0,0.14394,0,1JTD.A,0.045025575317570905,0.03264842301698935,0.029182862413809726,0,0,0,0,0,0
165_1JTD.A,0.035,0.39,0.52552,0,1JTD.A,0.15957103722154803,0.15447170660477497,0.22062663178545033,0,1,1,1,1,1
164_1JTD.A,0.088,0.0,0.18858,0,1JTD.A,0.07702529626008783,0.03869939792470988,0.0537353954636248,0,0,0,0,0,0
163_1JTD.A,0.0,0.02,0.15963,0,1JTD.A,0.04692833862810779,0.03523031835274314,0.038014811223937454,0,0,0,0,0,0
162_1JTD.A,0.0,0.0,0.00151,0,1JTD.A,0.011848029093358583,0.026814613127456702,0.005910973678860784,0,0,0,0,0,0
161_1JTD.A,0.0,0.02,0.05174,0,1JTD.A,0.02753245366070481,0.030364401466500216,0.02038647396624146,0,0,0,0,0,0
160_1JTD.A,0.0,0.0,0.00198,0,1JTD.A,0.011878216457422697,0.0268320875194998,0.005987767807242628,0,0,0,0,0,0
159_1JTD.A,0.0,0.01,0.05662,0,1JTD.A,0.027020319647628438,0.029744453370880938,0.018049659739175383,0,0,0,0,0,0
158_1JTD.A,0.0,0.01,0.1208,0,1JTD.A,0.040697712024059376,0.0324990468518355,0.028536143057359915,0,0,0,0,0,0
157_1JTD.A,0.0,0.0,0.02604,0,1JTD.A,0.016500711000505038,0.027741569071559752,0.009918973613342968,0,0,0,0,0,0
156_1JTD.A,0.0,0.02,0.09441,0,1JTD.A,0.03745637154843485,0.03220574072810036,0.02735840047273778,0,0,0,0,0,0
155_1JTD.A,0.0,0.0,0.08162,0,1JTD.A,0.035387757568140506,0.029958451623392425,0.019000287773902273,0,0,0,0,0,0
154_1JTD.A,0.0,0.08,0.13266,0,1JTD.A,0.04545111477480545,0.03996031287924767,0.052413131557742555,0,0,0,0,0,0
153_1JTD.A,0.0,0.02,0.09917,0,1JTD.A,0.038256734165875966,0.03241772356085767,0.028136145262307094,0,0,0,0,0,0
152_1JTD.A,0.0,0.0,0.0007,0,1JTD.A,0.011848029093358583,0.026784523653343943,0.00577862635122399,0,0,0,0,0,0
151_1JTD.A,0.0,0.09,0.06534,0,1JTD.A,0.029736765355515473,0.03744372717230865,0.044547764133399434,0,0,0,0,0,0
150_1JTD.A,0.0,0.18,0.07104,0,1JTD.A,0.04957516504010074,0.048123106656516014,0.07368659143296666,0,1,0,0,0,0
149_1JTD.A,0.0,0.0,0.01628,0,1JTD.A,0.015145110712394348,0.027369080158294992,0.008324270011200851,0,0,0,0,0,0
148_1JTD.A,0.0,0.0,0.00767,0,1JTD.A,0.012949580032353771,0.027044519660941315,0.006917466935950481,0,0,0,0,0,0
147_1JTD.A,0.0,0.02,0.26869,0,1JTD.A,0.08092432443296793,0.040908488514401854,0.05583431684377549,0,0,0,0,0,0
146_1JTD.A,0.0,0.02,0.30392,0,1JTD.A,0.08222938211129455,0.0429232049945372,0.06159060863716349,0,0,0,0,0,0
145_1JTD.A,0.0,0.0,0.19195,0,1JTD.A,0.07837895562445626,0.03487844257731852,0.03702730093213381,0,0,0,0,0,0
144_1JTD.A,0.0,0.0,0.32554,0,1JTD.A,0.08480463517053644,0.041882043184197394,0.05885480648645402,0,0,1,0,0,0
171_1JTD.A,0.035,0.53,0.13719,0,1JTD.A,0.0777886018404021,0.13493689275143242,0.20105503304209071,0,1,0,1,1,0
172_1JTD.A,0.0,0.0,0.00907,0,1JTD.A,0.013047041457815734,0.0270970378122406,0.007146215403470867,0,0,0,0,0,0
173_1JTD.A,0.0,0.67,0.07708,0,1JTD.A,0.08588808153641983,0.16890737958792376,0.22824761305727426,0,1,0,1,1,0
188_1JTD.A,0.0,0.01,0.05744,0,1JTD.A,0.027020319647628438,0.029778177756677335,0.018183640984437324,0,0,0,0,0,0
200_1JTD.A,0.146,0.01,0.10743,0,1JTD.A,0.09703074256690566,0.0382161095604197,0.05498538856288228,1,0,0,0,0,0
199_1JTD.A,0.0,0.0,0.01849,0,1JTD.A,0.015197141762671972,0.027452996452513017,0.008685365806358033,0,0,0,0,0,0
198_1JTD.A,0.088,0.01,0.07371,0,1JTD.A,0.04104586096311455,0.03396551547815621,0.0381007497317143,1,0,0,0,0,0
197_1JTD.A,0.0,0.01,0.11743,0,1JTD.A,0.040697712024059376,0.0323484634221959,0.027985512817685847,0,0,0,0,0,0
196_1JTD.A,0.088,0.01,0.03523,0,1JTD.A,0.031010951525547555,0.032212418046354836,0.03181343471015399,1,0,0,0,0,0
195_1JTD.A,0.188,0.01,0.05232,0,1JTD.A,0.08271215920058779,0.03731875329716412,0.05421798717148814,1,0,0,0,0,0
194_1JTD.A,0.088,0.0,0.02,0,1JTD.A,0.02661118614192056,0.030692292809424863,0.026190812138920088,1,0,0,0,0,0
193_1JTD.A,0.0,0.0,0.00081,0,1JTD.A,0.011848029093358583,0.026788607950650842,0.005796599445100591,0,0,0,0,0,0
192_1JTD.A,0.0,0.02,0.07185,0,1JTD.A,0.03403511941214328,0.0312191460711197,0.023672282310409284,0,0,0,0,0,0
191_1JTD.A,0.0,0.01,0.0672,0,1JTD.A,0.027063625160487263,0.03018243666097643,0.01977834458657944,0,0,0,0,0,0
190_1JTD.A,0.0,0.0,0.0,0,1JTD.A,0.011911687957688459,0.026758546855358632,0.005664252117463797,0,0,0,0,0,0
189_1JTD.A,0.0,0.0,0.00233,0,1JTD.A,0.012099895023662594,0.02684510755774402,0.0060449549241227245,0,0,0,0,0,0
187_1JTD.A,0.0,0.0,0.00186,0,1JTD.A,0.011878216457422697,0.026827624920154877,0.005968160795740881,0,0,0,0,0,0
174_1JTD.A,0.0,0.08,0.0879,0,1JTD.A,0.037727419807977544,0.03758505398733426,0.0450997162675908,0,0,0,0,0,0
186_1JTD.A,0.0,0.0,0.0,0,1JTD.A,0.011911687957688459,0.026758546855358632,0.005664252117463797,0,0,0,0,0,0
185_1JTD.A,0.0,0.0,0.02349,0,1JTD.A,0.015768783768895903,0.027643776086800936,0.009502324618930838,0,0,0,0,0,0
184_1JTD.A,0.0,0.04,0.06976,0,1JTD.A,0.03191077000405374,0.032877147203112016,0.029599125583028123,0,0,0,0,0,0
183_1JTD.A,0.0,0.0,0.0,0,1JTD.A,0.011911687957688459,0.026758546855358632,0.005664252117463797,0,0,0,0,0,0
182_1JTD.A,0.0,0.0,0.05313,0,1JTD.A,0.026965147534841444,0.028801439950576577,0.014345256459862428,0,0,0,0,0,0
181_1JTD.A,0.0,0.0,0.0,0,1JTD.A,0.011911687957688459,0.026758546855358632,0.005664252117463797,0,0,0,0,0,0
180_1JTD.A,0.0,0.0,0.00128,0,1JTD.A,0.011848029093358583,0.026806065862587457,0.005873393573482435,0,0,0,0,0,0
179_1JTD.A,0.0,0.0,0.00035,0,1JTD.A,0.011848029093358583,0.026771532190313977,0.005721439234343893,0,0,0,0,0,0
178_1JTD.A,0.0,0.02,0.14184,0,1JTD.A,0.04644448350576545,0.03437916429217893,0.035108071768803414,0,0,0,0,0,0
177_1JTD.A,0.0,0.01,0.04895,0,1JTD.A,0.025798434826766484,0.029430794651418575,0.0167964449206887,0,0,0,0,0,0
176_1JTD.A,0.0,0.01,0.04802,0,1JTD.A,0.025798434826766484,0.029392981724551504,0.01664449058155016,0,0,0,0,0,0
175_1JTD.A,0.0,0.02,0.09185,0,1JTD.A,0.03745637154843485,0.032092287928185845,0.026940117560700506,0,0,0,0,0,0
143_1JTD.A,0.0,0.05,0.43018,0,1JTD.A,0.094973379176091,0.055201274882033795,0.09162295065666339,0,0,1,0,0,0
141_1JTD.A,0.0,0.02,0.17858,0,1JTD.A,0.06413452101665264,0.03615929466738994,0.04111108512358839,0,0,0,0,0,0
54_1KXP.D,0.0,0.01,0.47838,0,1KXP.D,0.09056254610949088,0.05293982541740137,0.08696176949731668,0,0,1,0,0,0
140_1JTD.A,0.0,0.02,0.47308,0,1JTD.A,0.09577735318054965,0.05398574866931267,0.08922995918412663,0,0,1,0,0,0
103_1JTD.A,0.085,0.14,0.32799,0,1JTD.A,0.12357258413279029,0.06769209235176145,0.11980379985250086,0,1,1,1,1,1
101_1JTD.A,0.188,0.91,0.41797,0,1JTD.A,0.4236000334116401,0.4526876065554569,0.3960371276672796,1,1,1,1,1,1
100_1JTD.A,0.088,0.97,0.48611,0,1JTD.A,0.4083802750621887,0.48711500508701683,0.4063634512938843,0,1,1,1,1,1
98_1JTD.A,0.0,0.96,0.25799,0,1JTD.A,0.4110427687961532,0.3734601502595988,0.3486976316297604,0,1,0,1,1,1
97_1JTD.A,0.0,0.0,0.18405,0,1JTD.A,0.07460627165199635,0.03450165705562145,0.03573650600826877,0,0,0,0,0,0
96_1JTD.A,0.0,0.02,0.24218,0,1JTD.A,0.07972498817740871,0.03945246529565841,0.05150280121951448,0,0,0,0,0,0
95_1JTD.A,0.0,0.0,0.15277,0,1JTD.A,0.045025575317570905,0.03304796386975524,0.030625611676813297,0,0,0,0,0,0
94_1JTD.A,0.0,0.02,0.15731,0,1JTD.A,0.04644448350576545,0.03511817827006186,0.037635742334903674,0,0,0,0,0,0
93_1JTD.A,0.0,0.01,0.23602,0,1JTD.A,0.07628285977485412,0.03807426929244025,0.047362141934287644,0,0,0,0,0,0
92_1JTD.A,0.0,0.01,0.12696,0,1JTD.A,0.042694717573243404,0.03277604985332659,0.02954263631444961,0,0,0,0,0,0
91_1JTD.A,0.0,0.0,0.11615,0,1JTD.A,0.041185807251393564,0.03142121366162425,0.024642205333530072,0,0,0,0,0,0
90_1JTD.A,0.0,0.01,0.17417,0,1JTD.A,0.06077491781060114,0.034975991948558806,0.037256361422762035,0,0,0,0,0,0
89_1JTD.A,0.0,0.0,0.09824,0,1JTD.A,0.036791959111101655,0.030654082893018412,0.02171585886689428,0,0,0,0,0,0
88_1JTD.A,0.0,0.01,0.18207,0,1JTD.A,0.06701789403019842,0.035357767882037094,0.03854715634662707,0,0,0,0,0,0
87_1JTD.A,0.0,0.01,0.13626,0,1JTD.A,0.04367143510444794,0.033198578212467786,0.031062179705835028,0,0,0,0,0,0
86_1JTD.A,0.0,0.01,0.11348,0,1JTD.A,0.04114232055645846,0.032172821974990405,0.027340115355753328,0,0,0,0,0,0
85_1JTD.A,0.188,0.01,0.11208,0,1JTD.A,0.1076231578408151,0.0404999899477974,0.06398227889935831,1,0,0,0,0,0
84_1JTD.A,0.0,0.01,0.10138,0,1JTD.A,0.0366328570149812,0.03164050079903942,0.025363075029327137,0,0,0,0,0,0
83_1JTD.A,0.0,0.01,0.14847,0,1JTD.A,0.044618361620009435,0.033761309291912976,0.03305719312613782,0,0,0,0,0,0
82_1JTD.A,0.0,0.01,0.05569,0,1JTD.A,0.027020319647628438,0.02970624978708365,0.017897705400036844,0,0,0,0,0,0
81_1JTD.A,0.0,0.0,0.01046,0,1JTD.A,0.013279529798889356,0.027149278913717694,0.007373329953366106,0,0,0,0,0,0
80_1JTD.A,0.0,0.0,0.00023,0,1JTD.A,0.011911687957688459,0.026767079385263085,0.005701832222842146,0,0,0,0,0,0
79_1JTD.A,0.0,0.0,0.01349,0,1JTD.A,0.0136725739971429,0.027263496540354978,0.007868406993785226,0,0,0,0,0,0
78_1JTD.A,0.0,0.0,0.0,0,1JTD.A,0.011911687957688459,0.026758546855358632,0.005664252117463797,0,0,0,0,0,0
77_1JTD.A,0.0,0.0,0.0,0,1JTD.A,0.011911687957688459,0.026758546855358632,0.005664252117463797,0,0,0,0,0,0
76_1JTD.A,0.0,0.0,0.00012,0,1JTD.A,0.011911687957688459,0.026762998280023546,0.005683859128965544,0,0,0,0,0,0
75_1JTD.A,0.0,0.0,0.0,0,1JTD.A,0.011911687957688459,0.026758546855358632,0.005664252117463797,0,0,0,0,0,0
107_1JTD.A,0.665,0.78,0.63074,0,1JTD.A,0.43055767724061417,0.5884108554847619,0.48360796774633064,1,1,1,1,1,1
108_1JTD.A,0.313,0.91,0.12429,0,1JTD.A,0.33259094175751597,0.38983930663492017,0.37256746890195364,1,1,0,1,1,1
109_1JTD.A,0.0,0.0,0.0014,0,1JTD.A,0.011848029093358583,0.02681052497452329,0.005893000584984182,0,0,0,0,0,0
127_1JTD.A,0.0,0.0,0.00058,0,1JTD.A,0.011848029093358583,0.02678006874693212,0.005759019339722242,0,0,0,0,0,0
139_1JTD.A,0.0,0.0,0.05418,0,1JTD.A,0.027100222101277972,0.028843301676172488,0.014516817810502718,0,0,0,0,0,0
138_1JTD.A,0.0,0.0,0.00105,0,1JTD.A,0.011848029093358583,0.026797521247172152,0.005835813468104086,0,0,0,0,0,0
137_1JTD.A,0.0,0.0,0.17428,0,1JTD.A,0.06273018701995894,0.03404110946299926,0.0341401684885015,0,0,0,0,0,0
136_1JTD.A,0.088,0.0,0.23811,0,1JTD.A,0.08307188211057649,0.04141092099820119,0.06182818946097102,0,0,0,0,0,0
135_1JTD.A,0.0,0.0,0.0,0,1JTD.A,0.011911687957688459,0.026758546855358632,0.005664252117463797,0,0,0,0,0,0
134_1JTD.A,0.0,0.0,0.0,0,1JTD.A,0.011911687957688459,0.026758546855358632,0.005664252117463797,0,0,0,0,0,0
133_1JTD.A,0.0,0.0,0.02093,0,1JTD.A,0.015768783768895903,0.02754593653878795,0.009084041706893562,0,0,0,0,0,0
132_1JTD.A,0.0,0.0,0.06185,0,1JTD.A,0.02745692332455934,0.029150887243067167,0.015770032628989402,0,0,0,0,0,0
131_1JTD.A,0.0,0.0,0.03197,0,1JTD.A,0.019815326539153175,0.027970286950792622,0.010887886765054314,0,0,0,0,0,0
130_1JTD.A,0.075,0.08,0.27613,0,1JTD.A,0.08846647164634325,0.05321787485397274,0.09056408815567686,0,0,0,0,0,0
129_1JTD.A,0.464,0.12,0.54598,0,1JTD.A,0.24119532023033538,0.13202457322552735,0.22348342774622532,1,0,1,1,1,1
128_1JTD.A,0.0,0.0,0.06604,0,1JTD.A,0.027819069417128316,0.029320257766896854,0.016454644113925415,0,0,0,0,0,0
126_1JTD.A,0.0,0.0,0.00012,0,1JTD.A,0.011911687957688459,0.026762998280023546,0.005683859128965544,0,0,0,0,0,0
112_1JTD.A,0.146,0.91,0.07371,0,1JTD.A,0.23567911464500801,0.32432987195223295,0.3315507608632335,1,1,0,1,1,1
125_1JTD.A,0.0,0.0,0.01721,0,1JTD.A,0.015197141762671972,0.027404362927268246,0.008476224350339394,0,0,0,0,0,0
124_1JTD.A,0.035,0.02,0.06592,0,1JTD.A,0.027995920922859893,0.03233860941427964,0.029567634692684044,0,0,0,0,0,0
123_1JTD.A,0.0,0.0,0.00035,0,1JTD.A,0.011848029093358583,0.026771532190313977,0.005721439234343893,0,0,0,0,0,0
122_1JTD.A,0.0,0.0,0.00035,0,1JTD.A,0.011848029093358583,0.026771532190313977,0.005721439234343893,0,0,0,0,0,0
121_1JTD.A,0.035,0.02,0.0865,0,1JTD.A,0.036090646642044526,0.03326854453715046,0.03293023716523371,0,0,0,0,0,0
120_1JTD.A,0.0,0.07,0.18626,0,1JTD.A,0.07493274538082514,0.04184795050477234,0.058036764000385904,0,0,0,0,0,0
119_1JTD.A,0.0,0.0,0.0,0,1JTD.A,0.011911687957688459,0.026758546855358632,0.005664252117463797,0,0,0,0,0,0
118_1JTD.A,0.0,0.0,0.0529,0,1JTD.A,0.026965147534841444,0.028792278113563045,0.014307676354484081,0,0,0,0,0,0
117_1JTD.A,0.0,0.0,0.01372,0,1JTD.A,0.0136725739971429,0.027272185572236568,0.007905987099163576,0,0,0,0,0,0
116_1JTD.A,0.0,0.0,0.01535,0,1JTD.A,0.013965210178814675,0.02733384153878216,0.00817231567206231,0,0,0,0,0,0
115_1JTD.A,0.0,0.22,0.05418,0,1JTD.A,0.045778790491575426,0.052360829080973975,0.0834684704295197,0,1,0,0,0,0
114_1JTD.A,0.188,0.89,0.08011,0,1JTD.A,0.24647839119337905,0.32575121382719285,0.3345652547278357,1,1,0,1,1,1
201_1JTD.A,0.057,0.01,0.20358,0,1JTD.A,0.06835278759151532,0.03906838786879757,0.05324065988509266,0,0,0,0,0,0
202_1JTD.A,0.277,0.01,0.17591,0,1JTD.A,0.15591368706962033,0.04925686653346843,0.09186642174422742,1,0,0,0,0,1
203_1JTD.A,0.0,0.0,0.04941,0,1JTD.A,0.02623503850369739,0.028653603752307556,0.013737439103308262,0,0,0,0,0,0
204_1JTD.A,0.31,0.0,0.10569,0,1JTD.A,0.13735688684237315,0.04538370738487255,0.0837309079415047,1,0,0,0,0,1
23_1KXP.D,0.277,0.08,0.09281,0,1KXP.D,0.12453495162601749,0.05309941189738591,0.10022772847622734,1,0,0,0,0,1
22_1KXP.D,0.197,0.0,0.03068,0,1KXP.D,0.08495885036452416,0.03564888161703381,0.049313120254132335,1,0,0,0,0,0
21_1KXP.D,1.0,0.14,0.04343,0,1KXP.D,0.18295875500520853,0.13517703064957184,0.25276055315699414,1,0,0,1,1,1
20_1KXP.D,0.417,0.17,0.05174,0,1KXP.D,0.1355658698695768,0.07542243524578518,0.14918178517893296,1,0,0,0,1,1
19_1KXP.D,0.652,0.73,0.10177,0,1KXP.D,0.2730991712569202,0.3649946658852224,0.3789582126471227,1,1,0,1,1,1
18_1KXP.D,0.616,0.61,0.0827,0,1KXP.D,0.21540989017130602,0.2757502174955282,0.3311719519919387,1,1,0,1,1,1
17_1KXP.D,0.368,0.26,0.08856,0,1KXP.D,0.15214505952647212,0.09426868350158105,0.17379539238037278,1,1,0,1,1,1
288_1JTD.A,0.051,0.03,0.34508,0,1JTD.A,0.08610097843007852,0.04962783846955172,0.0814521951027797,0,0,1,0,0,0
287_1JTD.A,0.088,0.02,0.25625,0,1JTD.A,0.08307954161946965,0.04480288193790879,0.07106044808925942,1,0,0,0,0,0
286_1JTD.A,0.088,0.01,0.31148,0,1JTD.A,0.08150458303127993,0.04701199758484998,0.0769504091048015,0,0,0,0,0,0
285_1JTD.A,0.051,0.0,0.22253,0,1JTD.A,0.07493380732548555,0.03873514041952707,0.052026036522208836,0,0,0,0,0,0
284_1JTD.A,0.0,0.0,0.00732,0,1JTD.A,0.012949580032353771,0.027031405593120852,0.006860279819070385,0,0,0,0,0,0
283_1JTD.A,0.0,0.0,0.00709,0,1JTD.A,0.012949580032353771,0.027022791143609507,0.006822699713692036,0,0,0,0,0,0
282_1JTD.A,0.051,0.01,0.01802,0,1JTD.A,0.01599081249792177,0.030044601238925262,0.02174495319849308,0,0,0,0,0,0
281_1JTD.A,0.0,0.0,0.00012,0,1JTD.A,0.011911687957688459,0.026762998280023546,0.005683859128965544,0,0,0,0,0,0
280_1JTD.A,0.0,0.0,0.0,0,1JTD.A,0.011911687957688459,0.026758546855358632,0.005664252117463797,0,0,0,0,0,0
279_1JTD.A,0.0,0.01,0.02302,0,1JTD.A,0.015549491932799813,0.02839398449059178,0.01255969651868613,0,0,0,0,0,0
278_1JTD.A,0.0,0.0,0.01977,0,1JTD.A,0.015768783768895903,0.027501713845402193,0.00889450726237667,0,0,0,0,0,0
277_1JTD.A,0.0,0.0,0.0,0,1JTD.A,0.011911687957688459,0.026758546855358632,0.005664252117463797,0,0,0,0,0,0
276_1JTD.A,0.0,0.0,0.00477,0,1JTD.A,0.012260284256119898,0.02693604667933998,0.006443630824658254,0,0,0,0,0,0
275_1JTD.A,0.0,0.01,0.12336,0,1JTD.A,0.04097189496765634,0.032613889174762364,0.02895442596939719,0,0,0,0,0,0
274_1JTD.A,0.0,0.0,0.32473,0,1JTD.A,0.08480463517053644,0.04183577293184137,0.05872245915881723,0,0,0,0,0,0
273_1JTD.A,0.0,0.0,0.31961,0,1JTD.A,0.08480463517053644,0.0415444285041182,0.05788589333474267,0,0,0,0,0,0
272_1JTD.A,0.0,0.01,0.15638,0,1JTD.A,0.044618361620009435,0.03413076496570265,0.034349621967628,0,0,0,0,0,0
269_1JTD.A,0.0,0.01,0.48134,0,1JTD.A,0.09056254610949088,0.05315159812601367,0.08744540911435979,0,0,1,0,0,0
268_1JTD.A,0.0,0.02,0.20242,0,1JTD.A,0.07659937578060225,0.037361512279022825,0.045006344741935524,0,0,0,0,0,0
267_1JTD.A,0.0,0.01,0.31136,0,1JTD.A,0.07917850353403316,0.04220511377294148,0.059672077322134684,0,0,0,0,0,0
24_1KXP.D,0.068,0.02,0.04324,0,1KXP.D,0.032733775664833153,0.03265198570965156,0.0323339313080407,1,0,0,0,0,0
25_1KXP.D,0.068,0.0,0.0119,0,1KXP.D,0.021936585880200823,0.0296059772826809,0.020944901414560083,1,0,0,0,0,0
26_1KXP.D,0.051,0.01,0.04381,0,1KXP.D,0.02482298988090065,0.03113373678995366,0.02595882675374361,1,0,0,0,0,0
41_1KXP.D,0.0,0.01,0.0017,0,1KXP.D,0.011658924621326606,0.027568146127326505,0.009076184141875686,0,0,0,0,0,0
53_1KXP.D,0.0,0.01,0.21516,0,1KXP.D,0.07460328900134612,0.037000933429152005,0.04395378976823389,0,0,0,0,0,0
52_1KXP.D,0.0,0.0,0.06996,0,1KXP.D,0.03372166771758502,0.029479578027129208,0.01709513982298249,0,0,0,0,0,0
51_1KXP.D,0.031,0.01,0.04777,0,1KXP.D,0.025115259148516422,0.030536712029751965,0.02268342068530921,1,0,0,0,0,0
50_1KXP.D,0.0,0.0,0.00378,0,1KXP.D,0.012260284256119898,0.026899113193696218,0.006281872979768838,0,0,0,0,0,0
49_1KXP.D,0.0,0.0,0.00028,0,1KXP.D,0.011848029093358583,0.026768934633164074,0.005710001810967875,0,0,0,0,0,0
48_1KXP.D,0.0,0.01,0.02171,0,1KXP.D,0.015549491932799813,0.028342555825297443,0.012345653309792055,0,0,0,0,0,0
47_1KXP.D,0.0,0.04,0.00897,0,1KXP.D,0.01493580827419169,0.030232743572256946,0.019666540339767953,0,0,0,0,0,0
46_1KXP.D,0.0,0.0,0.00019,0,1KXP.D,0.011911687957688459,0.026765595276974134,0.005695296552341564,0,0,0,0,0,0
45_1KXP.D,0.0,0.0,0.00085,0,1KXP.D,0.011848029093358583,0.02679009329983005,0.0058031351156011745,0,0,0,0,0,0
44_1KXP.D,0.0,0.0,0.00028,0,1KXP.D,0.011848029093358583,0.026768934633164074,0.005710001810967875,0,0,0,0,0,0
43_1KXP.D,0.0,0.0,0.00217,0,1KXP.D,0.012099895023662594,0.026839154778130366,0.006018812242120395,0,0,0,0,0,0
42_1KXP.D,0.0,0.02,0.01086,0,1KXP.D,0.014476005186460868,0.028696201339071435,0.013707018714646201,0,0,0,0,0,0
40_1KXP.D,0.0,0.0,0.00066,0,1KXP.D,0.011848029093358583,0.026783038604469695,0.005772090680723408,0,0,0,0,0,0
27_1KXP.D,0.051,0.02,0.05363,0,1KXP.D,0.027076940852186884,0.032432315805737286,0.030697499889773733,1,0,0,0,0,0
39_1KXP.D,0.0,0.01,0.0389,0,1KXP.D,0.02364919588070754,0.029024658910022497,0.01515435770741736,0,0,0,0,0,0
38_1KXP.D,0.0,0.02,0.03474,0,1KXP.D,0.0240409896300452,0.029659562133351827,0.01760881400349392,0,0,0,0,0,0
37_1KXP.D,0.0,0.02,0.01794,0,1KXP.D,0.016393617150243484,0.028978609698826308,0.014863832393249295,0,0,0,0,0,0
36_1KXP.D,0.0,0.01,0.02596,0,1KXP.D,0.01628141916440895,0.028509734559834923,0.013040068300478939,0,0,0,0,0,0
35_1KXP.D,0.0,0.03,0.03597,0,1KXP.D,0.025298400807923983,0.030534355837614404,0.020943951899523965,0,0,0,0,0,0
34_1KXP.D,0.0,0.04,0.05438,0,1KXP.D,0.02854532695173677,0.03218771262958429,0.02708616027555417,0,0,0,0,0,0
33_1KXP.D,0.0,0.02,0.03304,0,1KXP.D,0.02310309727776599,0.029589956755203293,0.017331048007219168,0,0,0,0,0,0
32_1KXP.D,0.031,0.0,0.01463,0,1KXP.D,0.01484864759231907,0.028381326087739946,0.014134451647439521,1,0,0,0,0,0
31_1KXP.D,0.031,0.03,0.00982,0,1KXP.D,0.016588526953186168,0.030607366561669763,0.022751035354155888,1,0,0,0,0,0
30_1KXP.D,0.046,0.04,0.0592,0,1KXP.D,0.028659939075910357,0.03430140426622993,0.03689531470125609,1,0,0,0,0,0
29_1KXP.D,0.046,0.0,0.01152,0,1KXP.D,0.01483907574375414,0.028791873259514204,0.01656813135201328,1,0,0,0,0,0
28_1KXP.D,0.051,0.01,0.00585,0,1KXP.D,0.013520050950578589,0.029543559297500643,0.01975647544869087,1,0,0,0,0,0
266_1JTD.A,0.0,0.0,0.09708,0,1JTD.A,0.03626909807447098,0.030605027371956604,0.02152632442237739,0,0,0,0,0,0
265_1JTD.A,0.0,0.01,0.06941,0,1JTD.A,0.028438742720035423,0.030274710484129937,0.02013944038173662,0,0,0,0,0,0
264_1JTD.A,0.0,0.0,0.02395,0,1JTD.A,0.015768783768895903,0.027661392380246116,0.009577484829687535,0,0,0,0,0,0
219_1JTD.A,0.0,0.02,0.4246,0,1JTD.A,0.08836966336130453,0.05056596703627896,0.0813087265374207,0,0,1,0,0,0
231_1JTD.A,0.0,0.0,0.09045,0,1JTD.A,0.03590529917321253,0.03032610547352998,0.02044303703690585,0,0,0,0,0,0
230_1JTD.A,0.088,0.0,0.20626,0,1JTD.A,0.08183249506056298,0.03964715360849471,0.05662416182488224,0,0,0,0,0,0
229_1JTD.A,0.088,0.01,0.45913,0,1JTD.A,0.09516430108898771,0.05738351026962658,0.10107520284007644,1,0,1,0,0,0
228_1JTD.A,0.088,0.02,0.34136,0,1JTD.A,0.09028857413188007,0.05028650381787598,0.08496672099687372,1,0,1,0,0,0
227_1JTD.A,0.088,0.04,0.40309,0,1JTD.A,0.09429021341100548,0.05764567769752792,0.10132122655317184,1,0,1,0,0,0
226_1JTD.A,0.0,0.02,0.34856,0,1JTD.A,0.08735795391068163,0.04561238655458179,0.06888441691581348,0,0,1,0,0,0
225_1JTD.A,0.042,0.01,0.20172,0,1JTD.A,0.06721630005128643,0.03825582172533318,0.04999492312082153,0,0,0,0,0,0
224_1JTD.A,0.088,0.01,0.08941,0,1JTD.A,0.04301228453189323,0.03470693044322083,0.04066600040319291,1,0,0,0,0,0
223_1JTD.A,0.0,0.01,0.22137,0,1JTD.A,0.07460328900134612,0.03731738626546846,0.044968452613449325,0,0,0,0,0,0
222_1JTD.A,0.0,0.01,0.22195,0,1JTD.A,0.07460328900134612,0.037347074739263755,0.04506321983570777,0,0,0,0,0,0
221_1JTD.A,0.0,0.0,0.00128,0,1JTD.A,0.011848029093358583,0.026806065862587457,0.005873393573482435,0,0,0,0,0,0
220_1JTD.A,0.0,0.0,0.01651,0,1JTD.A,0.015145110712394348,0.02737780189319127,0.008361850116579202,0,0,0,0,0,0
218_1JTD.A,0.0,0.03,0.34496,0,1JTD.A,0.09136867460088718,0.04662817225961479,0.0714303725988982,0,0,1,0,0,0
233_1JTD.A,0.0,0.0,0.0,0,1JTD.A,0.011911687957688459,0.026758546855358632,0.005664252117463797,0,0,0,0,0,0
217_1JTD.A,0.0,0.0,0.14998,0,1JTD.A,0.045025575317570905,0.03292121395146727,0.03016974865939767,0,0,0,0,0,0
215_1JTD.A,0.0,0.16,0.52947,0,1JTD.A,0.14099365925128077,0.0840792338409802,0.14232194506624263,0,1,1,1,1,1
214_1JTD.A,0.0,0.0,0.0808,0,1JTD.A,0.035387757568140506,0.02992452937083163,0.018866306528640332,0,0,0,0,0,0
213_1JTD.A,0.0,0.02,0.1029,0,1JTD.A,0.049169621979512454,0.03258477796274694,0.02874559653648641,0,0,0,0,0,0
212_1JTD.A,0.0,0.01,0.26788,0,1JTD.A,0.07662025005454277,0.03977150607705692,0.05256780348800156,0,0,0,0,0,0
211_1JTD.A,0.0,0.0,0.0,0,1JTD.A,0.011911687957688459,0.026758546855358632,0.005664252117463797,0,0,0,0,0,0
210_1JTD.A,0.088,0.0,0.05325,0,1JTD.A,0.03401089875770933,0.032132949196688985,0.03162358824252924,1,0,0,0,0,0
209_1JTD.A,0.035,0.01,0.23532,0,1JTD.A,0.06918354662651784,0.039712642453897794,0.054112033234513565,0,0,0,0,0,0
208_1JTD.A,0.088,0.0,0.05918,0,1JTD.A,0.034502674547427226,0.032396665814399046,0.032592501394240594,1,0,0,0,0,0
207_1JTD.A,0.0,0.0,0.0,0,1JTD.A,0.011911687957688459,0.026758546855358632,0.005664252117463797,0,0,0,0,0,0
206_1JTD.A,0.057,0.01,0.14928,0,1JTD.A,0.04291516797069289,0.03626620684771517,0.04436848718055199,0,0,0,0,0,0
205_1JTD.A,0.057,0.01,0.24358,0,1JTD.A,0.06959217464152884,0.04126429467152417,0.0597763303856751,0,0,0,0,0,0
232_1JTD.A,0.0,0.0,0.00105,0,1JTD.A,0.011848029093358583,0.026797521247172152,0.005835813468104086,0,0,0,0,0,0
234_1JTD.A,0.0,0.0,0.00872,0,1JTD.A,0.012949580032353771,0.027083898986919916,0.00708902828659077,0,0,0,0,0,0
263_1JTD.A,0.0,0.0,0.0,0,1JTD.A,0.011911687957688459,0.026758546855358632,0.005664252117463797,0,0,0,0,0,0
250_1JTD.A,0.0,0.0,0.01546,0,1JTD.A,0.013965210178814675,0.027338007247078785,0.008190288765938912,0,0,0,0,0,0
262_1JTD.A,0.0,0.0,0.0,0,1JTD.A,0.011911687957688459,0.026758546855358632,0.005664252117463797,0,0,0,0,0,0
261_1JTD.A,0.0,0.0,0.0,0,1JTD.A,0.011911687957688459,0.026758546855358632,0.005664252117463797,0,0,0,0,0,0
260_1JTD.A,0.0,0.0,0.0,0,1JTD.A,0.011911687957688459,0.026758546855358632,0.005664252117463797,0,0,0,0,0,0
259_1JTD.A,0.0,0.0,0.0,0,1JTD.A,0.011911687957688459,0.026758546855358632,0.005664252117463797,0,0,0,0,0,0
258_1JTD.A,0.0,0.0,0.0,0,1JTD.A,0.011911687957688459,0.026758546855358632,0.005664252117463797,0,0,0,0,0,0
257_1JTD.A,0.0,0.0,0.16045,0,1JTD.A,0.04581318278096552,0.03339930581933031,0.031880460412925124,0,0,0,0,0,0
256_1JTD.A,0.0,0.01,0.12406,0,1JTD.A,0.04203161185047532,0.032645359584385164,0.029068800203157386,0,0,0,0,0,0
255_1JTD.A,0.0,0.02,0.07499,0,1JTD.A,0.03539750928215923,0.03135469200152136,0.024185332444705006,0,0,0,0,0,0
254_1JTD.A,0.0,0.01,0.24439,0,1JTD.A,0.07657574422568814,0.03851329616685463,0.04872973098653452,0,0,0,0,0,0
253_1JTD.A,0.0,0.01,0.21079,0,1JTD.A,0.07460328900134612,0.03677979288511098,0.04323976776604527,0,0,0,0,0,0
252_1JTD.A,0.0,0.02,0.42669,0,1JTD.A,0.08836966336130453,0.0507090704597224,0.08165021532107615,0,0,1,0,0,0
251_1JTD.A,0.0,0.07,0.29287,0,1JTD.A,0.08776064948227988,0.04837813893845243,0.07545595980206327,0,0,0,0,0,0
249_1JTD.A,0.0,0.0,0.00023,0,1JTD.A,0.011911687957688459,0.026767079385263085,0.005701832222842146,0,0,0,0,0,0
235_1JTD.A,0.0,0.0,0.08685,0,1JTD.A,0.03578106259522849,0.030175687822632722,0.019854826691853428,0,0,0,0,0,0
248_1JTD.A,0.0,0.0,0.00035,0,1JTD.A,0.011848029093358583,0.026771532190313977,0.005721439234343893,0,0,0,0,0,0
247_1JTD.A,0.0,0.0,0.0,0,1JTD.A,0.011911687957688459,0.026758546855358632,0.005664252117463797,0,0,0,0,0,0
246_1JTD.A,0.0,0.0,0.0,0,1JTD.A,0.011911687957688459,0.026758546855358632,0.005664252117463797,0,0,0,0,0,0
245_1JTD.A,0.0,0.0,0.0,0,1JTD.A,0.011911687957688459,0.026758546855358632,0.005664252117463797,0,0,0,0,0,0
244_1JTD.A,0.0,0.0,0.00058,0,1JTD.A,0.011848029093358583,0.02678006874693212,0.005759019339722242,0,0,0,0,0,0
243_1JTD.A,0.0,0.0,0.30531,0,1JTD.A,0.0828774126761254,0.04074095966196405,0.055549391130784456,0,0,0,0,0,0
242_1JTD.A,0.0,0.0,0.03058,0,1JTD.A,0.019815326539153175,0.0279165113849703,0.010660772215159077,0,0,0,0,0,0
241_1JTD.A,0.0,0.0,0.12487,0,1JTD.A,0.04207509854541043,0.03180140581051159,0.026066981502657044,0,0,0,0,0,0
240_1JTD.A,0.0,0.14,0.26683,0,1JTD.A,0.12150814552901938,0.056322911475838754,0.09314040050314404,0,1,0,0,0,1
239_1JTD.A,0.0,0.82,0.44553,0,1JTD.A,0.31289135870442375,0.3440403303580496,0.33546179837782125,0,1,1,1,1,1
238_1JTD.A,0.0,0.99,0.33031,0,1JTD.A,0.4261633804684452,0.41830332858670305,0.36991662197922487,0,1,1,1,1,1
236_1JTD.A,0.0,0.0,0.05371,0,1JTD.A,0.026965147534841444,0.028824556276729973,0.014440023682120875,0,0,0,0,0,0
336_1KXP.D,0.0,0.01,0.02058,0,1KXP.D,0.015549491932799813,0.028298266351445243,0.0121610206181506,0,0,0,0,0,0
338_1KXP.D,0.0,0.01,0.03361,0,1KXP.D,0.021822602542935065,0.028813071372534697,0.014290015283715332,0,0,0,0,0,0
73_1JTD.A,0.0,0.0,0.00663,0,1JTD.A,0.012949580032353771,0.027005570250978852,0.006747539502935338,0,0,0,0,0,0
204_1PDK.A,0.0,0.02,0.22898,0,1PDK.A,0.07804541740390071,0.038746132145073615,0.049346029954322274,0,0,0,0,0,0
34_1PVH.B,0.0,0.01,0.0848,0,1PVH.B,0.034951153891209605,0.030924906219420137,0.022654039606835714,0,0,0,0,0,0
33_1PVH.B,0.0,0.0,0.00214,0,1PVH.B,0.012099895023662594,0.026838038774861957,0.006013910489244958,0,0,0,0,0,0
32_1PVH.B,0.0,0.01,0.07256,0,1PVH.B,0.03261935218847568,0.03040670451370041,0.020654124433657488,0,0,0,0,0,0
31_1PVH.B,0.0,0.01,0.05546,0,1PVH.B,0.027020319647628438,0.029696808927859007,0.017860125294658493,0,0,0,0,0,0
30_1PVH.B,0.0,0.0,0.00559,0,1PVH.B,0.01272638021532879,0.026966675381065175,0.006577612069920194,0,0,0,0,0,0
28_1PVH.B,0.0,0.02,0.05119,0,1PVH.B,0.027214202050434087,0.03034134590365669,0.02029660849685845,0,0,0,0,0,0
27_1PVH.B,0.0,0.03,0.05752,0,1PVH.B,0.02890202817501814,0.03145615628531418,0.024465044381712757,0,0,0,0,0,0
26_1PVH.B,0.0,0.0,0.0,0,1PVH.B,0.011911687957688459,0.026758546855358632,0.005664252117463797,0,0,0,0,0,0
24_1PVH.B,0.0,0.1,0.05719,0,1PVH.B,0.03799509292806289,0.03804699944605556,0.04635028729704291,0,1,0,0,0,0
23_1PVH.B,0.0,0.0,0.03402,0,1PVH.B,0.022259206219865976,0.02804977988302331,0.011222839878209167,0,0,0,0,0,0
22_1PVH.B,0.0,0.0,0.02892,0,1PVH.B,0.01706502352633818,0.027852421770913634,0.010389541889384905,0,0,0,0,0,0
21_1PVH.B,0.0,0.35,0.05916,0,1PVH.B,0.04680198756055955,0.07433788035449053,0.12502631977262496,0,1,0,1,0,0
20_1PVH.B,0.194,0.46,0.11611,0,1PVH.B,0.15341160595966408,0.1321734105564838,0.2068549502028607,1,1,0,1,1,1
18_1PVH.B,0.628,0.37,0.14141,0,1PVH.B,0.20904666701845454,0.17597189106077343,0.2678981601626726,1,1,0,1,1,1
17_1PVH.B,0.535,0.38,0.18537,0,1PVH.B,0.25348048036633924,0.17190626727037056,0.25997569393778674,1,1,0,1,1,1
14_1PVH.B,0.929,0.2,0.31635,0,1PVH.B,0.2780631777255307,0.1995898663250114,0.3022337762109192,1,1,1,1,1,1
13_1PVH.B,0.706,0.2,0.51808,0,1PVH.B,0.2912511659548589,0.19985763721718297,0.29145961891787003,1,1,1,1,1,1
12_1PVH.B,0.422,0.3,0.45842,0,1PVH.B,0.26757135174495583,0.17454352955851898,0.2573547148861354,1,1,1,1,1,1
215_1PDK.A,0.0,0.02,0.38515,0,1PDK.A,0.08651698039876543,0.0479355343804372,0.07486292150622127,0,0,1,0,0,0
214_1PDK.A,0.0,0.07,0.21749,0,1PDK.A,0.0832884109055664,0.043668275498300914,0.06313948874371564,0,0,0,0,0,0
213_1PDK.A,0.0,0.01,0.1477,0,1PDK.A,0.044618361620009435,0.033725551400044664,0.03293138146900161,0,0,0,0,0,0
212_1PDK.A,0.0,0.0,0.0375,0,1PDK.A,0.02408579955763844,0.028185226596820094,0.011791443211759838,0,0,0,0,0,0
211_1PDK.A,0.02,0.04,0.18834,0,1PDK.A,0.07129599513265242,0.03965649150752181,0.05289655822999684,0,0,0,0,0,0
210_1PDK.A,0.02,0.03,0.10391,0,1PDK.A,0.04029200806066514,0.0343729603724003,0.03596722569275531,0,0,0,0,0,0
209_1PDK.A,0.02,0.05,0.14346,0,1PDK.A,0.043902550514207626,0.038318860278594644,0.048697701956480474,0,0,0,0,0,0
208_1PDK.A,0.02,0.03,0.19983,0,1PDK.A,0.07693238720624504,0.039207545260488724,0.05163976355315201,0,0,0,0,0,0
206_1PDK.A,0.03,0.05,0.19161,0,1PDK.A,0.07194928174235612,0.04143340142004153,0.05852623404555263,0,0,0,0,0,0
35_1PVH.B,0.0,0.01,0.1129,0,1PVH.B,0.04114232055645846,0.0321471093355207,0.02724534813349488,0,0,0,0,0,0
36_1PVH.B,0.0,0.01,0.0705,0,1PVH.B,0.03335882867696255,0.03032032168235937,0.020317537402877492,0,0,0,0,0,0
37_1PVH.B,0.0,0.0,0.01422,0,1PVH.B,0.0136725739971429,0.02729108405873178,0.007987682980420857,0,0,0,0,0,0
52_1PVH.B,0.0,0.0,0.11693,0,1PVH.B,0.04074119871899448,0.03145504180289011,0.02476965090829143,0,0,0,0,0,0
64_1PVH.B,0.194,0.03,0.13665,0,1PVH.B,0.11959825238744239,0.044531958601032456,0.07544187779501296,1,0,0,0,0,1
63_1PVH.B,0.091,0.01,0.07773,0,1PVH.B,0.04321436993857163,0.034280878018064696,0.03934595023422165,0,0,0,0,0,0
62_1PVH.B,0.0,0.01,0.11019,0,1PVH.B,0.04114232055645846,0.03202723229718335,0.02680255645708042,0,0,0,0,0,0
61_1PVH.B,0.0,0.01,0.06113,0,1PVH.B,0.027020319647628438,0.029930396684737248,0.018786556588116052,0,0,0,0,0,0
60_1PVH.B,0.0,0.0,0.03993,0,1PVH.B,0.02408579955763844,0.028280182105669648,0.012188485194670223,0,0,0,0,0,0
59_1PVH.B,0.0,0.0,0.13188,0,1PVH.B,0.042738204268178516,0.032110264353300076,0.027212357757884116,0,0,0,0,0,0
58_1PVH.B,0.0,0.01,0.16089,0,1PVH.B,0.04540596908340405,0.03434315812363967,0.03508651881656867,0,0,0,0,0,0
57_1PVH.B,0.0,0.01,0.18102,0,1PVH.B,0.06701789403019842,0.03530679511798884,0.03837559499598678,0,0,0,0,0,0
56_1PVH.B,0.0,0.01,0.17329,0,1PVH.B,0.06108415012556411,0.034933711727561656,0.03711257667174923,0,0,0,0,0,0
55_1PVH.B,0.0,0.01,0.16081,0,1PVH.B,0.04540596908340405,0.03433937953577178,0.03507344747556751,0,0,0,0,0,0
54_1PVH.B,0.0,0.01,0.188,0,1PVH.B,0.07010395690358824,0.03564697597423565,0.03951606949833842,0,0,0,0,0,0
53_1PVH.B,0.0,0.01,0.14552,0,1PVH.B,0.044618361620009435,0.03362451289099027,0.032575187426719866,0,0,0,0,0,0
51_1PVH.B,0.0,0.01,0.24618,0,1PVH.B,0.07657574422568814,0.03860781482983966,0.04902220224143559,0,0,1,0,0,0
38_1PVH.B,0.0,0.01,0.19795,0,1PVH.B,0.07315724737804766,0.036137365779998036,0.0411418175353583,0,0,0,0,0,0
50_1PVH.B,0.0,0.01,0.2539,0,1PVH.B,0.07700788877434411,0.03901801623003507,0.050283586648047995,0,0,1,0,0,0
49_1PVH.B,0.0,0.02,0.0871,0,1PVH.B,0.03696833606919236,0.03188280265556618,0.02616400668875634,0,0,0,0,0,0
48_1PVH.B,0.0,0.0,0.09343,0,1PVH.B,0.03626909807447098,0.030451167110246827,0.020929944489199243,0,0,0,0,0,0
47_1PVH.B,0.0,0.01,0.06343,0,1PVH.B,0.027020319647628438,0.030025656915129456,0.019162357641899545,0,0,0,0,0,0
46_1PVH.B,0.0,0.01,0.15366,0,1PVH.B,0.044618361620009435,0.034003282887958404,0.033905196373588395,0,0,0,0,0,0
45_1PVH.B,0.0,0.04,0.20238,0,1PVH.B,0.07992749761579518,0.039442955412897766,0.05126814112770922,0,0,0,0,0,0
44_1PVH.B,0.0,0.0,0.00025,0,1PVH.B,0.011848029093358583,0.0267678214694178,0.005705100058092437,0,0,0,0,0,0
43_1PVH.B,0.0,0.01,0.09244,0,1PVH.B,0.03583249439754008,0.03125268198936874,0.02390235267244696,0,0,0,0,0,0
42_1PVH.B,0.0,0.01,0.20945,0,1PVH.B,0.07460328900134612,0.036712238230234125,0.04302082280427576,0,0,0,0,0,0
41_1PVH.B,0.0,0.0,0.10797,0,1PVH.B,0.04023272099498462,0.031068565706620917,0.02330566071616096,0,0,0,0,0,0
40_1PVH.B,0.0,0.0,0.00633,0,1PVH.B,0.012949580032353771,0.026994344982922906,0.006698521974180969,0,0,0,0,0,0
39_1PVH.B,0.0,0.01,0.12506,0,1PVH.B,0.04203161185047532,0.032690368216825375,0.029232191965671946,0,0,0,0,0,0
205_1PDK.A,0.0,0.0,0.01935,0,1PDK.A,0.015583791776891611,0.02748571919782446,0.008825882722120554,0,0,0,0,0,0
203_1PDK.A,0.0,0.0,0.22705,0,1PDK.A,0.08046612663723578,0.036600988981330726,0.0427623517963949,0,0,0,0,0,0
66_1PVH.B,0.151,0.01,0.1885,0,1PVH.B,0.1252422079363812,0.04295651514253448,0.06921216811193576,0,0,0,0,0,1
202_1PDK.A,0.259,0.01,0.32648,0,1PDK.A,0.1937625551638338,0.059033858892795395,0.11293812572285203,1,0,0,0,0,0
169_1PDK.A,0.0,0.96,0.19802,0,1PDK.A,0.40421559736593016,0.3536997106593859,0.33889902763176216,0,1,0,1,1,1
168_1PDK.A,0.0,0.29,0.0906,0,1PDK.A,0.05501711847514602,0.06621021582282297,0.11135836061725994,0,1,0,0,0,0
167_1PDK.A,0.0,0.38,0.16874,0,1PDK.A,0.07646291234640222,0.092695290923289,0.15233328719338196,0,1,0,0,0,0
162_1PDK.A,0.0,0.04,0.10862,0,1PDK.A,0.04182898793983871,0.034683241444355487,0.03594852947434397,0,0,0,0,0,0
161_1PDK.A,0.0,0.04,0.15955,0,1PDK.A,0.04642682469557566,0.03719557835563075,0.044270071939210565,0,0,0,0,0,0
160_1PDK.A,0.0,0.03,0.48046,0,1PDK.A,0.10034134565456815,0.05599821226577623,0.09356995641962124,0,0,1,0,0,0
159_1PDK.A,0.02,0.02,0.1102,0,1PDK.A,0.04067498626456254,0.03373942201460524,0.033860793850834764,0,0,0,0,0,0
158_1PDK.A,0.02,0.02,0.10621,0,1PDK.A,0.03993292000628463,0.03355464245816955,0.033208860718401664,0,0,0,0,0,0
157_1PDK.A,0.0,0.0,0.01173,0,1PDK.A,0.0136725739971429,0.02719709557574408,0.007580837491759599,0,0,0,0,0,0
156_1PDK.A,0.0,0.0,0.01693,0,1PDK.A,0.015197141762671972,0.027393735509854647,0.008430474656835317,0,0,0,0,0,0
155_1PDK.A,0.0,0.0,0.00871,0,1PDK.A,0.012949580032353771,0.027083523682930287,0.007087394368965625,0,0,0,0,0,0
153_1PDK.A,0.0,0.0,0.00121,0,1PDK.A,0.011848029093358583,0.026803465047025174,0.005861956150106416,0,0,0,0,0,0
151_1PDK.A,0.0,0.0,0.00012,0,1PDK.A,0.011911687957688459,0.026762998280023546,0.005683859128965544,0,0,0,0,0,0
150_1PDK.A,0.0,0.0,0.07088,0,1PDK.A,0.03379543235389345,0.029517090965359358,0.017245460244495886,0,0,0,0,0,0
149_1PDK.A,0.0,0.0,0.05274,0,1PDK.A,0.026965147534841444,0.028785906329731013,0.01428153367248175,0,0,0,0,0,0
148_1PDK.A,0.0,0.02,0.06472,0,1PDK.A,0.028700180128420873,0.03091346444915378,0.022507299043680463,0,0,0,0,0,0
147_1PDK.A,0.0,0.0,0.03714,0,1PDK.A,0.02408579955763844,0.028171185468867842,0.011732622177254598,0,0,0,0,0,0
146_1PDK.A,0.0,0.03,0.09762,0,1PDK.A,0.03755021933275975,0.03324358130714477,0.031017054058546656,0,0,0,0,0,0
145_1PDK.A,0.0,0.0,0.0098,0,1PDK.A,0.013279529798889356,0.027124461590372937,0.007265491390106496,0,0,0,0,0,0
144_1PDK.A,0.0,0.04,0.07959,0,1PDK.A,0.03666887882642928,0.03332524348017017,0.031205266608546257,0,0,0,0,0,0
143_1PDK.A,0.0,0.0,0.0,0,1PDK.A,0.011911687957688459,0.026758546855358632,0.005664252117463797,0,0,0,0,0,0
142_1PDK.A,0.0,0.03,0.06605,0,1PDK.A,0.02926417426758711,0.03182841715563453,0.025858776115961962,0,0,0,0,0,0
141_1PDK.A,0.0,0.0,0.02141,0,1PDK.A,0.015768783768895903,0.027564255788722875,0.00916246975290055,0,0,0,0,0,0
140_1PDK.A,0.0,0.0,0.02504,0,1PDK.A,0.016288480487691045,0.027703178889406883,0.009755581850828407,0,0,0,0,0,0
139_1PDK.A,0.0,0.02,0.06713,0,1PDK.A,0.028479392384154867,0.031016461842144818,0.022901073191340555,0,0,0,0,0,0
138_1PDK.A,0.0,0.02,0.08782,0,1PDK.A,0.03696833606919236,0.031914470969958454,0.026281648757766823,0,0,0,0,0,0
137_1PDK.A,0.0,0.03,0.06931,0,1PDK.A,0.02986990388736272,0.03197181044386171,0.026391433261759432,0,0,0,0,0,0
171_1PDK.A,0.0,0.92,0.10693,0,1PDK.A,0.2572177931627126,0.3003930931078538,0.3114790078717623,0,1,0,1,1,1
172_1PDK.A,0.0,0.48,0.11358,0,1PDK.A,0.06957492830558511,0.11129854627453072,0.17466225785445014,0,1,0,1,1,0
173_1PDK.A,0.0,0.0,0.03665,0,1PDK.A,0.02408579955763844,0.02815208484724117,0.011652560213622463,0,0,0,0,0,0
188_1PDK.A,0.02,0.03,0.17019,0,1PDK.A,0.04932371330234453,0.03764782554474293,0.04679683171222042,0,0,0,0,0,0
201_1PDK.A,0.302,0.03,0.47103,0,1PDK.A,0.20836345312215512,0.07933634385031242,0.15125797756378906,1,0,1,0,0,0
199_1PDK.A,0.399,0.04,0.57276,0,1PDK.A,0.24754727591585746,0.10395459566834683,0.19003780921529398,1,0,1,1,1,1
198_1PDK.A,0.387,0.08,0.37414,0,1PDK.A,0.2236552402297952,0.0879096552618141,0.16776813898840515,1,0,1,0,0,0
197_1PDK.A,0.917,0.33,1.0,0,1PDK.A,0.46784828329415634,0.48408560712663795,0.4523272505509864,1,1,1,1,1,1
196_1PDK.A,0.648,0.13,0.37994,0,1PDK.A,0.27245018779070757,0.13519850043222884,0.2355744500479717,1,0,1,1,1,1
195_1PDK.A,0.27,0.06,0.56296,0,1PDK.A,0.22720939528554773,0.0930627696842408,0.16940518045937675,1,0,1,0,0,1
194_1PDK.A,0.595,0.0,0.05613,0,1PDK.A,0.1600325813943491,0.059991887155348915,0.1315279458251699,1,0,0,0,0,0
193_1PDK.A,0.0,0.0,0.28414,0,1PDK.A,0.08248308769043243,0.039578755664524914,0.05209038751835119,0,0,0,0,0,0
192_1PDK.A,0.0,0.0,0.03109,0,1PDK.A,0.019815326539153175,0.02793623031524917,0.010744102014041503,0,0,0,0,0,0
191_1PDK.A,0.0,0.0,0.0,0,1PDK.A,0.011911687957688459,0.026758546855358632,0.005664252117463797,0,0,0,0,0,0
190_1PDK.A,0.02,0.11,0.24568,0,1PDK.A,0.09731838678595871,0.051767278187745756,0.08420460408954172,0,0,0,0,0,0
189_1PDK.A,0.0,0.0,0.00883,0,1PDK.A,0.012949580032353771,0.02708802766451021,0.007107001380467372,0,0,0,0,0,0
187_1PDK.A,0.0,0.05,0.19511,0,1PDK.A,0.07927049614689784,0.04012534343988538,0.0532144490423655,0,0,0,0,0,0
174_1PDK.A,0.0,0.16,0.09483,0,1PDK.A,0.05113491751449916,0.0471005267963243,0.0713053494069138,0,0,0,0,0,0
186_1PDK.A,0.02,0.02,0.13427,0,1PDK.A,0.044410675720805454,0.034875118921033905,0.037793633574560254,0,0,0,0,0,0
185_1PDK.A,0.02,0.02,0.14092,0,1PDK.A,0.04413882417668415,0.035195328718024714,0.03888018879528208,0,0,0,0,0,0
184_1PDK.A,0.0,0.03,0.07959,0,1PDK.A,0.03666887882642928,0.032428085178047544,0.028071100580409118,0,0,0,0,0,0
183_1PDK.A,0.0,0.02,0.04766,0,1PDK.A,0.027214202050434087,0.03019377431959252,0.01971983557518205,0,0,0,0,0,0
182_1PDK.A,0.0,0.08,0.09544,0,1PDK.A,0.038215455287220035,0.03797545081342412,0.04633169015695059,0,0,0,0,0,0
181_1PDK.A,0.0,0.0,0.04149,0,1PDK.A,0.025055633803996825,0.028341304821145583,0.012443376344192937,0,0,0,0,0,0
180_1PDK.A,0.0,0.03,0.07427,0,1PDK.A,0.03522605945573502,0.03219117828019748,0.02720185640383166,0,0,0,0,0,0
179_1PDK.A,0.0,0.05,0.11201,0,1PDK.A,0.04246692850968233,0.03580681728141163,0.03963659357740547,0,0,0,0,0,0
178_1PDK.A,0.0,0.05,0.1027,0,1PDK.A,0.03922524480042233,0.03535182120475778,0.0381154162683949,0,0,0,0,0,0
177_1PDK.A,0.0,0.04,0.08359,0,1PDK.A,0.03666887882642928,0.03350926485080334,0.0318588336586045,0,0,0,0,0,0
176_1PDK.A,0.0,0.05,0.12544,0,1PDK.A,0.04335621980369919,0.03647311046903915,0.041830944947976026,0,0,0,0,0,0
175_1PDK.A,0.0,0.0,0.0329,0,1PDK.A,0.022123933731029295,0.028006322446804576,0.011039841104192857,0,0,0,0,0,0
65_1PVH.B,0.091,0.01,0.12983,0,1PVH.B,0.05212069732759678,0.036824238602079104,0.04785866106123028,0,0,0,0,0,0
67_1PVH.B,0.059,0.0,0.07781,0,1PVH.B,0.034632048118343486,0.03206564378104915,0.029948955630298375,0,0,0,0,0,0
339_1KXP.D,0.0,0.01,0.02426,0,1KXP.D,0.015971491545455466,0.028442748512681495,0.012762302304204186,0,0,0,0,0,0
131_1PVH.B,0.151,0.24,0.06171,0,1PVH.B,0.09346520239497026,0.06690497455533047,0.12058154518986866,0,1,0,0,0,0
159_1PVH.B,0.0,0.04,0.16861,0,1PVH.B,0.050948610647115575,0.03766047078328338,0.04575040130759249,0,0,0,0,0,0
158_1PVH.B,0.0,0.01,0.07502,0,1PVH.B,0.033773632131264456,0.03051017304917482,0.021056068169443307,0,0,0,0,0,0
157_1PVH.B,0.0,0.01,0.18398,0,1PVH.B,0.0681185661194249,0.03545067158884711,0.03885923461302988,0,0,0,0,0,0
156_1PVH.B,0.0,0.04,0.30345,0,1PVH.B,0.08624010280150012,0.04527343458979088,0.0677821465650559,0,0,1,0,0,0
155_1PVH.B,0.0,0.08,0.22432,0,1PVH.B,0.0822993149499756,0.045280673641870675,0.06738962050982723,0,0,0,0,0,0
154_1PVH.B,0.0,0.02,0.20189,0,1PVH.B,0.07659937578060225,0.03733437218152651,0.04491974710780281,0,0,0,0,0,0
153_1PVH.B,0.0,0.0,0.13599,0,1PVH.B,0.04407864880200941,0.03229269635310088,0.027883897901818964,0,0,0,0,0,0
152_1PVH.B,0.036,0.01,0.19967,0,1PVH.B,0.06721630005128643,0.03786753022011857,0.04848323877326906,0,0,0,0,0,0
151_1PVH.B,0.091,0.07,0.25037,0,1PVH.B,0.08788271961819641,0.051023993160386735,0.08635890028355828,0,0,1,0,0,0
150_1PVH.B,0.036,0.05,0.32687,0,1PVH.B,0.08270646562269678,0.050162834952636785,0.08180333507766976,0,0,1,0,0,0
149_1PVH.B,0.059,0.02,0.22925,0,1PVH.B,0.07249201456483957,0.04167649273843221,0.06096133620177779,0,0,1,0,0,0
148_1PVH.B,0.078,0.02,0.41956,0,1PVH.B,0.09172389198531064,0.05520819597466207,0.09578273810151637,0,0,1,0,0,0
147_1PVH.B,0.251,0.0,0.3585,0,1PVH.B,0.20846872370295,0.05943175586637705,0.11346678895123433,1,0,1,0,0,1
146_1PVH.B,0.318,0.02,1.0,0,1PVH.B,0.27320187276647423,0.1537205974841819,0.23769110211137295,1,0,1,1,1,1
145_1PVH.B,0.528,0.03,0.27765,0,1PVH.B,0.2311830212905696,0.08036943366856777,0.1639848216910335,1,0,1,1,1,1
144_1PVH.B,0.32,0.02,0.80674,0,1PVH.B,0.26707882414350115,0.12148843051484294,0.20650625383260807,1,0,1,1,1,1
143_1PVH.B,0.324,0.02,0.37716,0,1PVH.B,0.20492731562641697,0.07010129618007259,0.13710090798120134,1,0,1,0,1,1
142_1PVH.B,0.478,0.0,0.39425,0,1PVH.B,0.2328169170179531,0.08166281668697409,0.16382770949583977,1,0,1,1,1,1
141_1PVH.B,0.286,0.06,0.57551,0,1PVH.B,0.2548151782958963,0.096352216568693,0.17459369703732813,1,0,1,1,1,1
140_1PVH.B,0.091,0.1,0.30468,0,1PVH.B,0.10228910165221512,0.05946391893933519,0.10463520499013551,0,0,1,0,0,0
139_1PVH.B,0.091,0.08,0.12145,0,1PVH.B,0.052191122585642825,0.04400331310543432,0.06842860028831821,0,0,0,0,0,0
138_1PVH.B,0.091,0.24,0.20468,0,1PVH.B,0.1394773872594803,0.07526734639067525,0.1321743531325993,0,1,0,1,1,1
137_1PVH.B,0.036,0.15,0.1074,0,1PVH.B,0.049456237486974516,0.04873355810033342,0.07728540523997039,0,1,0,0,0,0
136_1PVH.B,0.194,0.3,0.1212,0,1PVH.B,0.14501474117266105,0.08898311791699866,0.15753995782386565,1,1,0,1,1,1
135_1PVH.B,0.091,0.25,0.1332,0,1PVH.B,0.07664685417207619,0.070302700813498,0.12362927597619561,0,1,0,0,0,0
134_1PVH.B,0.194,0.0,0.13065,0,1PVH.B,0.11880845398468405,0.040730539807421876,0.0650590291355142,1,0,0,0,0,0
133_1PVH.B,0.0,0.0,0.00099,0,1PVH.B,0.011848029093358583,0.02679529265270045,0.005826009962353213,0,0,0,0,0,0
160_1PVH.B,0.0,0.04,0.13624,0,1PVH.B,0.04499604305767181,0.03602470582039109,0.04046140995499614,0,0,0,0,0,0
161_1PVH.B,0.0,0.02,0.04454,0,1PVH.B,0.02708504380664859,0.030063921901291,0.01921005327613662,0,0,0,0,0,0
162_1PVH.B,0.0,0.0,0.00033,0,1PVH.B,0.011848029093358583,0.026770790006116693,0.005718171399093602,0,0,0,0,0,0
177_1PVH.B,0.0,0.02,0.03032,0,1PVH.B,0.021011801926724683,0.029478917442513186,0.01688662241317956,0,0,0,0,0,0
654_1QFH.A,0.0,0.0,0.00281,0,1QFH.A,0.012099895023662594,0.026862973600820086,0.006123382970129714,0,0,0,0,0,0
653_1QFH.A,0.0,0.0,0.05326,0,1QFH.A,0.026965147534841444,0.028806619631468286,0.014366497388989322,0,0,0,0,0,0
652_1QFH.A,0.0,0.0,0.02033,0,1QFH.A,0.015768783768895903,0.027523054111964,0.008986006649384825,0,0,0,0,0,0
651_1QFH.A,0.0,0.0,0.00318,0,1QFH.A,0.012099895023662594,0.026876753233039664,0.006183837922260102,0,0,0,0,0,0
650_1QFH.A,0.0,0.0,0.00271,0,1QFH.A,0.012099895023662594,0.026859250555297025,0.006107043793878258,0,0,0,0,0,0
649_1QFH.A,0.0,0.0,0.00245,0,1QFH.A,0.012099895023662594,0.02684957298497665,0.0060645619356244716,0,0,0,0,0,0
648_1QFH.A,0.0,0.0,0.00448,0,1QFH.A,0.012260284256119898,0.026925222676157684,0.006396247213529031,0,0,0,0,0,0
647_1QFH.A,0.0,0.0,0.00959,0,1QFH.A,0.013279529798889356,0.02711656979509377,0.007231179119978438,0,0,0,0,0,0
646_1QFH.A,0.0,0.0,0.00735,0,1QFH.A,0.012949580032353771,0.027032529413784475,0.006865181571945821,0,0,0,0,0,0
180_1PVH.B,0.036,0.01,0.04544,0,1PVH.B,0.024844418541709122,0.030628204533166663,0.0232833272406483,0,0,0,0,0,0
179_1PVH.B,0.091,0.01,0.03977,0,1PVH.B,0.033185964876434014,0.03253535594372423,0.033143598929168905,0,0,0,0,0,0
178_1PVH.B,0.194,0.03,0.10468,0,1PVH.B,0.10868136081943187,0.042634196954656034,0.07021824314742245,1,0,0,0,0,0
176_1PVH.B,0.0,0.0,0.00148,0,1PVH.B,0.011848029093358583,0.026813498116541656,0.005906071925985348,0,0,0,0,0,0
163_1PVH.B,0.0,0.0,8e-05,0,1PVH.B,0.011911687957688459,0.02676151439179053,0.005677323458464962,0,0,0,0,0,0
175_1PVH.B,0.091,0.04,0.09877,0,1PVH.B,0.04687718290495739,0.038284840062301914,0.05218621100193942,0,0,0,0,0,0
174_1PVH.B,0.0,0.01,0.07182,0,1PVH.B,0.03261935218847568,0.030375646386047374,0.02053321452939671,0,0,0,0,0,0
173_1PVH.B,0.0,0.0,0.00501,0,1PVH.B,0.012452559179830599,0.026945007674503207,0.006482844847661748,0,0,0,0,0,0
172_1PVH.B,0.0,0.0,0.04856,0,1PVH.B,0.02623503850369739,0.02861992747833748,0.013598556105170885,0,0,0,0,0,0
171_1PVH.B,0.0,0.02,0.14675,0,1PVH.B,0.04644448350576545,0.03461207939762521,0.03591032532274991,0,0,0,0,0,0
170_1PVH.B,0.0,0.03,0.13895,0,1PVH.B,0.04594296957323331,0.03518831705796933,0.037770035603273466,0,0,0,0,0,0
169_1PVH.B,0.0,0.0,0.00041,0,1PVH.B,0.011848029093358583,0.02677375886296809,0.005731242740094767,0,0,0,0,0,0
168_1PVH.B,0.0,0.0,0.07707,0,1PVH.B,0.03489812877065496,0.029770693728004255,0.018256855254461024,0,0,0,0,0,0
167_1PVH.B,0.0,0.0,0.02638,0,1PVH.B,0.016500711000505038,0.027754633502896406,0.00997452681259792,0,0,0,0,0,0
166_1PVH.B,0.0,0.0,0.00016,0,1PVH.B,0.011911687957688459,0.02676448224827334,0.005690394799466127,0,0,0,0,0,0
165_1PVH.B,0.0,0.0,0.00197,0,1PVH.B,0.011878216457422697,0.02683171560865178,0.005986133889617482,0,0,0,0,0,0
164_1PVH.B,0.0,0.0,0.0387,0,1PVH.B,0.02408579955763844,0.028232079451391005,0.011987513326777312,0,0,0,0,0,0
132_1PVH.B,0.091,0.29,0.08176,0,1PVH.B,0.05925224586636184,0.07293583658245377,0.1277610678249951,0,1,0,1,1,0
130_1PVH.B,0.286,0.44,0.34823,0,1PVH.B,0.26464721646874023,0.18394267761986835,0.2565563263222298,1,1,1,1,1,1
68_1PVH.B,0.0,0.0,0.06253,0,1PVH.B,0.02745692332455934,0.029178309930892845,0.015881139027499304,0,0,0,0,0,0
129_1PVH.B,0.0,0.0,0.0,0,1PVH.B,0.011911687957688459,0.026758546855358632,0.005664252117463797,0,0,0,0,0,0
95_1PVH.B,0.134,0.06,0.19967,0,1PVH.B,0.10963090324723453,0.04887231763188191,0.08337401240911584,0,0,0,0,0,0
94_1PVH.B,0.0,0.0,0.03541,0,1PVH.B,0.0233475636833573,0.028103804742042993,0.011449954428104404,0,0,0,0,0,0
93_1PVH.B,0.154,0.0,0.03443,0,1PVH.B,0.07612068461414143,0.033977893913194175,0.041492598850379,0,0,0,0,0,0
92_1PVH.B,0.686,0.09,0.57938,0,1PVH.B,0.3090944843158183,0.16302491268025124,0.26307727020251215,1,0,1,1,1,1
91_1PVH.B,0.32,0.13,0.22161,0,1PVH.B,0.2074576332363117,0.07575943042758898,0.14537665814197143,1,1,0,1,1,1
90_1PVH.B,0.0,0.0,0.00156,0,1PVH.B,0.011848029093358583,0.02681647157918027,0.005919143266986513,0,0,0,0,0,0
89_1PVH.B,0.138,0.0,0.06376,0,1PVH.B,0.06166004420911676,0.03468333330615058,0.04314692928653743,0,0,0,0,0,0
88_1PVH.B,0.199,0.16,0.43122,0,1PVH.B,0.23595127063051083,0.09336681380730436,0.165296957006708,1,1,1,1,1,1
87_1PVH.B,0.0,0.0,0.04232,0,1PVH.B,0.025684086161195815,0.028373877492329447,0.012578991507080025,0,0,0,0,0,0
86_1PVH.B,0.0,0.0,0.00707,0,1PVH.B,0.012949580032353771,0.027022042187191404,0.006819431878441744,0,0,0,0,0,0
85_1PVH.B,0.095,0.05,0.08685,0,1PVH.B,0.04497011279166822,0.038891924848368585,0.05415723471050139,0,0,0,0,0,0
84_1PVH.B,0.32,0.03,0.53361,0,1PVH.B,0.2133121524721018,0.08792729691210979,0.16501322776514316,1,0,1,1,1,1
83_1PVH.B,0.0,0.0,0.0,0,1PVH.B,0.011911687957688459,0.026758546855358632,0.005664252117463797,0,0,0,0,0,0
82_1PVH.B,0.053,0.0,0.03073,0,1PVH.B,0.01992549340400749,0.02982526252707461,0.021079740216715222,0,0,0,0,0,0
81_1PVH.B,0.043,0.0,0.01767,0,1PVH.B,0.016570145194245746,0.028929675054239917,0.016984625074279024,0,0,0,0,0,0
80_1PVH.B,0.0,0.0,0.0,0,1PVH.B,0.011911687957688459,0.026758546855358632,0.005664252117463797,0,0,0,0,0,0
79_1PVH.B,0.0,0.0,0.02177,0,1PVH.B,0.015768783768895903,0.0275780029941669,0.009221290787405793,0,0,0,0,0,0
78_1PVH.B,0.036,0.01,0.02654,0,1PVH.B,0.017457492759585126,0.029838991255863246,0.020195222929123093,0,0,0,0,0,0
77_1PVH.B,0.036,0.01,0.08562,0,1PVH.B,0.03448785301846068,0.03237372459522041,0.029848408258483367,0,0,0,0,0,0
76_1PVH.B,0.0,0.01,0.04577,0,1PVH.B,0.025798434826766484,0.029301693603631693,0.016276859115892394,0,0,0,0,0,0
75_1PVH.B,0.036,0.01,0.05752,0,1PVH.B,0.02633714396937838,0.031143183010864113,0.025257099731824197,0,0,0,0,0,0
74_1PVH.B,0.043,0.01,0.0438,0,1PVH.B,0.025183030741128532,0.03082568379511941,0.02438821785692164,0,0,0,0,0,0
73_1PVH.B,0.194,0.01,0.12219,0,1PVH.B,0.1116439445602116,0.041366977789248395,0.06681090085277813,1,0,0,0,0,0
72_1PVH.B,0.0,0.01,0.08316,0,1PVH.B,0.034951153891209605,0.030854981068098905,0.022386077116311832,0,0,0,0,0,0
71_1PVH.B,0.036,0.02,0.12917,0,1PVH.B,0.04257026330490978,0.03532320969274352,0.040098285544129635,0,0,0,0,0,0
70_1PVH.B,0.059,0.03,0.10058,0,1PVH.B,0.03832865804063409,0.03590566482479479,0.04307188414716634,0,0,0,0,0,0
69_1PVH.B,0.059,0.01,0.11265,0,1PVH.B,0.04005583487049993,0.034571621643984626,0.03877569066444282,0,0,0,0,0,0
96_1PVH.B,0.706,0.03,0.35341,0,1PVH.B,0.24369026220369938,0.10895810132996171,0.21127307490626598,1,0,1,1,1,1
97_1PVH.B,0.036,0.0,0.0014,0,1PVH.B,0.013024102688534753,0.028040322029911885,0.012953387991369893,0,0,0,0,0,0
98_1PVH.B,0.0,0.0,0.05752,0,1PVH.B,0.02745692332455934,0.028976854772371195,0.015062546297301353,0,0,0,0,0,0
113_1PVH.B,0.0,0.01,0.06878,0,1PVH.B,0.02798819535997302,0.030248378368088375,0.020036503571352445,0,0,0,0,0,0
126_1PVH.B,0.091,0.08,0.41512,0,1PVH.B,0.0963618458240969,0.0653620628603051,0.11641185918596936,0,0,1,0,0,0
125_1PVH.B,0.0,0.0,0.00131,0,1PVH.B,0.011848029093358583,0.026807180572953462,0.0058782953263578725,0,0,0,0,0,0
124_1PVH.B,0.0,0.02,0.06976,0,1PVH.B,0.03153864554281296,0.03112924053244534,0.02333079352675385,0,0,0,0,0,0
123_1PVH.B,0.0,0.03,0.48529,0,1PVH.B,0.10085876285902028,0.0563629834122115,0.09435913863256656,0,0,1,0,0,0
122_1PVH.B,0.0,0.0,0.03016,0,1PVH.B,0.02116127338421385,0.02790028241744208,0.01059214767490296,0,0,0,0,0,0
121_1PVH.B,0.0,0.01,0.03936,0,1PVH.B,0.02364919588070754,0.029043128901856605,0.015229517918174057,0,0,0,0,0,0
119_1PVH.B,0.0,0.0,0.06664,0,1PVH.B,0.02750022883741817,0.02934458928613032,0.016552679171434152,0,0,0,0,0,0
118_1PVH.B,0.0,0.0,0.00419,0,1PVH.B,0.012260284256119898,0.02691440290219628,0.006348863602399809,0,0,0,0,0,0
117_1PVH.B,0.0,0.01,0.0387,0,1PVH.B,0.02364919588070754,0.029016632033415188,0.015121679354914448,0,0,0,0,0,0
116_1PVH.B,0.0,0.01,0.10961,0,1PVH.B,0.04114232055645846,0.03200163216617158,0.026707789234821977,0,0,0,0,0,0
115_1PVH.B,0.0,0.0,0.00559,0,1PVH.B,0.01272638021532879,0.026966675381065175,0.006577612069920194,0,0,0,0,0,0
114_1PVH.B,0.0,0.01,0.08373,0,1PVH.B,0.034951153891209605,0.03087926694880977,0.022479210420945132,0,0,0,0,0,0
112_1PVH.B,0.0,0.0,0.0364,0,1PVH.B,0.02408579955763844,0.0281423444774798,0.011611712272993822,0,0,0,0,0,0
99_1PVH.B,0.0,0.04,0.57592,0,1PVH.B,0.1171399634361755,0.0653370168581987,0.11230150009739838,0,0,1,0,0,0
111_1PVH.B,0.0,0.0,0.01241,0,1PVH.B,0.0136725739971429,0.02722273183839157,0.0076919438902695,0,0,0,0,0,0
110_1PVH.B,0.0,0.04,0.10345,0,1PVH.B,0.04151384225327339,0.03443754882101966,0.03510379406214369,0,0,0,0,0,0
109_1PVH.B,0.0,0.21,0.10279,0,1PVH.B,0.05599368116145581,0.05443382788835989,0.08827677797721538,0,1,0,0,0,0
108_1PVH.B,0.0,0.0,0.04955,0,1PVH.B,0.02623503850369739,0.028659154120179355,0.0137603139500603,0,0,0,0,0,0
107_1PVH.B,0.0,0.03,0.11898,0,1PVH.B,0.04202231997728325,0.03423533287290304,0.03450710210585768,0,0,0,0,0,0
106_1PVH.B,0.0,0.14,0.10855,0,1PVH.B,0.05422315312186863,0.045472017187429124,0.0672787523323393,0,1,0,0,0,0
105_1PVH.B,0.0,0.0,0.07379,0,1PVH.B,0.03394493819744625,0.02963605099017451,0.01772093027341326,0,0,0,0,0,0
104_1PVH.B,0.0,0.11,0.11594,0,1PVH.B,0.05404978876447347,0.04236078044054965,0.0590837193729105,0,1,0,0,0,0
103_1PVH.B,0.0,0.31,0.16163,0,1PVH.B,0.06852299359294331,0.07664615476019687,0.1292324095649435,0,1,0,1,1,0
102_1PVH.B,0.0,0.1,0.12802,0,1PVH.B,0.05495909120422085,0.041916288670012396,0.057923325835949266,0,1,0,0,0,0
101_1PVH.B,0.0,0.0,0.00033,0,1PVH.B,0.011848029093358583,0.026770790006116693,0.005718171399093602,0,0,0,0,0,0
100_1PVH.B,0.0,0.02,0.0484,0,1PVH.B,0.027214202050434087,0.03022465228547286,0.019840745479442826,0,0,0,0,0,0
136_1PDK.A,0.0,0.09,0.09556,0,1PDK.A,0.04010210191152134,0.03902630315979517,0.049485463196589474,0,0,0,0,0,0
135_1PDK.A,0.02,0.03,0.05528,0,1PDK.A,0.028463009239512758,0.03214669604731473,0.028021484281672202,0,0,0,0,0,0
134_1PDK.A,0.0,0.0,0.00109,0,1PDK.A,0.011848029093358583,0.02679900707695826,0.005842349138604669,0,0,0,0,0,0
399_1KXP.D,0.0,0.0,0.00604,0,1KXP.D,0.01272638021532879,0.026983498202733422,0.006651138363051747,0,0,0,0,0,0
431_1KXP.D,0.0,0.03,0.01473,0,1KXP.D,0.015561340813518858,0.029651442672201867,0.017473510863714688,0,0,0,0,0,0
430_1KXP.D,0.0,0.03,0.0169,0,1KXP.D,0.01708590857904793,0.0297404989030686,0.017828070988371286,0,0,0,0,0,0
429_1KXP.D,0.0,0.05,0.01822,0,1KXP.D,0.01708590857904793,0.031470209656242726,0.02431208017116478,0,0,0,0,0,0
428_1KXP.D,0.0,0.04,0.01029,0,1KXP.D,0.015168296615265314,0.03028791346583626,0.019882217466287173,0,0,0,0,0,0
427_1KXP.D,0.0,0.22,0.01275,0,1KXP.D,0.03390688079449505,0.04950903312077585,0.07669914970854143,0,1,0,0,0,0
426_1KXP.D,0.0,0.0,0.00368,0,1KXP.D,0.012260284256119898,0.026895385277874686,0.006265533803517382,0,0,0,0,0,0
425_1KXP.D,0.0,0.18,0.0068,0,1KXP.D,0.02875464114401465,0.04410099643620235,0.06319030460903124,0,0,0,0,0,0
424_1KXP.D,0.0,0.43,0.0085,0,1KXP.D,0.040727626361331995,0.08562216316103465,0.14182222130873437,0,1,0,1,0,0
423_1KXP.D,0.0,0.15,0.01303,0,1KXP.D,0.0286282080124587,0.04101449569760206,0.05480573720508555,0,0,0,0,0,0
422_1KXP.D,0.0,0.0,0.00047,0,1KXP.D,0.011848029093358583,0.026775985715726276,0.005741046245845641,0,0,0,0,0,0
421_1KXP.D,0.0,0.11,0.01152,0,1KXP.D,0.025482234080942804,0.03672175647545811,0.042022351531140034,0,0,0,0,0,0
420_1KXP.D,0.079,0.34,0.1452,0,1KXP.D,0.07904422796397025,0.08896268248393327,0.1514440089108093,1,1,0,1,1,0
419_1KXP.D,0.031,0.05,0.4054,0,1KXP.D,0.0873901205757442,0.05543197963586693,0.09365388082594023,0,0,1,0,0,0
418_1KXP.D,0.0,0.0,0.04692,0,1KXP.D,0.02623503850369739,0.0285550606035275,0.013330593614647005,0,0,0,0,0,0
417_1KXP.D,0.117,0.04,0.12689,0,1KXP.D,0.05678005531393429,0.04107910467316691,0.061879956046238555,1,0,0,0,0,0
412_1KXP.D,0.079,0.02,0.13831,0,1KXP.D,0.05971510527059037,0.037718555004922966,0.05002492676669565,1,0,0,0,0,0
411_1KXP.D,0.031,0.03,0.21573,0,1KXP.D,0.0756767486550771,0.04061508926832069,0.05639503317352917,0,0,0,0,0,0
410_1KXP.D,0.031,0.09,0.64237,0,1KXP.D,0.1083761933266479,0.08430946371213084,0.14490949090156433,1,0,1,0,1,0
409_1KXP.D,0.031,0.0,0.00736,0,1KXP.D,0.014125653627529941,0.028097179181693483,0.012946593533958661,1,0,0,0,0,0
408_1KXP.D,0.0,0.02,0.00217,0,1KXP.D,0.013296370411234106,0.028353222561031118,0.012287144298394666,0,0,0,0,0,0
407_1KXP.D,0.0,0.0,0.00132,0,1KXP.D,0.011848029093358583,0.026807552153092606,0.005879929243983018,0,0,0,0,0,0
406_1KXP.D,0.0,0.0,9e-05,0,1KXP.D,0.011911687957688459,0.026761885356347437,0.005678957376090108,0,0,0,0,0,0
405_1KXP.D,0.0,0.02,0.01199,0,1KXP.D,0.014869049384714412,0.028741095197542466,0.013891651406287656,0,0,0,0,0,0
404_1KXP.D,0.0,0.03,0.00859,0,1KXP.D,0.01483834684872973,0.02940085711895781,0.01647028544187528,0,0,0,0,0,0
403_1KXP.D,0.0,0.0,0.0,0,1KXP.D,0.011911687957688459,0.026758546855358632,0.005664252117463797,0,0,0,0,0,0
402_1KXP.D,0.0,0.01,0.01237,0,1KXP.D,0.013453282161046808,0.027978493444250994,0.010819574247906054,0,0,0,0,0,0
401_1KXP.D,0.0,0.01,0.01284,0,1KXP.D,0.013453282161046808,0.027996704487318037,0.010896368376287897,0,0,0,0,0,0
432_1KXP.D,0.0,0.01,0.01964,0,1KXP.D,0.015549491932799813,0.028261474982905953,0.012007432361386912,0,0,0,0,0,0
433_1KXP.D,0.0,0.01,0.01133,0,1KXP.D,0.013165173937471002,0.027938237553402027,0.01064964681489091,0,0,0,0,0,0
434_1KXP.D,0.0,0.01,0.01539,0,1KXP.D,0.013745918342718584,0.028095709920781052,0.011313017370700028,0,0,0,0,0,0
449_1KXP.D,0.0,0.0,0.06958,0,1KXP.D,0.029585139233355665,0.029464097046262207,0.01703305095322696,0,0,0,0,0,0
464_1KXP.D,0.0,0.01,0.27842,0,1KXP.D,0.07662025005454277,0.040348790046874285,0.054289952664905036,0,0,0,0,0,0
463_1KXP.D,0.0,0.01,0.05023,0,1KXP.D,0.025798434826766484,0.029482915396306507,0.017005586376707335,0,0,0,0,0,0
462_1KXP.D,0.0,0.0,0.00595,0,1KXP.D,0.01272638021532879,0.026980132822306737,0.006636433104425436,0,0,0,0,0,0
461_1KXP.D,0.031,0.03,0.68089,0,1KXP.D,0.10663549642312134,0.07588424278910129,0.13239834542480242,0,0,1,0,0,0
460_1KXP.D,0.0,0.09,0.19014,0,1KXP.D,0.07769497181856534,0.04440417762035859,0.06493905609521666,0,0,0,0,0,0
459_1KXP.D,0.0,0.0,0.00538,0,1KXP.D,0.01272638021532879,0.02695882822117673,0.006543299799792136,0,0,0,0,0,0
458_1KXP.D,0.0,0.88,0.14568,0,1KXP.D,0.23639769903763724,0.28841239979224204,0.305273774556653,0,1,0,1,1,1
457_1KXP.D,0.0,0.0,0.10451,0,1KXP.D,0.04023272099498462,0.03092055724654689,0.02274032521786058,0,0,0,0,0,0
455_1KXP.D,0.0,0.0,0.15049,0,1KXP.D,0.045025575317570905,0.03294434816597625,0.0302530784582801,0,0,0,0,0,0
454_1KXP.D,0.0,0.17,0.43712,0,1KXP.D,0.13536665898019618,0.07645721615898575,0.13036688182616005,0,0,1,0,0,1
453_1KXP.D,0.0,0.0,0.0845,0,1KXP.D,0.035387757568140506,0.03007788873073768,0.01947085604994421,0,0,0,0,0,0
452_1KXP.D,0.0,0.0,0.01199,0,1KXP.D,0.0136725739971429,0.027206894903986693,0.0076233193500133845,0,0,0,0,0,0
448_1KXP.D,0.0,0.0,0.07402,0,1KXP.D,0.03394493819744625,0.029645473124093085,0.01775851037879161,0,0,0,0,0,0
435_1KXP.D,0.0,0.01,0.03285,0,1KXP.D,0.02140338902830681,0.02878279638230609,0.014165837544204264,0,0,0,0,0,0
447_1KXP.D,0.0,0.04,0.72196,0,1KXP.D,0.11432141543431536,0.07924691450678625,0.13616323309502487,0,0,1,0,0,1
446_1KXP.D,0.0,0.0,0.18807,0,1KXP.D,0.07509367512564939,0.034692895386539774,0.036393340893577306,0,0,0,0,0,0
445_1KXP.D,0.0,0.0,0.00699,0,1KXP.D,0.012949580032353771,0.02701904656332778,0.006806360537440579,0,0,0,0,0,0
444_1KXP.D,0.0,0.03,0.34564,0,1KXP.D,0.09136867460088718,0.046671245729227866,0.0715414789974081,0,0,1,0,0,0
443_1KXP.D,0.0,0.3,0.39756,0,1KXP.D,0.14630460258245923,0.10146995064691859,0.16464726206686675,0,1,1,1,1,1
442_1KXP.D,0.0,0.0,0.02596,0,1KXP.D,0.016500711000505038,0.027738495956032977,0.009905902272341803,0,0,0,0,0,0
441_1KXP.D,0.0,0.16,0.01123,0,1KXP.D,0.028987129485088272,0.04203550187625699,0.05764579806069648,0,0,0,0,0,0
440_1KXP.D,0.0,0.42,0.25368,0,1KXP.D,0.14694678562724206,0.11432453860906712,0.17874844761391734,0,1,0,1,1,1
439_1KXP.D,0.0,0.15,0.08997,0,1KXP.D,0.05063914825075542,0.04554823427061966,0.06737709941295589,0,0,0,0,0,0
438_1KXP.D,0.0,0.34,0.01161,0,1KXP.D,0.034063742775972884,0.06799957903904846,0.11412287543692046,0,1,0,0,0,0
437_1KXP.D,0.0,0.06,0.02813,0,1KXP.D,0.018468829886740624,0.032786412734609506,0.02906545856582121,0,0,0,0,0,0
436_1KXP.D,0.0,0.04,0.15823,0,1KXP.D,0.04642682469557566,0.03712830780091173,0.04405439481269134,0,0,0,0,0,0
400_1KXP.D,0.0,0.0,0.0033,0,1KXP.D,0.012260284256119898,0.02688122377882313,0.006203444933761849,0,0,0,0,0,0
398_1KXP.D,0.0,0.01,0.01029,0,1KXP.D,0.013060237962793264,0.02789803792096614,0.010479719381875766,0,0,0,0,0,0
133_1PDK.A,0.0,0.0,0.08963,0,1PDK.A,0.03590529917321253,0.030291779922726768,0.02030905579164391,0,0,0,0,0,0
397_1KXP.D,0.0,0.01,0.00661,0,1KXP.D,0.01273028819625768,0.02775624370565351,0.009878437695822181,0,0,0,0,0,0
366_1KXP.D,0.0,0.01,0.01029,0,1KXP.D,0.013060237962793264,0.02789803792096614,0.010479719381875766,0,0,0,0,0,0
365_1KXP.D,0.0,0.0,0.0,0,1KXP.D,0.011911687957688459,0.026758546855358632,0.005664252117463797,0,0,0,0,0,0
364_1KXP.D,0.0,0.0,0.00293,0,1KXP.D,0.012099895023662594,0.026867441917849847,0.006142989981631462,0,0,0,0,0,0
363_1KXP.D,0.0,0.01,0.00963,0,1KXP.D,0.013060237962793264,0.027872555762018563,0.010371880818616156,0,0,0,0,0,0
362_1KXP.D,0.0,0.0,9e-05,0,1KXP.D,0.011911687957688459,0.026761885356347437,0.005678957376090108,0,0,0,0,0,0
361_1KXP.D,0.0,0.0,0.0,0,1KXP.D,0.011911687957688459,0.026758546855358632,0.005664252117463797,0,0,0,0,0,0
360_1KXP.D,0.0,0.0,0.0,0,1KXP.D,0.011911687957688459,0.026758546855358632,0.005664252117463797,0,0,0,0,0,0
359_1KXP.D,0.0,0.0,0.00028,0,1KXP.D,0.011848029093358583,0.026768934633164074,0.005710001810967875,0,0,0,0,0,0
358_1KXP.D,0.0,0.0,0.00028,0,1KXP.D,0.011848029093358583,0.026768934633164074,0.005710001810967875,0,0,0,0,0,0
357_1KXP.D,0.0,0.0,0.00085,0,1KXP.D,0.011848029093358583,0.02679009329983005,0.0058031351156011745,0,0,0,0,0,0
356_1KXP.D,0.0,0.0,0.00066,0,1KXP.D,0.011848029093358583,0.026783038604469695,0.005772090680723408,0,0,0,0,0,0
355_1KXP.D,0.0,0.01,0.0119,0,1KXP.D,0.013453282161046808,0.027960293906187834,0.01074278011952421,0,0,0,0,0,0
354_1KXP.D,0.0,0.0,0.00293,0,1KXP.D,0.012099895023662594,0.026867441917849847,0.006142989981631462,0,0,0,0,0,0
353_1KXP.D,0.0,0.02,0.01331,0,1KXP.D,0.014869049384714412,0.028793623892982352,0.014107328532806877,0,0,0,0,0,0
352_1KXP.D,0.0,0.01,0.01539,0,1KXP.D,0.013745918342718584,0.028095709920781052,0.011313017370700028,0,0,0,0,0,0
351_1KXP.D,0.0,0.0,0.0,0,1KXP.D,0.011911687957688459,0.026758546855358632,0.005664252117463797,0,0,0,0,0,0
350_1KXP.D,0.0,0.0,0.00085,0,1KXP.D,0.011848029093358583,0.02679009329983005,0.0058031351156011745,0,0,0,0,0,0
349_1KXP.D,0.0,0.01,0.00925,0,1KXP.D,0.01282774962171964,0.02785789447310187,0.010309791948860622,0,0,0,0,0,0
348_1KXP.D,0.0,0.0,0.0034,0,1KXP.D,0.012260284256119898,0.026884949785978413,0.006219784110013305,0,0,0,0,0,0
347_1KXP.D,0.0,0.0,0.00038,0,1KXP.D,0.011848029093358583,0.026772645504128886,0.0057263409872193305,0,0,0,0,0,0
346_1KXP.D,0.0,0.0,0.00104,0,1KXP.D,0.011848029093358583,0.026797149802243177,0.00583417955047894,0,0,0,0,0,0
345_1KXP.D,0.0,0.01,0.01152,0,1KXP.D,0.01324678047608428,0.02794558779268898,0.010680691249768677,0,0,0,0,0,0
344_1KXP.D,0.0,0.0,0.00529,0,1KXP.D,0.01272638021532879,0.026955465832351175,0.006528594541165825,0,0,0,0,0,0
343_1KXP.D,0.0,0.0,0.00633,0,1KXP.D,0.012949580032353771,0.026994344982922906,0.006698521974180969,0,0,0,0,0,0
342_1KXP.D,0.0,0.01,0.00623,0,1KXP.D,0.012615715120280965,0.027741641852294035,0.009816348826066648,0,0,0,0,0,0
341_1KXP.D,0.0,0.01,0.01671,0,1KXP.D,0.01497784992657588,0.028147093260139897,0.011528694497219247,0,0,0,0,0,0
340_1KXP.D,0.0,0.01,0.02785,0,1KXP.D,0.016360771234268573,0.028584387043430342,0.01334887873163146,0,0,0,0,0,0
367_1KXP.D,0.0,0.01,0.00718,0,1KXP.D,0.01273028819625768,0.027778160485897083,0.009971571000455481,0,0,0,0,0,0
368_1KXP.D,0.0,0.0,0.00208,0,1KXP.D,0.012099895023662594,0.02683580690369846,0.006004106983494084,0,0,0,0,0,0
369_1KXP.D,0.0,0.01,0.00529,0,1KXP.D,0.012507088379232699,0.0277055535329079,0.009662760569302962,0,0,0,0,0,0
384_1KXP.D,0.0,0.01,0.00293,0,1KXP.D,0.011880603187566502,0.027615149698949043,0.009277156009768597,0,0,0,0,0,0
396_1KXP.D,0.0,0.0,0.00142,0,1KXP.D,0.011848029093358583,0.026811268229971517,0.005896268420234474,0,0,0,0,0,0
395_1KXP.D,0.0,0.01,0.01378,0,1KXP.D,0.013453282161046808,0.02803316111578201,0.011049956633051585,0,0,0,0,0,0
394_1KXP.D,0.0,0.01,0.0136,0,1KXP.D,0.013453282161046808,0.0280261764921657,0.011020546115798963,0,0,0,0,0,0
393_1KXP.D,0.0,0.01,0.00982,0,1KXP.D,0.013060237962793264,0.02787988921677262,0.010402925253493922,0,0,0,0,0,0
392_1KXP.D,0.0,0.0,0.00312,0,1KXP.D,0.012099895023662594,0.02687451823126246,0.006174034416509228,0,0,0,0,0,0
391_1KXP.D,0.0,0.01,0.01095,0,1KXP.D,0.013060237962793264,0.027923542707500245,0.010587557945135377,0,0,0,0,0,0
390_1KXP.D,0.0,0.01,0.0102,0,1KXP.D,0.013060237962793264,0.02789456174912082,0.010465014123249456,0,0,0,0,0,0
389_1KXP.D,0.0,0.01,0.00623,0,1KXP.D,0.012615715120280965,0.027741641852294035,0.009816348826066648,0,0,0,0,0,0
388_1KXP.D,0.0,0.02,0.00651,0,1KXP.D,0.014146055419925281,0.028524014248402584,0.01299626454770786,0,0,0,0,0,0
387_1KXP.D,0.0,0.01,0.00708,0,1KXP.D,0.01273028819625768,0.02777431422113551,0.009955231824204026,0,0,0,0,0,0
386_1KXP.D,0.0,0.01,0.01275,0,1KXP.D,0.013453282161046808,0.027993216375377404,0.010881663117661587,0,0,0,0,0,0
385_1KXP.D,0.0,0.0,0.00954,0,1KXP.D,0.013195090126348879,0.027114691125237112,0.00722300953185271,0,0,0,0,0,0
383_1KXP.D,0.0,0.02,0.00576,0,1KXP.D,0.013922855602900299,0.028494428347809915,0.012873720725821939,0,0,0,0,0,0
370_1KXP.D,0.0,0.01,0.02341,0,1KXP.D,0.015549491932799813,0.028409312806659145,0.012623419306066808,0,0,0,0,0,0
382_1KXP.D,0.0,0.01,0.00991,0,1KXP.D,0.013060237962793264,0.027883363612599195,0.010417630512120232,0,0,0,0,0,0
381_1KXP.D,0.0,0.01,0.00434,0,1KXP.D,0.012040992420023806,0.027669127635671163,0.009507538394914129,0,0,0,0,0,0
380_1KXP.D,0.0,0.02,0.00557,0,1KXP.D,0.013922855602900299,0.02848693798314084,0.012842676290944172,0,0,0,0,0,0
379_1KXP.D,0.0,0.03,0.00859,0,1KXP.D,0.01483834684872973,0.02940085711895781,0.01647028544187528,0,0,0,0,0,0
378_1KXP.D,0.0,0.04,0.00699,0,1KXP.D,0.01483834684872973,0.030150171241934826,0.01934302464998912,0,0,0,0,0,0
377_1KXP.D,0.0,0.01,0.02436,0,1KXP.D,0.015971491545455466,0.028446684635655025,0.01277864148045564,0,0,0,0,0,0
376_1KXP.D,0.0,0.01,0.01737,0,1KXP.D,0.01497784992657588,0.028172819137877725,0.011636533060478859,0,0,0,0,0,0
375_1KXP.D,0.0,0.0,0.00085,0,1KXP.D,0.011848029093358583,0.02679009329983005,0.0058031351156011745,0,0,0,0,0,0
374_1KXP.D,0.0,0.01,0.01699,0,1KXP.D,0.01497784992657588,0.028158004481773743,0.011574444190723326,0,0,0,0,0,0
373_1KXP.D,0.0,0.01,0.01275,0,1KXP.D,0.013453282161046808,0.027993216375377404,0.010881663117661587,0,0,0,0,0,0
372_1KXP.D,0.0,0.0,0.005,0,1KXP.D,0.012452559179830599,0.026944634241840765,0.006481210930036603,0,0,0,0,0,0
371_1KXP.D,0.0,0.01,0.00642,0,1KXP.D,0.01273028819625768,0.027748941845925624,0.009847393260944415,0,0,0,0,0,0
465_1KXP.D,0.0,0.01,0.42617,0,1KXP.D,0.08315485629024573,0.049333070845392846,0.07843108557643144,0,0,1,0,0,0
466_1KXP.D,0.0,0.0,0.00057,0,1KXP.D,0.011848029093358583,0.026779697537258465,0.005757385422097097,0,0,0,0,0,0
467_1KXP.D,0.0,0.02,0.0557,0,1KXP.D,0.02843608687129604,0.030530903192997838,0.021033505345799123,0,0,0,0,0,0
468_1KXP.D,0.0,0.11,0.10678,0,1KXP.D,0.05153755666055052,0.04183467902862635,0.05758705082827712,0,0,0,0,0,0
87_1PDK.A,0.0,0.0,0.12278,0,1PDK.A,0.04101538166259146,0.031709878352959665,0.02572549271900161,0,0,0,0,0,0
86_1PDK.A,0.0,0.0,0.01948,0,1PDK.A,0.015583791776891611,0.027490668955892146,0.008847123651247447,0,0,0,0,0,0
85_1PDK.A,0.0,0.0,0.07101,0,1PDK.A,0.033055955865406585,0.0295223954373597,0.01726670117362278,0,0,0,0,0,0
84_1PDK.A,0.0,0.0,0.0271,0,1PDK.A,0.016580063070364665,0.027782319090170406,0.010092168881608403,0,0,0,0,0,0
83_1PDK.A,0.0,0.0,0.00556,0,1PDK.A,0.01272638021532879,0.02696555422226883,0.006572710317044757,0,0,0,0,0,0
82_1PDK.A,0.0,0.09,0.07234,0,1PDK.A,0.035447293880658044,0.03780472669729168,0.04569150647100137,0,0,0,0,0,0
81_1PDK.A,0.0,0.26,0.08661,0,1PDK.A,0.053774009815434655,0.06083914411056032,0.10130392940041545,0,1,0,0,0,0
80_1PDK.A,0.0,0.04,0.05576,0,1PDK.A,0.02890202817501814,0.03224899834213406,0.027311640907824265,0,0,0,0,0,0
79_1PDK.A,0.0,0.03,0.0531,0,1PDK.A,0.02841025238530024,0.03126492181696585,0.0237428527913984,0,0,0,0,0,0
78_1PDK.A,0.0,0.02,0.05238,0,1PDK.A,0.027944311081578143,0.030391251121513696,0.02049104469425078,0,0,0,0,0,0
77_1PDK.A,0.0,0.09,0.07766,0,1PDK.A,0.037219300036217706,0.038081320241995155,0.046560750647578836,0,0,0,0,0,0
76_1PDK.A,0.0,0.03,0.04536,0,1PDK.A,0.027409302747348877,0.03093275204016568,0.022478200549535695,0,0,0,0,0,0
75_1PDK.A,0.0,0.0,0.01597,0,1PDK.A,0.014668935995233117,0.02735732904886206,0.008273618564821339,0,0,0,0,0,0
74_1PDK.A,0.0,0.11,0.07923,0,1PDK.A,0.04609665906030693,0.04028976306575834,0.053085607771000964,0,0,0,0,0,0
73_1PDK.A,0.0,0.06,0.09024,0,1PDK.A,0.037186420431501305,0.03571065533794379,0.039213720935600604,0,0,0,0,0,0
72_1PDK.A,0.0,0.05,0.10947,0,1PDK.A,0.04246692850968233,0.03568212664388,0.039221578500618484,0,0,0,0,0,0
71_1PDK.A,0.0,0.01,0.05939,0,1PDK.A,0.027020319647628438,0.029858524923963438,0.018502254921340715,0,0,0,0,0,0
70_1PDK.A,0.0,0.0,0.09375,0,1PDK.A,0.03626909807447098,0.030464626212238832,0.0209822298532039,0,0,0,0,0,0
69_1PDK.A,0.0,0.0,0.00242,0,1PDK.A,0.012099895023662594,0.026848456560458638,0.006059660182749035,0,0,0,0,0,0
68_1PDK.A,0.0,0.02,0.21302,0,1PDK.A,0.07804541740390071,0.0379083126650617,0.046738297424589875,0,0,0,0,0,0
67_1PDK.A,0.0,0.0,0.03314,0,1PDK.A,0.022123933731029295,0.028015629246523985,0.011079055127196353,0,0,0,0,0,0
66_1PDK.A,0.0,0.04,0.27422,0,1PDK.A,0.08425244626816085,0.0435076229760989,0.0630062053467553,0,0,0,0,0,0
65_1PDK.A,0.0,0.02,0.12375,0,1PDK.A,0.04326237201937429,0.033534007859810734,0.03215231478491501,0,0,0,0,0,0
64_1PDK.A,0.0,0.02,0.21592,0,1PDK.A,0.07804541740390071,0.03805924334654209,0.047212133535882106,0,0,0,0,0,0
63_1PDK.A,0.0,0.03,0.05274,0,1PDK.A,0.02841025238530024,0.031249395801016835,0.023684031756893154,0,0,0,0,0,0
62_1PDK.A,0.0,0.02,0.06472,0,1PDK.A,0.028700180128420873,0.03091346444915378,0.022507299043680463,0,0,0,0,0,0
61_1PDK.A,0.0,0.03,0.05709,0,1PDK.A,0.02890202817501814,0.031437502442842845,0.024394785923831496,0,0,0,0,0,0
88_1PDK.A,0.0,0.0,0.00012,0,1PDK.A,0.011911687957688459,0.026762998280023546,0.005683859128965544,0,0,0,0,0,0
89_1PDK.A,0.0,0.0,0.02504,0,1PDK.A,0.016288480487691045,0.027703178889406883,0.009755581850828407,0,0,0,0,0,0
90_1PDK.A,0.0,0.0,0.0098,0,1PDK.A,0.013279529798889356,0.027124461590372937,0.007265491390106496,0,0,0,0,0,0
120_1PDK.A,0.0,0.0,0.05322,0,1PDK.A,0.026965147534841444,0.028805025787236743,0.01435996171848874,0,0,0,0,0,0
132_1PDK.A,0.0,0.0,0.0225,0,1PDK.A,0.015768783768895903,0.02760589972519617,0.009340566774041423,0,0,0,0,0,0
131_1PDK.A,0.0,0.02,0.15338,0,1PDK.A,0.04644448350576545,0.034929001234512695,0.03699361270822145,0,0,0,0,0,0
130_1PDK.A,0.0,0.02,0.31172,0,1PDK.A,0.08439331060509195,0.043381916349114036,0.06286506438477706,0,0,0,0,0,0
129_1PDK.A,0.0,0.0,0.07633,0,1PDK.A,0.03489812877065496,0.029740265310568125,0.018135945350200244,0,0,0,0,0,0
128_1PDK.A,0.0,0.0,0.14999,0,1PDK.A,0.045025575317570905,0.03292166741265103,0.030171382577022822,0,0,0,0,0,0
127_1PDK.A,0.0,0.01,0.51482,0,1PDK.A,0.09195916285653877,0.05560320989825938,0.09291576532334729,0,0,1,0,0,0
126_1PDK.A,0.0,0.02,0.39845,0,1PDK.A,0.08651698039876543,0.04880749545990774,0.07703603194766494,0,0,1,0,0,0
125_1PDK.A,0.0,0.05,0.81807,0,1PDK.A,0.11371653934120353,0.09216212029807348,0.1550009814184365,0,0,1,0,0,0
124_1PDK.A,0.183,0.03,0.87976,0,1PDK.A,0.25630348836920386,0.11694563368554087,0.19470258984081282,1,0,1,1,1,1
123_1PDK.A,0.0,0.01,0.40148,0,1PDK.A,0.08130217332770664,0.04770971270196474,0.07439694295994694,0,0,1,0,0,0
122_1PDK.A,0.0,0.0,0.20322,0,1PDK.A,0.0797479445391552,0.035422829612412034,0.038868726095672906,0,0,0,0,0,0
121_1PDK.A,0.0,0.01,0.22693,0,1PDK.A,0.07460328900134612,0.0376029220707159,0.04587691081303028,0,0,0,0,0,0
119_1PDK.A,0.0,0.02,0.07088,0,1PDK.A,0.03477459590063015,0.03117738836992207,0.023513792300770157,0,0,0,0,0,0
93_1PDK.A,0.051,0.76,0.34886,0,1PDK.A,0.2508248936136003,0.29172782841736117,0.3108639360190956,0,1,0,1,1,1
118_1PDK.A,0.0,0.11,0.03883,0,1PDK.A,0.03493497754927358,0.038122756623564256,0.04648458056541269,0,0,0,0,0,0
117_1PDK.A,0.0,0.0,0.00472,0,1PDK.A,0.012260284256119898,0.026934180170099124,0.006435461236532526,0,0,0,0,0,0
116_1PDK.A,0.0,0.0,0.06774,0,1PDK.A,0.02750022883741817,0.029389247937402243,0.016732410110200165,0,0,0,0,0,0
115_1PDK.A,0.0,0.0,0.00871,0,1PDK.A,0.012949580032353771,0.027083523682930287,0.007087394368965625,0,0,0,0,0,0
114_1PDK.A,0.0,0.0,0.00218,0,1PDK.A,0.012099895023662594,0.026839526789247902,0.00602044615974554,0,0,0,0,0,0
113_1PDK.A,0.0,0.0,0.00036,0,1PDK.A,0.011848029093358583,0.026771903289916354,0.005723073151969039,0,0,0,0,0,0
111_1PDK.A,0.0,0.0,0.0623,0,1PDK.A,0.02745692332455934,0.029169031810835407,0.015843558922120957,0,0,0,0,0,0
98_1PDK.A,0.0,0.91,0.14298,0,1PDK.A,0.28186779806056017,0.30527589408783773,0.31423511488227507,0,1,0,1,1,1
97_1PDK.A,0.0,0.98,0.28862,0,1PDK.A,0.4195375327753982,0.39715366729789575,0.3599706533718557,0,1,0,1,1,1
96_1PDK.A,0.0,0.98,0.35926,0,1PDK.A,0.4207655716864525,0.42147362225714036,0.3715126474758843,0,1,0,1,1,1
95_1PDK.A,0.0,0.33,0.26285,0,1PDK.A,0.14311139816265353,0.09210410742160986,0.15203925582294164,0,1,0,0,0,0
94_1PDK.A,0.0,0.0,0.3612,0,1PDK.A,0.08800598447551249,0.04396824683788152,0.06468135673772327,0,0,0,0,0,0
60_1PDK.A,0.0,0.18,0.11213,0,1PDK.A,0.05698803727627479,0.050875957328309906,0.08040035895468997,0,0,0,0,0,0
59_1PDK.A,0.0,0.0,0.0404,0,1PDK.A,0.02408579955763844,0.028298583799309357,0.012265279323052065,0,0,0,0,0,0
58_1PDK.A,0.0,0.21,0.30688,0,1PDK.A,0.13885675888732124,0.07148399833774767,0.12162340278881215,0,0,0,0,0,0
12_1PDK.A,0.0,0.01,0.16415,0,1PDK.A,0.045626801678290675,0.03449747713076108,0.035619175962366134,0,0,0,0,0,0
24_1PDK.A,0.0,0.0,0.01814,0,1PDK.A,0.015197141762671972,0.027439689897713455,0.008628178689477937,0,0,0,0,0,0
23_1PDK.A,0.0,0.0,0.04645,0,1PDK.A,0.02623503850369739,0.028536497028845833,0.01325379948626516,0,0,0,0,0,0
22_1PDK.A,0.0,0.0,0.00871,0,1PDK.A,0.012949580032353771,0.027083523682930287,0.007087394368965625,0,0,0,0,0,0
21_1PDK.A,0.0,0.01,0.32091,0,1PDK.A,0.07894179753464678,0.042758395756837056,0.06123246865414873,0,0,0,0,0,0
20_1PDK.A,0.0,0.0,0.06738,0,1PDK.A,0.02750022883741817,0.02937462512837677,0.016673589075694925,0,0,0,0,0,0
19_1PDK.A,0.0,0.01,0.30204,0,1PDK.A,0.07701457504023575,0.041671759854710444,0.05814926609549896,0,0,0,0,0,0
18_1PDK.A,0.0,0.01,0.2458,0,1PDK.A,0.07657574422568814,0.03858773081715055,0.04896011337168005,0,0,0,0,0,0
17_1PDK.A,0.0,0.0,0.14225,0,1PDK.A,0.045025575317570905,0.03257248761488089,0.028906730335160113,0,0,0,0,0,0
16_1PDK.A,0.0,0.01,0.09943,0,1PDK.A,0.0366328570149812,0.031555514432528006,0.025044461092423746,0,0,0,0,0,0
15_1PDK.A,0.0,0.01,0.2516,0,1PDK.A,0.07700788877434411,0.03889537060312767,0.0499077855942645,0,0,0,0,0,0
14_1PDK.A,0.0,0.0,0.07173,0,1PDK.A,0.033055955865406585,0.029551790790673726,0.017384343242633264,0,0,0,0,0,0
13_1PDK.A,0.0,0.01,0.01439,0,1PDK.A,0.013453282161046808,0.028056843803035945,0.011149625608185467,0,0,0,0,0,0
11_1PDK.A,0.0,0.0,0.02903,0,1PDK.A,0.01706502352633818,0.02785666424798047,0.010407514983261507,0,0,0,0,0,0
27_1PDK.A,0.0,0.06,0.24955,0,1PDK.A,0.08464008498796219,0.04440262542434293,0.06524366262179533,0,0,0,0,0,0
10_1PDK.A,0.085,0.01,0.20552,0,1PDK.A,0.0759696574246733,0.04054470924869487,0.0590490523315598,1,0,0,0,0,0
9_1PDK.A,0.0,0.0,0.07173,0,1PDK.A,0.033055955865406585,0.029551790790673726,0.017384343242633264,0,0,0,0,0,0
7_1PDK.A,0.428,0.1,0.20177,0,1PDK.A,0.21098730549501848,0.07755925998724883,0.15391362970842826,1,0,0,0,0,0
6_1PDK.A,0.428,0.03,0.48288,0,1PDK.A,0.23050301190290867,0.09337346936672655,0.1779055258719366,1,0,1,1,1,1
5_1PDK.A,0.183,0.03,0.44974,0,1PDK.A,0.1947191987170086,0.06697251450040494,0.12444086412430128,1,0,1,0,0,0
3_1PDK.A,0.0,0.0,0.13657,0,1PDK.A,0.04407864880200941,0.032318521550936105,0.027978665124077408,0,0,0,0,0,0
2_1PDK.A,0.0,0.0,0.04125,0,1PDK.A,0.025055633803996825,0.028331892985473773,0.012404162321189443,0,0,0,0,0,0
473_1KXP.D,0.0,0.03,0.01784,0,1KXP.D,0.01708590857904793,0.029779156690257276,0.017981659245134972,0,0,0,0,0,0
472_1KXP.D,0.0,0.02,0.04994,0,1KXP.D,0.027214202050434087,0.030289009948071367,0.02009236879371525,0,0,0,0,0,0
471_1KXP.D,0.0,0.02,0.10593,0,1KXP.D,0.041419994468948486,0.03272109373294554,0.029240673576905525,0,0,0,0,0,0
470_1KXP.D,0.0,0.0,0.0084,0,1KXP.D,0.012949580032353771,0.027071891766635985,0.00703674292258611,0,0,0,0,0,0
469_1KXP.D,0.0,0.0,0.10753,0,1KXP.D,0.04023272099498462,0.03104970583060515,0.023233768340654555,0,0,0,0,0,0
25_1PDK.A,0.0,0.01,0.17673,0,1PDK.A,0.06077491781060114,0.035099269548943275,0.03767464433479931,0,0,0,0,0,0
28_1PDK.A,0.0,0.03,0.21894,0,1PDK.A,0.08137353923909366,0.039267848861868695,0.05083974268681321,0,0,0,0,0,0
57_1PDK.A,0.0,0.02,0.2285,0,1PDK.A,0.07804541740390071,0.038720677310611504,0.049267601908315285,0,0,0,0,0,0
44_1PDK.A,0.0,0.01,0.3814,0,1PDK.A,0.08130217332770664,0.046427002896545985,0.07111603636865454,0,0,1,0,0,0
56_1PDK.A,0.0,0.02,0.41744,0,1PDK.A,0.08836966336130453,0.05007861143353286,0.08013884151781644,0,0,1,0,0,0
55_1PDK.A,0.0,0.01,0.35829,0,1PDK.A,0.08214314683962284,0.04499134970412659,0.06734005273694303,0,0,0,0,0,0
54_1PDK.A,0.0,0.01,0.2383,0,1PDK.A,0.07628285977485412,0.03819338226639975,0.047734675152820844,0,0,0,0,0,0
53_1PDK.A,0.0,0.01,0.24785,0,1PDK.A,0.07700788877434411,0.038696197778302556,0.0492950664848349,0,0,0,0,0,0
52_1PDK.A,0.0,0.0,0.08685,0,1PDK.A,0.03578106259522849,0.030175687822632722,0.019854826691853428,0,0,0,0,0,0
51_1PDK.A,0.0,0.03,0.15072,0,1PDK.A,0.04594296957323331,0.035761910398642745,0.039693156648069855,0,0,0,0,0,0
50_1PDK.A,0.0,0.0,0.01185,0,1PDK.A,0.0136725739971429,0.027201617916236695,0.007600444503261346,0,0,0,0,0,0
49_1PDK.A,0.0,0.02,0.03242,0,1PDK.A,0.022343275046625827,0.029564610696540018,0.01722974511446014,0,0,0,0,0,0
48_1PDK.A,0.0,0.0,0.05032,0,1PDK.A,0.02623503850369739,0.02868969979936827,0.013886125607196511,0,0,0,0,0,0
47_1PDK.A,0.0,0.06,0.20624,0,1PDK.A,0.08065535714101307,0.04185755197233062,0.05816716538728969,0,0,0,0,0,0
46_1PDK.A,0.0,0.02,0.35442,0,1PDK.A,0.08735795391068163,0.04597710051849007,0.06984189264414882,0,0,0,0,0,0
45_1PDK.A,0.0,0.01,0.08903,0,1PDK.A,0.035344458918297586,0.031105970792883235,0.023345186762272308,0,0,0,0,0,0
43_1PDK.A,0.0,0.02,0.22995,0,1PDK.A,0.07804541740390071,0.03879762114948695,0.049504519963961394,0,0,0,0,0,0
29_1PDK.A,0.0,0.11,0.21616,0,1PDK.A,0.10364663333301462,0.048544802830697405,0.07545884181211981,0,0,0,0,0,0
42_1PDK.A,0.0,0.02,0.28789,0,1PDK.A,0.08092432443296793,0.04199499845678852,0.058971438684055064,0,0,0,0,0,0
41_1PDK.A,0.0,0.02,0.20443,0,1PDK.A,0.07732723530582013,0.03746461225022243,0.045334762184589796,0,0,0,0,0,0
40_1PDK.A,0.0,0.01,0.13753,0,1PDK.A,0.044618361620009435,0.03325668498586858,0.031269687244228524,0,0,0,0,0,0
39_1PDK.A,0.0,0.01,0.04863,0,1PDK.A,0.025798434826766484,0.02941777843194543,0.01674415955668404,0,0,0,0,0,0
38_1PDK.A,0.0,0.0,0.12943,0,1PDK.A,0.042738204268178516,0.03200198978990879,0.02681204793972344,0,0,0,0,0,0
37_1PDK.A,0.0,0.0,0.015,0,1PDK.A,0.013852884232174028,0.027320591116313655,0.008115128555182214,0,0,0,0,0,0
36_1PDK.A,0.0,0.0,0.29721,0,1PDK.A,0.0828774126761254,0.0402924705181352,0.0542259178544165,0,0,0,0,0,0
35_1PDK.A,0.0,0.0,0.06822,0,1PDK.A,0.02842479903690393,0.029408755996974054,0.016810838156207156,0,0,0,0,0,0
34_1PDK.A,0.0,0.01,0.38007,0,1PDK.A,0.08130217332770664,0.04634321087939211,0.07089872532451018,0,0,1,0,0,0
33_1PDK.A,0.0,0.0,0.00665,0,1PDK.A,0.012949580032353771,0.027006318763524554,0.006750807338185628,0,0,0,0,0,0
32_1PDK.A,0.0,0.02,0.36228,0,1PDK.A,0.08735795391068163,0.04647065027405726,0.07112615189751326,0,0,0,0,0,0
30_1PDK.A,0.0,0.02,0.10899,0,1PDK.A,0.04237308072535742,0.032859318276822494,0.029740652370200085,0,0,0,0,0,0
74_1JTD.A,0.0,0.0,0.0,0,1JTD.A,0.011911687957688459,0.026758546855358632,0.005664252117463797,0,0,0,0,0,0
72_1JTD.A,0.0,0.0,0.0,0,1JTD.A,0.011911687957688459,0.026758546855358632,0.005664252117463797,0,0,0,0,0,0
196_1DOW.A,0.075,0.78,0.10015,0,1DOW.A,0.14166853778819077,0.23974737751011857,0.2812020277579639,0,0,0,0,0,0
82_1EG9.A,0.39,0.93,0.13256,0,1EG9.A,0.3470618948054258,0.43017399690926,0.39528843500899286,1,1,0,1,1,1
115_1EG9.A,0.0,0.1,0.10043,0,1EG9.A,0.04812423914189787,0.04036627894849805,0.05341534710817253,0,0,0,0,0,0
114_1EG9.A,0.0,0.0,0.00423,0,1EG9.A,0.012260284256119898,0.026915895033429053,0.006355399272900391,0,0,0,0,0,0
113_1EG9.A,0.0,0.08,0.00875,0,1EG9.A,0.015880195354590156,0.03371317291743327,0.03216725826456329,0,0,0,0,0,0
112_1EG9.A,0.0,0.0,0.00048,0,1EG9.A,0.011848029093358583,0.026776356875363727,0.005742680163470786,0,0,0,0,0,0
111_1EG9.A,0.0,0.21,0.00491,0,1EG9.A,0.03290562509508899,0.047688226299812446,0.07228399226229013,0,0,0,0,0,0
110_1EG9.A,0.0,0.0,0.005,0,1EG9.A,0.012452559179830599,0.026944634241840765,0.006481210930036603,0,0,0,0,0,0
109_1EG9.A,0.0,0.0,0.0126,0,1EG9.A,0.0136725739971429,0.02722989910921123,0.007722988325147267,0,0,0,0,0,0
108_1EG9.A,0.0,0.0,0.03656,0,1EG9.A,0.02408579955763844,0.02814857793706715,0.011637854954996151,0,0,0,0,0,0
107_1EG9.A,0.0,0.0,0.1088,0,1EG9.A,0.041185807251393564,0.03110417248173184,0.023441275879048044,0,0,0,0,0,0
106_1EG9.A,1.0,0.0,0.33449,0,1EG9.A,0.25143002558542255,0.13747334161720506,0.2564390351605624,1,0,1,0,0,0
105_1EG9.A,0.472,0.92,0.48418,0,1EG9.A,0.4764385774063825,0.5735835513694504,0.46568807405299306,1,1,1,1,1,1
104_1EG9.A,0.82,0.98,0.83627,0,1EG9.A,0.6305424993117557,0.8042447004304684,0.6102720874806297,1,1,1,1,1,1
103_1EG9.A,0.623,0.98,0.79221,0,1EG9.A,0.6114077127317656,0.749874024159664,0.5644370375615162,1,1,1,1,1,1
102_1EG9.A,0.668,0.96,0.56162,0,1EG9.A,0.5367057963844747,0.6836763240837321,0.5293176832449914,1,1,1,1,1,1
101_1EG9.A,0.0,0.0,0.24608,0,1EG9.A,0.08243858186157778,0.03756882045848218,0.04587169703704699,0,0,1,0,0,0
100_1EG9.A,0.621,0.76,0.36691,0,1EG9.A,0.38891157547084987,0.4672548301654761,0.42560262460025716,1,0,1,1,1,1
99_1EG9.A,0.046,0.0,0.13362,0,1EG9.A,0.04356529463608393,0.03407436958223205,0.03651826555504119,0,0,0,0,0,0
98_1EG9.A,0.0,0.35,0.15786,0,1EG9.A,0.06699821610759024,0.08460898438444117,0.14115308673281216,0,0,0,0,0,0
97_1EG9.A,0.0,0.38,0.14699,0,1EG9.A,0.06809583722117439,0.0901225868028183,0.14877951635869027,0,0,0,0,0,0
96_1EG9.A,0.0,0.04,0.1265,0,1EG9.A,0.0440193255264673,0.03554604099807879,0.03886997418810432,0,0,0,0,0,0
90_1EG9.A,0.0,0.73,0.16306,0,1EG9.A,0.20453035899439911,0.21389212424307066,0.261101032967099,0,0,0,0,0,0
89_1EG9.A,0.046,0.0,0.076,0,1EG9.A,0.034658202826364816,0.03147413271592302,0.027103632198952184,0,0,0,0,0,0
88_1EG9.A,0.133,0.0,0.07388,0,1EG9.A,0.073662827008129,0.034952486173226986,0.043819844561186774,0,0,0,0,0,0
87_1EG9.A,0.421,0.87,0.07138,0,1EG9.A,0.2965716593956327,0.37803936746689554,0.37256690885391686,1,0,0,1,1,1
86_1EG9.A,0.554,0.92,0.23559,0,1EG9.A,0.4453383116996868,0.5118623472082964,0.4411525093462658,1,1,1,1,1,1
85_1EG9.A,0.376,0.85,0.13122,0,1EG9.A,0.28114995452762936,0.37128070219125475,0.36725045560853176,1,0,0,1,1,0
84_1EG9.A,0.376,0.97,0.48908,0,1EG9.A,0.5012385513189216,0.5797108880475808,0.4633318240796382,1,1,1,1,1,1
116_1EG9.A,0.046,0.2,0.22251,0,1EG9.A,0.11944428680992467,0.06576889694527303,0.11372547988770323,0,0,1,0,0,0
117_1EG9.A,0.82,0.0,0.26291,0,1EG9.A,0.23089733773382118,0.10257324094561202,0.20944151576784156,1,0,1,0,0,0
118_1EG9.A,1.0,0.97,0.67908,0,1EG9.A,0.5648812409848394,0.8008320715436694,0.6167563073347571,1,1,1,1,1,1
133_1EG9.A,0.0,0.95,0.10515,0,1EG9.A,0.2667743580900303,0.31792848059593026,0.32059066861889773,0,1,0,0,0,0
145_1EG9.A,0.0,0.22,0.01712,0,1EG9.A,0.035271931788193725,0.04980275171539976,0.07741317171073006,0,0,0,0,0,0
144_1EG9.A,0.0,0.0,0.00875,0,1EG9.A,0.012949580032353771,0.027085024929224516,0.007093930039466207,0,0,0,0,0,0
143_1EG9.A,0.0,0.08,0.01231,0,1EG9.A,0.016505727893917327,0.03387874316617384,0.03274893293911513,0,0,0,0,0,0
142_1EG9.A,0.0,0.05,0.01472,0,1EG9.A,0.015561340813518858,0.03131862120115186,0.023740209002363816,0,0,0,0,0,0
141_1EG9.A,0.0,0.2,0.00491,0,1EG9.A,0.03306962183590517,0.046422967264018664,0.069149826234153,0,0,0,0,0,0
140_1EG9.A,0.0,0.0,0.00952,0,1EG9.A,0.013195090126348879,0.02711393969272312,0.007219741696602419,0,0,0,0,0,0
139_1EG9.A,0.0,0.48,0.00866,0,1EG9.A,0.04128561062269902,0.09735352400846516,0.15751919413142237,0,0,0,0,0,0
138_1EG9.A,0.0,0.0,0.00443,0,1EG9.A,0.012260284256119898,0.026923356896203853,0.006388077625403303,0,0,0,0,0,0
137_1EG9.A,0.0,0.33,0.0102,0,1EG9.A,0.033789400321537676,0.06610880695802367,0.11075832702363779,0,0,0,0,0,0
136_1EG9.A,0.0,0.64,0.06898,0,1EG9.A,0.08118586949971565,0.15583090145818332,0.21752164169649488,0,0,0,0,0,0
135_1EG9.A,0.0,0.0,0.00491,0,1EG9.A,0.012260284256119898,0.026941273574316398,0.006466505671410292,0,0,0,0,0,0
134_1EG9.A,0.0,0.6,0.0077,0,1EG9.A,0.04993882366916412,0.13127481209989963,0.19497233037705403,0,0,0,0,0,0
132_1EG9.A,0.0,0.99,0.06378,0,1EG9.A,0.2853477790008767,0.3297404329533676,0.3263678155162189,0,1,0,0,0,0
119_1EG9.A,1.0,0.99,0.83925,0,1EG9.A,0.6473567127955583,0.8423831627305883,0.6491950979929887,1,1,1,1,1,1
131_1EG9.A,0.0,0.57,0.0153,0,1EG9.A,0.048549094029796486,0.123081951019691,0.1868116096877533,0,0,0,0,0,0
130_1EG9.A,0.0,0.48,0.0153,0,1EG9.A,0.04208507759987962,0.098187763332562,0.15860411543451908,0,0,0,0,0,0
129_1EG9.A,0.031,0.7,0.06965,0,1EG9.A,0.10085477407306792,0.18548625385991915,0.24251588839059013,0,0,0,0,0,0
128_1EG9.A,0.376,0.74,0.14517,0,1EG9.A,0.27978637206000667,0.3063466335825293,0.3350539443861014,1,0,0,0,1,0
127_1EG9.A,0.376,0.91,0.17085,0,1EG9.A,0.36829447081840244,0.42531939401191077,0.3925306673258066,1,0,0,1,1,1
126_1EG9.A,0.0,0.81,0.04464,0,1EG9.A,0.15196011535338658,0.22364612376764512,0.26682550867522176,0,0,0,0,0,0
125_1EG9.A,0.175,0.64,0.05743,0,1EG9.A,0.1645196143102727,0.18514525827362785,0.24995579450938224,1,0,0,0,0,0
124_1EG9.A,0.828,0.9,0.47407,0,1EG9.A,0.4905551368692623,0.6641097203800042,0.5275872378519553,1,0,1,1,1,1
123_1EG9.A,0.965,0.98,0.68312,0,1EG9.A,0.5779208258622155,0.7990941668623174,0.613686310549467,1,1,1,1,1,1
122_1EG9.A,0.623,0.7,0.51409,0,1EG9.A,0.39971712205841853,0.47794263664726827,0.4312378717831267,1,0,1,1,1,1
121_1EG9.A,0.282,0.31,0.14218,0,1EG9.A,0.17801198642031227,0.10383762248734983,0.18136080780072333,1,0,0,0,0,0
120_1EG9.A,0.069,0.21,0.1063,0,1EG9.A,0.06390659079484771,0.059445223349102044,0.10238269225921409,0,0,0,0,0,0
83_1EG9.A,0.376,0.96,0.47831,0,1EG9.A,0.5005821995507125,0.5690629597486822,0.4584379287692193,1,1,1,1,1,1
81_1EG9.A,0.0,0.0,0.04233,0,1EG9.A,0.025684086161195815,0.028374270155636035,0.012580625424705168,0,0,0,0,0,0
147_1EG9.A,0.0,0.0,0.00029,0,1EG9.A,0.011848029093358583,0.02676930569775022,0.00571163572859302,0,0,0,0,0,0
80_1EG9.A,0.286,0.9,0.06003,0,1EG9.A,0.31496635761348185,0.3538140278828585,0.35363845765984153,1,0,0,1,1,1
49_1EG9.A,0.0,0.17,0.00981,0,1EG9.A,0.028987129485088272,0.04310310066231076,0.06054794778606294,0,0,0,0,0,0
48_1EG9.A,0.0,0.0,0.00106,0,1EG9.A,0.011848029093358583,0.02679789269710808,0.005837447385729232,0,0,0,0,0,0
45_1EG9.A,0.0,0.05,0.00577,0,1EG9.A,0.014615147031704745,0.030934194680792344,0.022277852727858493,0,0,0,0,0,0
44_1EG9.A,0.0,0.0,0.00096,0,1EG9.A,0.011848029093358583,0.02679417842305423,0.005821108209477776,0,0,0,0,0,0
43_1EG9.A,0.0,0.0,0.0,0,1EG9.A,0.011911687957688459,0.026758546855358632,0.005664252117463797,0,0,0,0,0,0
42_1EG9.A,0.0,0.0,0.0,0,1EG9.A,0.011911687957688459,0.026758546855358632,0.005664252117463797,0,0,0,0,0,0
41_1EG9.A,0.0,0.0,0.0,0,1EG9.A,0.011911687957688459,0.026758546855358632,0.005664252117463797,0,0,0,0,0,0
40_1EG9.A,0.0,0.0,0.0,0,1EG9.A,0.011911687957688459,0.026758546855358632,0.005664252117463797,0,0,0,0,0,0
39_1EG9.A,0.0,0.0,0.00058,0,1EG9.A,0.011848029093358583,0.02678006874693212,0.005759019339722242,0,0,0,0,0,0
38_1EG9.A,0.0,0.0,0.0,0,1EG9.A,0.011911687957688459,0.026758546855358632,0.005664252117463797,0,0,0,0,0,0
37_1EG9.A,0.0,0.0,0.00625,0,1EG9.A,0.012835006956377057,0.026991352344352775,0.0066854506331798045,0,0,0,0,0,0
36_1EG9.A,0.0,0.07,0.01424,0,1EG9.A,0.01576493581728975,0.03305494020414252,0.0299301130126311,0,0,0,0,0,0
35_1EG9.A,0.0,0.0,0.00337,0,1EG9.A,0.012260284256119898,0.02688383193110464,0.0062148823571378685,0,0,0,0,0,0
34_1EG9.A,0.0,0.0,0.0,0,1EG9.A,0.011911687957688459,0.026758546855358632,0.005664252117463797,0,0,0,0,0,0
33_1EG9.A,0.0,0.0,0.0025,0,1EG9.A,0.012099895023662594,0.02685143379282476,0.0060727315237502,0,0,0,0,0,0
32_1EG9.A,0.0,0.17,0.04185,0,1EG9.A,0.04000753674969412,0.04502503964339264,0.06578301985702947,0,0,0,0,0,0
31_1EG9.A,0.0,0.89,0.03107,0,1EG9.A,0.18545590123831843,0.261511461779717,0.2896816106829963,0,0,0,0,0,0
30_1EG9.A,0.0,0.0,0.0,0,1EG9.A,0.011911687957688459,0.026758546855358632,0.005664252117463797,0,0,0,0,0,0
29_1EG9.A,0.0,0.14,0.02261,0,1EG9.A,0.02915619655867988,0.04044511585241155,0.05323686426183792,0,0,0,0,0,0
28_1EG9.A,0.0,0.37,0.05512,0,1EG9.A,0.04847250803985645,0.07790149797049506,0.13063454910834044,0,0,0,0,0,0
27_1EG9.A,0.0,0.0,0.01145,0,1EG9.A,0.01338446577356709,0.02718654628987026,0.007535087798255522,0,0,0,0,0,0
26_1EG9.A,0.0,0.0,0.00125,0,1EG9.A,0.011848029093358583,0.026804951197297235,0.005868491820606999,0,0,0,0,0,0
25_1EG9.A,0.0,0.64,0.06109,0,1EG9.A,0.07945415651948316,0.15435832263638752,0.216232480690255,0,0,0,0,0,0
24_1EG9.A,0.0,0.45,0.02088,0,1EG9.A,0.04339651235188728,0.09160187178105791,0.15011334338493892,0,0,0,0,0,0
23_1EG9.A,0.0,0.29,0.02694,0,1EG9.A,0.03675452614808344,0.06082007802176546,0.10095684101558298,0,0,0,0,0,0
22_1EG9.A,0.0,0.0,0.00289,0,1EG9.A,0.012099895023662594,0.02686595239854266,0.006136454311130879,0,0,0,0,0,0
21_1EG9.A,0.0,0.0,0.02097,0,1EG9.A,0.015768783768895903,0.027547462690996272,0.009090577377394143,0,0,0,0,0,0
50_1EG9.A,0.0,0.06,0.01029,0,1EG9.A,0.015168296615265314,0.03199013941214873,0.02615054952256144,0,0,0,0,0,0
51_1EG9.A,0.0,0.07,0.01376,0,1EG9.A,0.01576493581728975,0.03303309579475984,0.029851684966624107,0,0,0,0,0,0
52_1EG9.A,0.0,0.0,0.00606,0,1EG9.A,0.01272638021532879,0.0269842461204752,0.006654406198302038,0,0,0,0,0,0
67_1EG9.A,0.0,0.0,0.00019,0,1EG9.A,0.011911687957688459,0.026765595276974134,0.005695296552341564,0,0,0,0,0,0
79_1EG9.A,0.0,0.0,0.00924,0,1EG9.A,0.013047041457815734,0.027103421762932386,0.007173992003098342,0,0,0,0,0,0
78_1EG9.A,0.0,0.0,0.0354,0,1EG9.A,0.0233475636833573,0.028103415713369075,0.011448320510479261,0,0,0,0,0,0
77_1EG9.A,0.0,0.0,0.00058,0,1EG9.A,0.011848029093358583,0.02678006874693212,0.005759019339722242,0,0,0,0,0,0
76_1EG9.A,0.0,0.0,0.00038,0,1EG9.A,0.011848029093358583,0.026772645504128886,0.0057263409872193305,0,0,0,0,0,0
75_1EG9.A,0.0,0.03,0.0026,0,1EG9.A,0.013988661840038554,0.029158372913733285,0.015491568784413061,0,0,0,0,0,0
74_1EG9.A,0.0,0.0,0.00481,0,1EG9.A,0.012260284256119898,0.026937539977284007,0.006450166495158836,0,0,0,0,0,0
73_1EG9.A,0.0,0.04,0.00654,0,1EG9.A,0.01483834684872973,0.03013143529959009,0.019269498356857567,0,0,0,0,0,0
72_1EG9.A,0.0,0.08,0.00587,0,1EG9.A,0.015656995537565173,0.03357980013269116,0.03169668998852135,0,0,0,0,0,0
71_1EG9.A,0.0,0.19,0.00664,0,1EG9.A,0.030913966184780928,0.04529612104047894,0.06629832795516605,0,0,0,0,0,0
70_1EG9.A,0.0,0.07,0.01154,0,1EG9.A,0.015677135876145557,0.03293224664064928,0.02948895525384178,0,0,0,0,0,0
69_1EG9.A,0.0,0.0,0.00106,0,1EG9.A,0.011848029093358583,0.02679789269710808,0.005837447385729232,0,0,0,0,0,0
68_1EG9.A,0.0,0.0,0.00481,0,1EG9.A,0.012260284256119898,0.026937539977284007,0.006450166495158836,0,0,0,0,0,0
66_1EG9.A,0.0,0.0,0.0,0,1EG9.A,0.011911687957688459,0.026758546855358632,0.005664252117463797,0,0,0,0,0,0
53_1EG9.A,0.0,0.1,0.01626,0,1EG9.A,0.026947809512385564,0.03596991151353887,0.03966266245732192,0,0,0,0,0,0
65_1EG9.A,0.0,0.0,0.00019,0,1EG9.A,0.011911687957688459,0.026765595276974134,0.005695296552341564,0,0,0,0,0,0
64_1EG9.A,0.0,0.0,0.00019,0,1EG9.A,0.011911687957688459,0.026765595276974134,0.005695296552341564,0,0,0,0,0,0
63_1EG9.A,0.0,0.2,0.02107,0,1EG9.A,0.03560871417809671,0.04745256592433645,0.07179023711638831,0,0,0,0,0,0
62_1EG9.A,0.0,0.62,0.04848,0,1EG9.A,0.06339211243622092,0.14489495326828083,0.2079037785086721,0,0,0,0,0,0
61_1EG9.A,0.0,0.83,0.04752,0,1EG9.A,0.16177680272158518,0.23433274885563807,0.2735644090075379,0,0,0,0,0,0
60_1EG9.A,0.0,0.0,0.0025,0,1EG9.A,0.012099895023662594,0.02685143379282476,0.0060727315237502,0,0,0,0,0,0
59_1EG9.A,0.0,0.0,0.00346,0,1EG9.A,0.012260284256119898,0.026887185631319355,0.006229587615764178,0,0,0,0,0,0
58_1EG9.A,0.0,0.0,0.01193,0,1EG9.A,0.0136725739971429,0.02720463321597251,0.007613515844262511,0,0,0,0,0,0
57_1EG9.A,0.0,0.0,0.00019,0,1EG9.A,0.011911687957688459,0.026765595276974134,0.005695296552341564,0,0,0,0,0,0
56_1EG9.A,0.0,0.0,0.00154,0,1EG9.A,0.011848029093358583,0.02681572818346068,0.0059158754317362216,0,0,0,0,0,0
55_1EG9.A,0.0,0.0,0.00212,0,1EG9.A,0.012099895023662594,0.026837294797752577,0.006010642653994667,0,0,0,0,0,0
54_1EG9.A,0.0,0.0,0.11823,0,1EG9.A,0.04074119871899448,0.031511500356158455,0.024982060199560358,0,0,0,0,0,0
146_1EG9.A,0.0,0.0,0.0051,0,1EG9.A,0.01272638021532879,0.02694836879492113,0.006497550106288059,0,0,0,0,0,0
148_1EG9.A,0.0,0.0,0.0025,0,1EG9.A,0.012099895023662594,0.02685143379282476,0.0060727315237502,0,0,0,0,0,0
282_1EG9.A,0.0,0.6,0.02116,0,1EG9.A,0.05240271423251099,0.13347660196522423,0.19717158350050001,0,0,0,0,0,0
221_1EG9.A,0.0,0.23,0.0303,0,1EG9.A,0.038475646513549976,0.052074071394036,0.08270084116880912,0,0,0,0,0,0
249_1EG9.A,0.0,0.0,0.0,0,1EG9.A,0.011911687957688459,0.026758546855358632,0.005664252117463797,0,0,0,0,0,0
248_1EG9.A,0.0,0.0,0.0,0,1EG9.A,0.011911687957688459,0.026758546855358632,0.005664252117463797,0,0,0,0,0,0
247_1EG9.A,0.0,0.0,0.0,0,1EG9.A,0.011911687957688459,0.026758546855358632,0.005664252117463797,0,0,0,0,0,0
246_1EG9.A,0.0,0.0,0.04079,0,1EG9.A,0.025055633803996825,0.028313862114726203,0.012329002110432745,0,0,0,0,0,0
245_1EG9.A,0.0,0.2,0.06041,0,1EG9.A,0.04633036258719345,0.05005043987529051,0.07821806905371115,0,0,0,0,0,0
244_1EG9.A,0.0,0.0,0.00587,0,1EG9.A,0.01272638021532879,0.026977141715636702,0.006623361763424271,0,0,0,0,0,0
243_1EG9.A,0.0,0.0,0.0001,0,1EG9.A,0.011911687957688459,0.026762256325905186,0.005680591293715253,0,0,0,0,0,0
242_1EG9.A,0.0,0.0,0.0,0,1EG9.A,0.011911687957688459,0.026758546855358632,0.005664252117463797,0,0,0,0,0,0
241_1EG9.A,0.0,0.0,0.00741,0,1EG9.A,0.012949580032353771,0.027034777191386247,0.006874985077696695,0,0,0,0,0,0
240_1EG9.A,0.0,0.0,0.00106,0,1EG9.A,0.011848029093358583,0.02679789269710808,0.005837447385729232,0,0,0,0,0,0
239_1EG9.A,0.0,0.0,0.00423,0,1EG9.A,0.012260284256119898,0.026915895033429053,0.006355399272900391,0,0,0,0,0,0
238_1EG9.A,0.0,0.78,0.01597,0,1EG9.A,0.14409153472905425,0.20261470745860544,0.2527385687595179,0,0,0,0,0,0
237_1EG9.A,0.0,0.93,0.02145,0,1EG9.A,0.2362194244237328,0.2811110006490665,0.3006464460401548,0,1,0,0,0,0
236_1EG9.A,0.0,0.95,0.14459,0,1EG9.A,0.2904337981728944,0.33023244695046483,0.327034839732472,0,1,0,0,0,1
235_1EG9.A,0.0,0.84,0.0684,0,1EG9.A,0.168470733084408,0.24489109867662434,0.28011019503697915,0,0,0,0,0,0
234_1EG9.A,0.0,0.81,0.09822,0,1EG9.A,0.1756801289669021,0.2371751067534897,0.2755800393107519,0,0,0,0,0,0
233_1EG9.A,0.376,0.97,0.54594,0,1EG9.A,0.5018692883443289,0.5993054559111285,0.4726222796962161,1,1,1,1,1,1
232_1EG9.A,0.0,0.34,0.243,0,1EG9.A,0.142751887856832,0.09209956913225324,0.15193009536516475,0,0,1,0,0,0
231_1EG9.A,0.08,0.86,0.33737,0,1EG9.A,0.29483044954105975,0.35800219313918547,0.34601575924876316,0,0,1,1,1,1
230_1EG9.A,0.472,0.81,0.87744,0,1EG9.A,0.4870709693284659,0.6332552250458114,0.4954676922699609,1,0,1,1,1,1
229_1EG9.A,0.597,0.95,0.43492,0,1EG9.A,0.521510752820586,0.615643276185097,0.4915571279658875,1,1,1,1,1,1
228_1EG9.A,0.031,0.0,0.07321,0,1EG9.A,0.0328773659210278,0.030774916828866405,0.02370594109554251,0,0,0,0,0,0
227_1EG9.A,0.0,0.67,0.03107,0,1EG9.A,0.07089004333868582,0.15990669421902037,0.2207299580639793,0,0,0,0,0,0
226_1EG9.A,0.0,0.31,0.04329,0,1EG9.A,0.04409098069422464,0.06553658166163044,0.10989662838897034,0,0,0,0,0,0
225_1EG9.A,0.0,0.44,0.0177,0,1EG9.A,0.04265068991841239,0.08891314385684326,0.1464595915520055,0,0,0,0,0,0
224_1EG9.A,0.0,0.65,0.0202,0,1EG9.A,0.06697370445656094,0.150480107029911,0.21268555754917173,0,0,0,0,0,0
223_1EG9.A,0.0,0.38,0.02799,0,1EG9.A,0.03897325309955642,0.07715606108433978,0.1293358966194575,0,0,0,0,0,0
250_1EG9.A,0.0,0.0,0.0,0,1EG9.A,0.011911687957688459,0.026758546855358632,0.005664252117463797,0,0,0,0,0,0
251_1EG9.A,0.0,0.0,0.0,0,1EG9.A,0.011911687957688459,0.026758546855358632,0.005664252117463797,0,0,0,0,0,0
252_1EG9.A,0.0,0.0,0.0,0,1EG9.A,0.011911687957688459,0.026758546855358632,0.005664252117463797,0,0,0,0,0,0
268_1EG9.A,0.0,0.56,0.00519,0,1EG9.A,0.04610826326689299,0.11855551344695273,0.18202555294059397,0,0,0,0,0,0
280_1EG9.A,0.0,0.0,0.00087,0,1EG9.A,0.011848029093358583,0.02679083600445352,0.005806402950851466,0,0,0,0,0,0
279_1EG9.A,0.0,0.42,0.00356,0,1EG9.A,0.040073007999752656,0.08290211211942991,0.1378808999737753,0,0,0,0,0,0
278_1EG9.A,0.0,0.29,0.01299,0,1EG9.A,0.034063742775972884,0.05969500134057636,0.09867752592850486,0,0,0,0,0,0
277_1EG9.A,0.0,0.28,0.0077,0,1EG9.A,0.03355691198046405,0.05771947058641897,0.09467901747666571,0,0,0,0,0,0
276_1EG9.A,0.0,0.0,0.00106,0,1EG9.A,0.011848029093358583,0.02679789269710808,0.005837447385729232,0,0,0,0,0,0
275_1EG9.A,0.0,0.48,0.00568,0,1EG9.A,0.04106241080567402,0.09698118122623851,0.157032286679129,0,0,0,0,0,0
274_1EG9.A,0.0,0.0,0.00904,0,1EG9.A,0.013047041457815734,0.027095911384460485,0.00714131365059543,0,0,0,0,0,0
273_1EG9.A,0.0,0.0,0.00029,0,1EG9.A,0.011848029093358583,0.02676930569775022,0.00571163572859302,0,0,0,0,0,0
272_1EG9.A,0.0,0.55,0.00241,0,1EG9.A,0.04518952459604523,0.11523401665371348,0.17843715781266634,0,0,0,0,0,0
271_1EG9.A,0.0,0.5,0.01308,0,1EG9.A,0.04473700625192367,0.10300703255819924,0.16450971777801102,0,0,0,0,0,0
270_1EG9.A,0.0,0.94,0.02559,0,1EG9.A,0.24167151297716052,0.28805631362258377,0.30445705396510214,0,1,0,0,0,0
269_1EG9.A,0.0,0.0,0.0,0,1EG9.A,0.011911687957688459,0.026758546855358632,0.005664252117463797,0,0,0,0,0,0
267_1EG9.A,0.0,0.97,0.0176,0,1EG9.A,0.25865391439321805,0.30331340241745364,0.3125540518670222,0,1,0,0,0,0
253_1EG9.A,0.0,0.07,0.00683,0,1EG9.A,0.01513940327796258,0.032719266831766194,0.0287193800523982,0,0,0,0,0,0
266_1EG9.A,0.0,0.89,0.01828,0,1EG9.A,0.18608831024602868,0.2580087055956964,0.28759183004043504,0,0,0,0,0,0
265_1EG9.A,0.0,0.0,0.00077,0,1EG9.A,0.011848029093358583,0.026787122681558553,0.005790063774600009,0,0,0,0,0,0
263_1EG9.A,0.0,0.61,0.01087,0,1EG9.A,0.050171312010237744,0.1350529997272234,0.19862444829236234,0,0,0,0,0,0
262_1EG9.A,0.0,0.0,0.01366,0,1EG9.A,0.0136725739971429,0.02726991860880861,0.007896183593412702,0,0,0,0,0,0
261_1EG9.A,0.0,0.0,0.00019,0,1EG9.A,0.011911687957688459,0.026765595276974134,0.005695296552341564,0,0,0,0,0,0
260_1EG9.A,0.0,0.0,0.00029,0,1EG9.A,0.011848029093358583,0.02676930569775022,0.00571163572859302,0,0,0,0,0,0
259_1EG9.A,0.0,0.0,0.0001,0,1EG9.A,0.011911687957688459,0.026762256325905186,0.005680591293715253,0,0,0,0,0,0
258_1EG9.A,0.0,0.0,0.00346,0,1EG9.A,0.012260284256119898,0.026887185631319355,0.006229587615764178,0,0,0,0,0,0
257_1EG9.A,0.0,0.0,0.00106,0,1EG9.A,0.011848029093358583,0.02679789269710808,0.005837447385729232,0,0,0,0,0,0
256_1EG9.A,0.0,0.0,0.01222,0,1EG9.A,0.0136725739971429,0.0272155664013128,0.0076608994553917335,0,0,0,0,0,0
255_1EG9.A,0.0,0.26,0.02549,0,1EG9.A,0.03613863577803085,0.0560512090818374,0.09131742487552548,0,0,0,0,0,0
254_1EG9.A,0.0,0.0,0.02165,0,1EG9.A,0.015768783768895903,0.02757341985231876,0.009201683775904045,0,0,0,0,0,0
222_1EG9.A,0.0,0.0,0.01376,0,1EG9.A,0.0136725739971429,0.027273696982948722,0.007912522769664157,0,0,0,0,0,0
220_1EG9.A,0.0,0.0,0.01549,0,1EG9.A,0.013965210178814675,0.02733914345642268,0.008195190518814349,0,0,0,0,0,0
149_1EG9.A,0.0,0.0,0.0,0,1EG9.A,0.011911687957688459,0.026758546855358632,0.005664252117463797,0,0,0,0,0,0
217_1EG9.A,0.0,0.0,0.00241,0,1EG9.A,0.012099895023662594,0.026848084428984075,0.006058026265123889,0,0,0,0,0,0
176_1EG9.A,0.0,0.75,0.02328,0,1EG9.A,0.1386027828042884,0.19088435420257754,0.24453046445908794,0,0,0,0,0,0
175_1EG9.A,0.0,0.88,0.0354,0,1EG9.A,0.17817933208467046,0.25727539585175785,0.2872549309865472,0,0,0,0,0,0
174_1EG9.A,0.0,0.0,0.00067,0,1EG9.A,0.011848029093358583,0.026783409859181376,0.005773724598348553,0,0,0,0,0,0
173_1EG9.A,0.0,0.0,0.0,0,1EG9.A,0.011911687957688459,0.026758546855358632,0.005664252117463797,0,0,0,0,0,0
172_1EG9.A,0.0,0.0,0.0,0,1EG9.A,0.011911687957688459,0.026758546855358632,0.005664252117463797,0,0,0,0,0,0
171_1EG9.A,0.0,0.0,0.04935,0,1EG9.A,0.02623503850369739,0.028651225342585466,0.013727635597557387,0,0,0,0,0,0
170_1EG9.A,0.0,0.0,0.0,0,1EG9.A,0.011911687957688459,0.026758546855358632,0.005664252117463797,0,0,0,0,0,0
169_1EG9.A,0.0,0.0,0.00038,0,1EG9.A,0.011848029093358583,0.026772645504128886,0.0057263409872193305,0,0,0,0,0,0
168_1EG9.A,0.0,0.54,0.08302,0,1EG9.A,0.06706932708654993,0.12436115647226498,0.18847400176082799,0,0,0,0,0,0
167_1EG9.A,0.0,0.0,0.0254,0,1EG9.A,0.016500711000505038,0.02771699340557164,0.00981440288533365,0,0,0,0,0,0
166_1EG9.A,0.0,0.0,0.00058,0,1EG9.A,0.011848029093358583,0.02678006874693212,0.005759019339722242,0,0,0,0,0,0
165_1EG9.A,0.0,0.13,0.08552,0,1EG9.A,0.04907443999525088,0.042895762293259816,0.06038167401349182,0,0,0,0,0,0
164_1EG9.A,0.0,0.07,0.05926,0,1EG9.A,0.028885101450478446,0.03516693005438147,0.03728601016103664,0,0,0,0,0,0
163_1EG9.A,0.0,0.0,0.00366,0,1EG9.A,0.012260284256119898,0.0268946397549968,0.006262265968267091,0,0,0,0,0,0
162_1EG9.A,0.0,0.0,0.00356,0,1EG9.A,0.012260284256119898,0.026890912442011417,0.006245926792015635,0,0,0,0,0,0
161_1EG9.A,0.0,0.11,0.07985,0,1EG9.A,0.04609665906030693,0.04032392184732675,0.053186910663759995,0,0,0,0,0,0
160_1EG9.A,0.0,0.53,0.06484,0,1EG9.A,0.05962229332068761,0.11858741576116544,0.1823693734901761,0,0,0,0,0,0
159_1EG9.A,0.0,0.0,0.00327,0,1EG9.A,0.012260284256119898,0.02688010607459433,0.006198543180886412,0,0,0,0,0,0
158_1EG9.A,0.0,0.27,0.03155,0,1EG9.A,0.038475646513549976,0.05803307682167759,0.09544174498450086,0,0,0,0,0,0
157_1EG9.A,0.0,0.0,0.01578,0,1EG9.A,0.014242179390557011,0.027350129179827487,0.008242574129943572,0,0,0,0,0,0
156_1EG9.A,0.0,0.0,0.00596,0,1EG9.A,0.01272638021532879,0.02698050673331167,0.006638067022050581,0,0,0,0,0,0
155_1EG9.A,0.0,0.19,0.01818,0,1EG9.A,0.03278584797398843,0.04601223666941902,0.06818386889458408,0,0,0,0,0,0
154_1EG9.A,0.0,0.06,0.01616,0,1EG9.A,0.016893070883855662,0.03225005580199804,0.027109659168521916,0,0,0,0,0,0
153_1EG9.A,0.0,0.06,0.01068,0,1EG9.A,0.015168296615265314,0.03200734513636006,0.02621427230994212,0,0,0,0,0,0
152_1EG9.A,0.0,0.29,0.01914,0,1EG9.A,0.03540670854642171,0.060188580483399215,0.09968238526796941,0,0,0,0,0,0
151_1EG9.A,0.0,0.0,0.0,0,1EG9.A,0.011911687957688459,0.026758546855358632,0.005664252117463797,0,0,0,0,0,0
150_1EG9.A,0.0,0.0,0.0,0,1EG9.A,0.011911687957688459,0.026758546855358632,0.005664252117463797,0,0,0,0,0,0
177_1EG9.A,0.0,0.0,0.00115,0,1EG9.A,0.011848029093358583,0.026801235971855034,0.005852152644355542,0,0,0,0,0,0
178_1EG9.A,0.0,0.2,0.00394,0,1EG9.A,0.03306962183590517,0.0463618466356433,0.06899133622451388,0,0,0,0,0,0
179_1EG9.A,0.0,0.0,0.00183,0,1EG9.A,0.011878216457422697,0.02682650938309537,0.005963259042865444,0,0,0,0,0,0
200_1EG9.A,0.0,0.66,0.0836,0,1EG9.A,0.08744860293753273,0.16626644361408485,0.22617876132073203,0,0,0,0,0,0
213_1EG9.A,0.0,0.0,0.00885,0,1EG9.A,0.012949580032353771,0.027088778398896562,0.007110269215717663,0,0,0,0,0,0
212_1EG9.A,0.621,0.97,0.32208,0,1EG9.A,0.5002651120548912,0.5981006947586057,0.48409525847760926,1,1,1,1,1,1
210_1EG9.A,0.0,0.0,0.07802,0,1EG9.A,0.03489812877065496,0.0298098014774234,0.018412077428849857,0,0,0,0,0,0
209_1EG9.A,0.0,0.68,0.00914,0,1EG9.A,0.09707748103781572,0.15950184286609995,0.2202809427401721,0,0,0,0,0,0
208_1EG9.A,0.282,0.0,0.3368,0,1EG9.A,0.21579648750895644,0.059925677806015716,0.11600096574905602,1,0,1,0,0,0
207_1EG9.A,0.472,0.89,1.0,0,1EG9.A,0.5656960774942134,0.7204132604219995,0.5405663149088425,1,0,1,1,1,1
206_1EG9.A,0.0,0.9,0.04262,0,1EG9.A,0.19336257298431989,0.27022941748834006,0.29470295156817655,0,0,0,0,0,0
205_1EG9.A,0.0,0.0,0.19981,0,1EG9.A,0.0790200850139373,0.03525725472893076,0.03831156018549825,0,0,0,0,0,0
204_1EG9.A,0.0,0.0,0.00462,0,1EG9.A,0.012260284256119898,0.026930447528884273,0.006419122060281069,0,0,0,0,0,0
203_1EG9.A,0.0,0.0,0.0,0,1EG9.A,0.011911687957688459,0.026758546855358632,0.005664252117463797,0,0,0,0,0,0
202_1EG9.A,0.0,0.0,0.0,0,1EG9.A,0.011911687957688459,0.026758546855358632,0.005664252117463797,0,0,0,0,0,0
201_1EG9.A,0.0,0.0,0.02588,0,1EG9.A,0.016500711000505038,0.027735423171223992,0.009892830931340638,0,0,0,0,0,0
199_1EG9.A,0.0,0.0,0.0,0,1EG9.A,0.011911687957688459,0.026758546855358632,0.005664252117463797,0,0,0,0,0,0
180_1EG9.A,0.0,0.0,0.00077,0,1EG9.A,0.011848029093358583,0.026787122681558553,0.005790063774600009,0,0,0,0,0,0
198_1EG9.A,0.0,0.0,0.0,0,1EG9.A,0.011911687957688459,0.026758546855358632,0.005664252117463797,0,0,0,0,0,0
197_1EG9.A,0.0,0.0,0.00654,0,1EG9.A,0.012949580032353771,0.02700220219412121,0.006732834244309027,0,0,0,0,0,0
196_1EG9.A,0.0,0.0,0.0,0,1EG9.A,0.011911687957688459,0.026758546855358632,0.005664252117463797,0,0,0,0,0,0
195_1EG9.A,0.0,0.0,0.0,0,1EG9.A,0.011911687957688459,0.026758546855358632,0.005664252117463797,0,0,0,0,0,0
194_1EG9.A,0.0,0.0,0.0,0,1EG9.A,0.011911687957688459,0.026758546855358632,0.005664252117463797,0,0,0,0,0,0
193_1EG9.A,0.0,0.0,0.0,0,1EG9.A,0.011911687957688459,0.026758546855358632,0.005664252117463797,0,0,0,0,0,0
192_1EG9.A,0.0,0.41,0.01607,0,1EG9.A,0.03936321545562385,0.08211482589249326,0.13679076489469533,0,0,0,0,0,0
191_1EG9.A,0.0,0.0,0.00558,0,1EG9.A,0.01272638021532879,0.02696630165643059,0.006575978152295048,0,0,0,0,0,0
187_1EG9.A,0.0,0.76,0.00856,0,1EG9.A,0.13872360136493486,0.1920069738949051,0.24525950374301073,0,0,0,0,0,0
183_1EG9.A,0.0,0.08,0.0076,0,1EG9.A,0.015880195354590156,0.03365985521879843,0.03197935773767155,0,0,0,0,0,0
182_1EG9.A,0.0,0.0,0.00241,0,1EG9.A,0.012099895023662594,0.026848084428984075,0.006058026265123889,0,0,0,0,0,0
181_1EG9.A,0.0,0.22,0.00346,0,1EG9.A,0.03271075422275235,0.04889007631021713,0.07518124023478116,0,0,0,0,0,0
20_1EG9.A,0.0,0.0,0.0001,0,1EG9.A,0.011911687957688459,0.026762256325905186,0.005680591293715253,0,0,0,0,0,0
19_1EG9.A,0.0,0.0,0.01126,0,1EG9.A,0.013279529798889356,0.027179390111261355,0.007504043363377755,0,0,0,0,0,0
18_1EG9.A,0.0,0.0,0.15796,0,1EG9.A,0.045509430439913234,0.03328500090785059,0.03147361492426387,0,0,0,0,0,0
258_1DOW.A,0.0,0.0,0.01517,0,1DOW.A,0.013965210178814675,0.02732702625589225,0.008142905154809688,0,0,0,0,0,0
25_1E4K.C,0.034,0.0,0.37925,0,1E4K.C,0.08295138160678875,0.04697331240968968,0.07429872171269761,0,0,1,0,0,0
24_1E4K.C,0.0,0.0,0.00716,0,1E4K.C,0.012949580032353771,0.027025412650008733,0.0068341371370680545,0,0,0,0,0,0
23_1E4K.C,0.0,0.0,0.17698,0,1E4K.C,0.06273018701995894,0.034167788284273956,0.03458132624729082,0,0,0,0,0,0
22_1E4K.C,0.0,0.0,0.03912,0,1E4K.C,0.02408579955763844,0.028248495809396215,0.01205613786703343,0,0,0,0,0,0
21_1E4K.C,0.0,0.0,0.13227,0,1E4K.C,0.042588566076438274,0.03212753254175395,0.027276080545264796,0,0,0,0,0,0
20_1E4K.C,0.0,0.0,0.02785,0,1E4K.C,0.016580063070364665,0.0278111867706679,0.010214712703494324,0,0,0,0,0,0
19_1E4K.C,0.087,0.01,0.70566,0,1E4K.C,0.10773349481044535,0.07950787686699984,0.14116005218039157,0,0,1,1,1,0
18_1E4K.C,0.087,0.0,0.62388,0,1E4K.C,0.11012256388939705,0.06954180698835818,0.12466370781381364,0,0,1,1,1,0
17_1E4K.C,0.0,0.0,0.0451,0,1E4K.C,0.026105880259911896,0.02848324124354598,0.013033220606870503,0,0,0,0,0,0
16_1E4K.C,0.0,0.0,0.00226,0,1E4K.C,0.012099895023662594,0.02684250305870279,0.006033517500746705,0,0,0,0,0,0
15_1E4K.C,0.0,0.0,0.03265,0,1E4K.C,0.02183999270523772,0.027996631056690823,0.010998993163564216,0,0,0,0,0,0
14_1E4K.C,0.308,0.02,0.2262,0,1E4K.C,0.18599712513135408,0.05621893338971263,0.10929733755360951,1,0,0,0,1,1
13_1E4K.C,0.184,0.0,0.16747,0,1E4K.C,0.1310312089606044,0.042307569595616865,0.06911389510730431,0,0,0,0,0,1
12_1E4K.C,0.087,0.0,0.3817,0,1E4K.C,0.09026649349553974,0.050274048351461154,0.08509349076803724,0,0,1,0,0,0
11_1E4K.C,0.087,0.0,0.16708,0,1E4K.C,0.056322432153324414,0.03752985267988982,0.05002635069716213,0,0,0,0,0,0
10_1E4K.C,0.034,0.01,0.44093,0,1E4K.C,0.07846069074685504,0.05245121611668711,0.08751089165273286,0,0,1,0,0,0
9_1E4K.C,0.034,0.0,0.26846,0,1E4K.C,0.07538377454209616,0.04039325368115786,0.05619654834370937,0,0,0,0,0,0
8_1E4K.C,0.05,0.03,0.55868,0,1E4K.C,0.10078827349236624,0.06602886530978794,0.11615655370349035,0,0,1,1,1,0
7_1E4K.C,0.034,0.0,0.23767,0,1E4K.C,0.07504638426240749,0.03872724709489285,0.05116571597588604,0,0,0,0,0,0
6_1E4K.C,0.034,0.0,0.3365,0,1E4K.C,0.08114752236645201,0.04432149291224463,0.06731372386520013,0,0,1,0,0,0
5_1E4K.C,0.0,0.0,0.10491,0,1E4K.C,0.04023272099498462,0.030937633094556362,0.022805681922866403,0,0,0,0,0,0
4_1E4K.C,0.0,0.01,0.28777,0,1E4K.C,0.07662025005454277,0.04086760825083133,0.05581766564441618,0,0,1,0,0,0
3_1E4K.C,0.087,0.03,0.19973,0,1E4K.C,0.08184118582645791,0.0425656603799732,0.06476358982767397,0,0,0,0,0,0
2_1E4K.C,0.087,0.04,0.27346,0,1E4K.C,0.08640766345466258,0.04833863219735607,0.07994463050600968,0,0,0,0,0,0
1_1E4K.C,0.0,0.02,0.14158,0,1E4K.C,0.04644448350576545,0.03436687293216522,0.03506558991054963,0,0,0,0,0,0
261_1DOW.A,0.0,0.1,0.20614,0,1DOW.A,0.1025185567421622,0.04661951537101147,0.07068749032358679,0,0,0,0,0,0
260_1DOW.A,0.0,0.76,0.69003,0,1DOW.A,0.2996641413742547,0.3854666888168477,0.3566060881438087,0,0,1,1,1,0
26_1E4K.C,0.0,0.0,0.13825,0,1E4K.C,0.045025575317570905,0.032393438278476364,0.028253163285101874,0,0,0,0,0,0
27_1E4K.C,0.034,0.01,0.5178,0,1E4K.C,0.08807591887191998,0.05816701873638135,0.10007081643722718,0,0,1,1,0,0
28_1E4K.C,0.087,0.01,0.25169,0,1E4K.C,0.07793407347417684,0.04328750393978214,0.06698509375165629,0,0,0,0,0,0
43_1E4K.C,0.0,0.03,0.09775,0,1E4K.C,0.03807308036939043,0.03324953251726869,0.031038294987673555,0,0,0,0,0,0
55_1E4K.C,0.0,0.0,0.07864,0,1E4K.C,0.03489812877065496,0.029835351278184742,0.01851338032160888,0,0,0,0,0,0
54_1E4K.C,0.0,0.19,0.32307,0,1E4K.C,0.1352796256487983,0.069300096698481,0.11800038336764862,0,1,1,1,1,1
53_1E4K.C,0.0,0.16,0.17002,0,1E4K.C,0.07072454700448677,0.05214700905708682,0.08359077603038365,0,1,0,0,0,0
52_1E4K.C,0.0,0.14,0.25885,0,1E4K.C,0.12150814552901938,0.055721846070859275,0.09183653423827784,0,1,0,0,0,0
51_1E4K.C,0.0,0.04,0.26199,0,1E4K.C,0.08425244626816085,0.042788468406233154,0.061007924091202204,0,0,0,0,0,0
50_1E4K.C,0.0,0.02,0.19874,0,1E4K.C,0.07659937578060225,0.037173458445529155,0.044405063055881946,0,0,0,0,0,0
49_1E4K.C,0.0,0.09,0.16149,0,1E4K.C,0.05067875210121966,0.04270451306611599,0.06025788209917449,0,1,0,0,0,0
48_1E4K.C,0.0,0.06,0.18502,0,1E4K.C,0.07463721105431685,0.04066206752771384,0.0546999921867307,0,1,0,0,0,0
47_1E4K.C,0.0,0.03,0.14962,0,1E4K.C,0.04594296957323331,0.03570792437271691,0.039513425709303836,0,0,0,0,0,0
46_1E4K.C,0.034,0.0,0.07814,0,1E4K.C,0.03404152287081805,0.03110064024323455,0.02509982810193811,0,0,0,0,0,0
45_1E4K.C,0.034,0.05,0.08501,0,1E4K.C,0.03644973469642504,0.03598316151646211,0.04189315965109882,0,0,0,0,0,0
44_1E4K.C,0.0,0.14,0.06265,0,1E4K.C,0.041209999752731215,0.042717293979672465,0.05977907043292095,0,1,0,0,0,0
42_1E4K.C,0.0,0.01,0.06197,0,1E4K.C,0.027020319647628438,0.029965153377692434,0.018923805668628287,0,0,0,0,0,0
29_1E4K.C,0.087,0.0,0.2009,0,1E4K.C,0.08110463553534508,0.0393090968694241,0.055552260105404594,0,0,0,0,0,0
41_1E4K.C,0.0,0.01,0.06422,0,1E4K.C,0.027020319647628438,0.030058444472319958,0.01929143713428605,0,0,0,0,0,0
40_1E4K.C,0.087,0.01,0.04961,0,1E4K.C,0.03312943651345626,0.03281639280716658,0.03396688638271377,0,0,0,0,0,0
39_1E4K.C,0.0,0.0,0.0052,0,1E4K.C,0.01272638021532879,0.026952103851277203,0.0065138892825395145,0,0,0,0,0,0
38_1E4K.C,0.0,0.01,0.04618,0,1E4K.C,0.025798434826766484,0.02931830781609756,0.016343849738523365,0,0,0,0,0,0
37_1E4K.C,0.0,0.0,0.04226,0,1E4K.C,0.025684086161195815,0.028371521623268368,0.01256918800132915,0,0,0,0,0,0
36_1E4K.C,0.087,0.02,0.0805,0,1E4K.C,0.04344838168854188,0.03518740093649188,0.042148223954925707,0,0,0,0,0,0
35_1E4K.C,0.128,0.08,0.20267,0,1E4K.C,0.08898962160222337,0.05139683424976764,0.08895578851853617,0,1,0,0,0,0
34_1E4K.C,0.05,0.07,0.04255,0,1E4K.C,0.026837259973218158,0.036558347532898466,0.04436182742939847,0,1,0,0,0,0
33_1E4K.C,0.272,0.01,0.08805,0,1E4K.C,0.12111120422887436,0.04344933400882991,0.07653021212770007,1,0,0,0,0,0
32_1E4K.C,0.272,0.01,0.10481,0,1E4K.C,0.12439632541617407,0.044452338530327394,0.07926865806744411,1,0,0,0,0,0
31_1E4K.C,0.128,0.0,0.09197,0,1E4K.C,0.048214576061926556,0.035611454897802715,0.04579499218307717,0,0,0,0,0,0
30_1E4K.C,0.143,0.01,0.28375,0,1E4K.C,0.11147781767915826,0.04841847189396009,0.08320625851225089,0,0,0,0,0,0
259_1DOW.A,0.0,0.0,0.05135,0,1DOW.A,0.02623503850369739,0.028730609006292318,0.01405441912258651,0,0,0,0,0,0
257_1DOW.A,0.0,0.96,0.30884,0,1DOW.A,0.40806397080703183,0.39055599022642284,0.3570061027536258,0,0,1,1,1,1
17_1EG9.A,0.0,0.0,0.01462,0,1EG9.A,0.0136725739971429,0.02730621201183579,0.00805303968542668,0,0,0,0,0,0
256_1DOW.A,0.0,0.95,0.28623,0,1DOW.A,0.3995566953121582,0.3762732001090153,0.35017764897503445,0,0,1,1,0,1
225_1DOW.A,0.0,0.0,0.00057,0,1DOW.A,0.011848029093358583,0.026779697537258465,0.005757385422097097,0,0,0,0,0,0
224_1DOW.A,0.0,0.0,0.11833,0,1DOW.A,0.04074119871899448,0.03151584738037237,0.024998399375811813,0,0,0,0,0,0
223_1DOW.A,0.11,0.94,0.41351,0,1DOW.A,0.358286654498093,0.44733889795594384,0.38941339244370704,0,0,1,1,1,0
222_1DOW.A,0.123,0.85,0.33041,0,1DOW.A,0.291926769486161,0.3619069897073425,0.35017762706670763,0,0,1,0,0,0
221_1DOW.A,0.0,0.0,0.00028,0,1DOW.A,0.011848029093358583,0.026768934633164074,0.005710001810967875,0,0,0,0,0,0
220_1DOW.A,0.075,0.95,0.3013,0,1DOW.A,0.3460298409457236,0.40423182113572176,0.3673491032660991,0,0,1,1,1,0
219_1DOW.A,0.0,0.88,0.28029,0,1DOW.A,0.34701148124530884,0.32929332731145383,0.327267939708738,0,0,1,0,0,0
218_1DOW.A,0.0,0.0,0.00556,0,1DOW.A,0.01272638021532879,0.02696555422226883,0.006572710317044757,0,0,0,0,0,0
217_1DOW.A,0.0,0.0,0.07895,0,1DOW.A,0.03489812877065496,0.029848134136751987,0.018564031767988397,0,0,0,0,0,0
216_1DOW.A,0.0,0.74,0.26352,0,1DOW.A,0.27720442182272653,0.24410209861076052,0.280649535457449,0,0,0,0,0,0
215_1DOW.A,0.0,0.42,0.09808,0,1DOW.A,0.06269418359988067,0.09372911018804024,0.15332468936665164,0,0,0,0,0,0
214_1DOW.A,0.0,0.0,0.00047,0,1DOW.A,0.011848029093358583,0.026775985715726276,0.005741046245845641,0,0,0,0,0,0
213_1DOW.A,0.0,0.19,0.05653,0,1DOW.A,0.04484358441935524,0.0484702009506413,0.0744499429870175,0,0,0,0,0,0
212_1DOW.A,0.0,0.26,0.04296,0,1DOW.A,0.04409098069422464,0.05738236011471004,0.09417187896665487,0,0,0,0,0,0
211_1DOW.A,0.0,0.38,0.03128,0,1DOW.A,0.04069437346502295,0.07749037489350803,0.1298734555181304,0,0,0,0,0,0
210_1DOW.A,0.0,0.0,0.00904,0,1DOW.A,0.013047041457815734,0.027095911384460485,0.00714131365059543,0,0,0,0,0,0
209_1DOW.A,0.0,0.82,0.0391,0,1DOW.A,0.1563694185926324,0.2271953507041324,0.2690544843390282,0,0,0,0,0,0
208_1DOW.A,0.0,0.58,0.02242,0,1DOW.A,0.050840324828043994,0.12728235175981997,0.19110912506499408,0,0,0,0,0,0
206_1DOW.A,0.0,0.22,0.05672,0,1DOW.A,0.046135491714856806,0.05254062762452802,0.08388348550630668,0,0,0,0,0,0
205_1DOW.A,0.0,0.25,0.03656,0,1DOW.A,0.04254884609524168,0.055396061820285086,0.08999200565842454,0,0,0,0,0,0
204_1DOW.A,0.191,0.36,0.05813,0,1DOW.A,0.10945577206205521,0.09530806721050247,0.1654514699136963,1,0,0,0,0,0
203_1DOW.A,0.0,0.36,0.06689,0,1DOW.A,0.049817887858005776,0.07708269073951353,0.12942350412499964,0,0,0,0,0,0
202_1DOW.A,0.0,0.32,0.02139,0,1DOW.A,0.03540670854642171,0.065354679890278,0.10945251481803858,0,0,0,0,0,0
201_1DOW.A,0.191,0.65,0.04522,0,1DOW.A,0.16299079716233247,0.18991740332259754,0.25423289707561025,1,0,0,0,0,0
200_1DOW.A,0.191,0.62,0.0781,0,1DOW.A,0.15356418226271087,0.18416650060326215,0.2502027201426776,1,0,0,0,0,0
199_1DOW.A,0.405,0.76,0.21019,0,1DOW.A,0.33200887587652533,0.34726916992086276,0.3576335431406609,1,0,0,0,1,0
198_1DOW.A,0.0,0.0,0.03948,0,1DOW.A,0.02408579955763844,0.02826257434987884,0.01211495890153867,0,0,0,0,0,0
226_1DOW.A,0.11,0.8,0.34078,0,1DOW.A,0.2733132041818947,0.3295836476906301,0.33365158516210314,0,0,1,0,0,0
227_1DOW.A,0.075,0.57,0.21255,0,1DOW.A,0.18263521261151688,0.16986963649375683,0.2337497752737207,0,0,0,0,0,0
228_1DOW.A,0.0,0.0,0.0131,0,1DOW.A,0.0136725739971429,0.02724876911380259,0.007804684206404547,0,0,0,0,0,0
243_1DOW.A,0.315,0.99,0.26569,0,1DOW.A,0.4471435062021534,0.49542834877626674,0.4211366360914089,1,1,0,1,1,1
255_1DOW.A,0.0,0.0,0.00038,0,1DOW.A,0.011848029093358583,0.026772645504128886,0.0057263409872193305,0,0,0,0,0,0
254_1DOW.A,0.0,0.92,0.02337,0,1DOW.A,0.23055603478991557,0.27598998152916876,0.29782599219604555,0,0,0,0,0,0
253_1DOW.A,0.0,0.98,0.13624,0,1DOW.A,0.3125939839236533,0.3465196556663696,0.33507301659988686,0,1,0,0,0,0
252_1DOW.A,0.0,0.0,0.04268,0,1DOW.A,0.025684086161195815,0.02838801669530354,0.012637812541585266,0,0,0,0,0,0
251_1DOW.A,0.0,0.0,0.00716,0,1DOW.A,0.012949580032353771,0.027025412650008733,0.0068341371370680545,0,0,0,0,0,0
250_1DOW.A,0.0,0.9,0.09591,0,1DOW.A,0.21854799051289245,0.2854556656978005,0.3034100985925775,0,0,0,0,0,0
249_1DOW.A,0.0,0.76,0.08103,0,1DOW.A,0.16238505061260025,0.20853097136001542,0.25710050477244095,0,0,0,0,0,0
248_1DOW.A,0.0,0.0,0.0,0,1DOW.A,0.011911687957688459,0.026758546855358632,0.005664252117463797,0,0,0,0,0,0
247_1DOW.A,0.075,0.94,0.1498,0,1DOW.A,0.2691193104068905,0.3470885589618806,0.339461085217006,0,0,0,0,0,0
246_1DOW.A,0.281,0.8,0.12022,0,1DOW.A,0.261218445357331,0.30892029118564585,0.3311507382022236,1,0,0,0,0,0
245_1DOW.A,0.315,0.66,0.0781,0,1DOW.A,0.23788430555065992,0.22852425598500897,0.2870584964327769,1,0,0,0,0,0
244_1DOW.A,0.123,0.0,0.15461,0,1DOW.A,0.05975893209275554,0.03856752197382399,0.05504924282499127,0,0,0,0,0,0
242_1DOW.A,0.163,0.94,0.07386,0,1DOW.A,0.32059467137362013,0.348122884821786,0.3443118395428153,0,0,0,0,0,0
229_1DOW.A,0.075,0.56,0.03401,0,1DOW.A,0.06639943627059586,0.1336502024329782,0.20144364396623385,0,0,0,0,0,0
241_1DOW.A,0.163,0.4,0.03232,0,1DOW.A,0.10385542843867386,0.09883511667776604,0.16827958020855513,0,0,0,0,0,0
240_1DOW.A,0.163,0.97,0.3307,0,1DOW.A,0.4740801741684514,0.45590706223068117,0.3956798779114666,0,1,1,1,1,1
239_1DOW.A,0.416,0.93,0.16139,0,1DOW.A,0.3782210307364945,0.4484897211213936,0.40509818820467736,1,0,0,1,1,0
238_1DOW.A,0.163,0.77,0.04014,0,1DOW.A,0.18939825351870607,0.23957099463924292,0.285521446832493,0,0,0,0,0,0
237_1DOW.A,0.185,0.98,0.37611,0,1DOW.A,0.4733553686721647,0.48606473444142717,0.4105483450681812,0,1,1,1,1,1
236_1DOW.A,0.123,0.62,0.2623,0,1DOW.A,0.19547079028449893,0.2119654877519473,0.2669631954746867,0,0,0,0,0,0
235_1DOW.A,0.123,0.42,0.07613,0,1DOW.A,0.07631513903376658,0.10502115601706251,0.1738612304846082,0,0,0,0,0,0
234_1DOW.A,0.11,0.93,0.17882,0,1DOW.A,0.3154363334080722,0.36033419595662,0.3479328136710276,0,0,0,0,0,0
233_1DOW.A,0.0,0.94,0.07603,0,1DOW.A,0.24459217244740292,0.303010803373712,0.3126985344663366,0,0,0,0,0,0
232_1DOW.A,0.0,0.79,0.04447,0,1DOW.A,0.1500314656993381,0.2139595149150991,0.26052940001932,0,0,0,0,0,0
231_1DOW.A,0.191,0.98,0.2818,0,1DOW.A,0.4145428749410878,0.4545272327174227,0.39631559917983056,1,1,1,1,1,1
230_1DOW.A,0.075,0.92,0.27709,0,1DOW.A,0.32210128417993983,0.3758972659317269,0.35399089061121025,0,0,1,0,1,0
56_1E4K.C,0.034,0.02,0.30287,0,1E4K.C,0.07510898543564735,0.04468450181558909,0.0680871909481097,0,0,1,0,0,0
57_1E4K.C,0.041,0.01,0.18953,0,1E4K.C,0.06319920349591426,0.037575773832232304,0.04780705566336942,0,0,0,0,0,0
58_1E4K.C,0.0,0.0,0.11776,0,1E4K.C,0.04074119871899448,0.03149107711140002,0.024905266071178513,0,0,0,0,0,0
59_1E4K.C,0.128,0.01,0.28993,0,1E4K.C,0.08309220874102899,0.04794100570171006,0.08127419151859683,0,0,1,0,0,0
157_1E4K.C,0.0,0.06,0.34592,0,1E4K.C,0.09220056670172325,0.0506047915575943,0.0809897267753236,0,1,1,0,0,0
156_1E4K.C,0.184,0.02,0.20561,0,1E4K.C,0.16890093168161882,0.04702980030929966,0.08161398898588393,0,0,0,0,0,1
154_1E4K.C,0.308,0.13,0.07658,0,1E4K.C,0.13237996645943942,0.06160974067918381,0.11932648835568938,1,1,0,1,1,1
153_1E4K.C,0.0,0.0,0.01834,0,1E4K.C,0.015197141762671972,0.02744729287564408,0.008660857041980847,0,0,0,0,0,0
151_1E4K.C,0.0,0.0,0.00324,0,1E4K.C,0.012260284256119898,0.026878988415555312,0.006193641428010975,0,0,0,0,0,0
150_1E4K.C,0.184,0.04,0.13168,0,1E4K.C,0.11831962781018794,0.044887734697485554,0.07580276803945671,0,0,0,0,0,0
149_1E4K.C,0.0,0.0,0.00794,0,1E4K.C,0.012949580032353771,0.02705464045357334,0.006961582711829412,0,0,0,0,0,0
148_1E4K.C,0.0,0.01,0.08099,0,1E4K.C,0.034951153891209605,0.030762693393572817,0.022031516991655238,0,0,0,0,0,0
147_1E4K.C,0.0,0.0,0.02755,0,1E4K.C,0.016580063070364665,0.027799636203634456,0.010165695174739956,0,0,0,0,0,0
146_1E4K.C,0.0,0.03,0.03687,0,1E4K.C,0.02553090440809723,0.03057232443895405,0.02109100448578707,0,0,0,0,0,0
145_1E4K.C,0.0,0.0,0.03206,0,1E4K.C,0.019815326539153175,0.027973772287824834,0.010902592023680626,0,0,0,0,0,0
144_1E4K.C,0.0,0.01,0.04697,0,1E4K.C,0.025798434826766484,0.02935034633131358,0.01647292923090987,0,0,0,0,0,0
143_1E4K.C,0.0,0.02,0.02785,0,1E4K.C,0.01777653845793618,0.029378434059122518,0.016483044759768594,0,0,0,0,0,0
142_1E4K.C,0.0,0.01,0.03902,0,1E4K.C,0.02364919588070754,0.029029476069912345,0.015173964718919106,0,0,0,0,0,0
141_1E4K.C,0.0,0.0,0.00912,0,1E4K.C,0.013047041457815734,0.027098915293038137,0.0071543849915965945,0,0,0,0,0,0
140_1E4K.C,0.0,0.01,0.12403,0,1E4K.C,0.04203161185047532,0.032644010250929625,0.02906389845028195,0,0,0,0,0,0
139_1E4K.C,0.0,0.02,0.18757,0,1E4K.C,0.07258276717347346,0.036608211117355564,0.042579977068594295,0,0,0,0,0,0
138_1E4K.C,0.0,0.0,0.10697,0,1E4K.C,0.04023272099498462,0.031025718379004422,0.0231422689536464,0,0,0,0,0,0
137_1E4K.C,0.308,0.06,0.28591,0,1E4K.C,0.1916838094634294,0.06769016954048626,0.13159012380590251,1,0,0,1,1,1
136_1E4K.C,0.128,0.0,0.13021,0,1E4K.C,0.054438060096242566,0.03753001287059098,0.052043093181633984,0,0,0,0,0,0
135_1E4K.C,0.405,0.11,0.18737,0,1E4K.C,0.19777140339899188,0.07601717969633268,0.15018415129116486,1,1,0,1,1,1
134_1E4K.C,0.184,0.03,0.1907,0,1E4K.C,0.1622603380168146,0.047343699228074375,0.08231198383492896,0,0,0,0,0,1
133_1E4K.C,0.509,0.02,0.10619,0,1E4K.C,0.1493316571844903,0.06099074979112679,0.12910918848655725,1,0,0,1,1,1
130_1E4K.C,0.762,0.03,0.246,0,1E4K.C,0.23028047643165453,0.10131671094058052,0.20470599054895477,1,0,0,1,1,1
129_1E4K.C,0.672,0.03,0.23757,0,1E4K.C,0.22820075048783944,0.09030062251916755,0.18567762947499275,1,0,0,1,1,1
128_1E4K.C,0.056,0.02,0.25012,0,1E4K.C,0.07460019449213308,0.04272256776822231,0.06378295666825787,0,0,0,0,0,0
127_1E4K.C,0.605,0.02,0.12423,0,1E4K.C,0.1645944540152115,0.07008140479438879,0.1508844756326818,1,0,0,1,1,1
159_1E4K.C,0.0,0.05,0.30601,0,1E4K.C,0.08624010280150012,0.046670852137544905,0.07133459550523032,0,0,1,0,0,0
160_1E4K.C,0.0,0.0,0.29836,0,1E4K.C,0.0828774126761254,0.040355855622154255,0.05441381838130825,0,0,1,0,0,0
161_1E4K.C,0.087,0.07,0.28356,0,1E4K.C,0.08786039740409564,0.05310390227592982,0.09099738539181815,0,1,0,0,0,0
4_1EG9.A,0.031,0.46,0.0153,0,1EG9.A,0.0406368716722801,0.09671655501587273,0.15841556142263252,0,0,0,0,0,0
16_1EG9.A,0.0,0.0,0.01655,0,1EG9.A,0.015145110712394348,0.02737931899235663,0.008368385787079782,0,0,0,0,0,0
15_1EG9.A,0.0,0.0,0.0381,0,1EG9.A,0.02408579955763844,0.02820864357900046,0.011889478269268575,0,0,0,0,0,0
14_1EG9.A,0.0,0.28,0.06955,0,1EG9.A,0.049473655796148736,0.06270153061346254,0.10478479798819132,0,0,0,0,0,0
13_1EG9.A,0.0,0.0,0.00019,0,1EG9.A,0.011911687957688459,0.026765595276974134,0.005695296552341564,0,0,0,0,0,0
12_1EG9.A,0.0,0.0,0.005,0,1EG9.A,0.012452559179830599,0.026944634241840765,0.006481210930036603,0,0,0,0,0,0
11_1EG9.A,0.0,0.27,0.01568,0,1EG9.A,0.034633348169387,0.05680972233697189,0.09284871771339477,0,0,0,0,0,0
10_1EG9.A,0.0,0.79,0.0178,0,1EG9.A,0.14431941707974805,0.20764043232475565,0.2561717417130567,0,0,0,0,0,0
9_1EG9.A,0.0,0.0,0.00067,0,1EG9.A,0.011848029093358583,0.026783409859181376,0.005773724598348553,0,0,0,0,0,0
8_1EG9.A,0.0,0.0,0.00038,0,1EG9.A,0.011848029093358583,0.026772645504128886,0.0057263409872193305,0,0,0,0,0,0
7_1EG9.A,0.031,0.98,0.0101,0,1EG9.A,0.21759763070311064,0.31554437952714937,0.32054255772068785,0,1,0,0,0,0
6_1EG9.A,0.031,0.83,0.02607,0,1EG9.A,0.12343417425074829,0.23597983459312438,0.2761394337459883,0,0,0,0,0,0
5_1EG9.A,0.031,0.79,0.01837,0,1EG9.A,0.11513233139764878,0.21438612450680397,0.26234465306207766,0,0,0,0,0,0
3_1EG9.A,0.031,0.0,0.02848,0,1EG9.A,0.017756136665540836,0.028930390049794034,0.016397427558266193,0,0,0,0,0,0
162_1E4K.C,0.0,0.0,0.13011,0,1E4K.C,0.042738204268178516,0.0320320060618442,0.026923154338233345,0,0,0,0,0,0
2_1EG9.A,0.031,0.72,0.03684,0,1EG9.A,0.10111152875969319,0.18695694870959564,0.24342333671876168,0,0,0,0,0,0
1_1EG9.A,0.031,0.66,0.05041,0,1EG9.A,0.07079500155497163,0.16522062612624497,0.22683556676726147,0,0,0,0,0,0
172_1E4K.C,0.0,0.01,0.16668,0,1E4K.C,0.045471515497840995,0.03461770064968563,0.036032557121527975,0,0,0,0,0,0
171_1E4K.C,0.0,0.03,0.07834,0,1E4K.C,0.03617925002894373,0.03237226996204029,0.02786686087726592,0,0,0,0,0,0
170_1E4K.C,0.0,0.02,0.11119,0,1E4K.C,0.04237308072535742,0.03295904377735991,0.030100114247732117,0,0,0,0,0,0
169_1E4K.C,0.0,0.0,0.02765,0,1E4K.C,0.016580063070364665,0.027803485874772403,0.010182034350991413,0,0,0,0,0,0
168_1E4K.C,0.0,0.04,0.10148,0,1E4K.C,0.03835058195020088,0.034344371306253785,0.03478191228999,0,0,0,0,0,0
167_1E4K.C,0.0,0.0,0.01902,0,1E4K.C,0.015583791776891611,0.027473158316472873,0.008771963440490749,0,0,0,0,0,0
166_1E4K.C,0.0,0.06,0.13433,0,1E4K.C,0.04478587882034517,0.0379372871403071,0.0464176637448676,0,1,0,0,0,0
165_1E4K.C,0.0,0.09,0.06726,0,1E4K.C,0.02998538369515094,0.03754241313617392,0.044861476317427394,0,1,0,0,0,0
164_1E4K.C,0.0,0.06,0.16394,0,1E4K.C,0.0482422951166881,0.039506885270831196,0.051255693832923756,0,1,0,0,0,0
163_1E4K.C,0.184,0.38,0.3566,0,1E4K.C,0.2515204213689809,0.14456242435342107,0.21911448822089438,0,1,1,1,1,1
125_1E4K.C,0.421,0.01,0.09109,0,1E4K.C,0.12975128198531405,0.05232438392890247,0.10624908207328519,1,0,0,0,1,0
124_1E4K.C,0.0,0.01,0.10589,0,1E4K.C,0.039796117318053714,0.03183790805012211,0.02609997187826781,0,0,0,0,0,0
123_1E4K.C,0.0,0.03,0.09609,0,1E4K.C,0.03755021933275975,0.03317361738573744,0.03076706466189938,0,0,0,0,0,0
73_1E4K.C,0.087,0.0,0.04834,0,1E4K.C,0.03356604019038717,0.03187661151153155,0.030625212816183148,0,0,0,0,0,0
88_1E4K.C,0.0,0.0,0.05844,0,1E4K.C,0.02745692332455934,0.02901374711667732,0.015212866718814748,0,0,0,0,0,0
84_1E4K.C,0.128,0.01,0.156,0,1E4K.C,0.057063088545453756,0.039947900344624296,0.059391132765021656,0,0,0,0,0,0
83_1E4K.C,0.0,0.0,0.03893,0,1E4K.C,0.02408579955763844,0.02824106821401502,0.01202509343215566,0,0,0,0,0,0
82_1E4K.C,0.0,0.02,0.12638,0,1E4K.C,0.04452083945899942,0.03365562263149181,0.0325820351203283,0,0,0,0,0,0
81_1E4K.C,0.0,0.0,0.03755,0,1E4K.C,0.02408579955763844,0.02818717729084947,0.011799612799885567,0,0,0,0,0,0
80_1E4K.C,0.0,0.02,0.2108,0,1E4K.C,0.07804541740390071,0.03779316133088598,0.04637556771180755,0,0,0,0,0,0
79_1E4K.C,0.0,0.05,0.21433,0,1E4K.C,0.08137353923909366,0.04119307182757594,0.05635483871789536,0,0,0,0,0,0
78_1E4K.C,0.0,0.19,0.18129,0,1E4K.C,0.10216263263544495,0.057355151061526735,0.09483469927833416,0,1,0,0,0,0
77_1E4K.C,0.0,0.03,0.24895,0,1E4K.C,0.08377813901209163,0.04091250632382021,0.05574312947987519,0,0,0,0,0,0
76_1E4K.C,0.0,0.0,0.02196,0,1E4K.C,0.015768783768895903,0.027585261149248655,0.00925233522228356,0,0,0,0,0,0
75_1E4K.C,0.0,0.02,0.04098,0,1E4K.C,0.02603479735073352,0.029916417920593897,0.018628378601584783,0,0,0,0,0,0
74_1E4K.C,0.0,0.01,0.04451,0,1E4K.C,0.025669276582980988,0.029250692420456643,0.01607098549512405,0,0,0,0,0,0
72_1E4K.C,0.128,0.07,0.10981,0,1E4K.C,0.0522962949048205,0.04411271958653111,0.0706490634232969,0,1,0,0,0,0
90_1E4K.C,0.0,0.0,0.00618,0,1E4K.C,0.012835006956377057,0.026988734050210468,0.006674013209803785,0,0,0,0,0,0
71_1E4K.C,0.272,0.1,0.04402,0,1E4K.C,0.12884601306755664,0.052129430619128975,0.09754356707741815,1,1,0,0,0,0
70_1E4K.C,0.0,0.0,0.03167,0,1E4K.C,0.019815326539153175,0.027958672206421842,0.010838869236299946,0,0,0,0,0,0
69_1E4K.C,0.0,0.02,0.04736,0,1E4K.C,0.027214202050434087,0.030181264934038096,0.01967081804642768,0,0,0,0,0,0
68_1E4K.C,0.0,0.0,0.00049,0,1E4K.C,0.011848029093358583,0.026776728040004513,0.005744314081095932,0,0,0,0,0,0
67_1E4K.C,0.0,0.05,0.04834,0,1E4K.C,0.02768014335415618,0.03280439850364566,0.029233440058103362,0,0,0,0,0,0
66_1E4K.C,0.0,0.0,0.03893,0,1E4K.C,0.02408579955763844,0.02824106821401502,0.01202509343215566,0,0,0,0,0,0
65_1E4K.C,0.0,0.0,0.07324,0,1E4K.C,0.03373397182086471,0.029613531570663973,0.017631064804030254,0,0,0,0,0,0
64_1E4K.C,0.0,0.0,0.03598,0,1E4K.C,0.023853295957465194,0.028125988022863098,0.011543087732737706,0,0,0,0,0,0
63_1E4K.C,0.0,0.01,0.0505,0,1E4K.C,0.025798434826766484,0.029493921041037707,0.01704970215258627,0,0,0,0,0,0
62_1E4K.C,0.034,0.01,0.10619,0,1E4K.C,0.03833012638270077,0.033221795608048034,0.03281713306860868,0,0,0,0,0,0
61_1E4K.C,0.087,0.01,0.34788,0,1E4K.C,0.08524462937156634,0.0493299279768094,0.08270174738793193,0,0,1,0,0,0
60_1E4K.C,0.184,0.01,0.24748,0,1E4K.C,0.1599677881459451,0.048458065427286694,0.08532103605423147,0,0,0,0,0,1
89_1E4K.C,0.0,0.0,0.02,0,1E4K.C,0.015768783768895903,0.02751047665132981,0.00893208736775502,0,0,0,0,0,0
91_1E4K.C,0.0,0.0,0.00686,0,1E4K.C,0.012949580032353771,0.027014179363154978,0.006785119608313687,0,0,0,0,0,0
122_1E4K.C,0.308,0.0,0.02353,0,1E4K.C,0.12350635396367364,0.04047561155174119,0.06991439698850915,1,0,0,0,0,0
106_1E4K.C,0.184,0.08,0.10217,0,1E4K.C,0.1067358687261399,0.04802471106006032,0.08351774124020055,1,1,0,0,0,0
121_1E4K.C,0.0,0.0,0.05265,0,1E4K.C,0.026965147534841444,0.02878232280264803,0.01426682841385544,0,0,0,0,0,0
120_1E4K.C,0.0,0.0,0.00186,0,1E4K.C,0.011878216457422697,0.026827624920154877,0.005968160795740881,0,0,0,0,0,0
119_1E4K.C,0.0,0.0,0.04628,0,1E4K.C,0.02623503850369739,0.028529785429466638,0.013226022886637686,0,0,0,0,0,0
118_1E4K.C,0.0,0.0,0.00696,0,1E4K.C,0.012949580032353771,0.027017923287620475,0.006801458784565143,0,0,0,0,0,0
115_1E4K.C,0.272,0.0,0.02628,0,1E4K.C,0.12012640395914607,0.03886821145586217,0.0633033369290385,1,0,0,0,0,0
114_1E4K.C,0.308,0.02,0.10187,0,1E4K.C,0.12565701739012428,0.04752884417396216,0.08898283972017414,1,0,0,0,0,0
113_1E4K.C,0.405,0.08,0.40445,0,1E4K.C,0.23195180870264728,0.09336678442279255,0.17625073701341437,1,1,1,1,1,1
112_1E4K.C,0.087,0.08,0.13158,0,1E4K.C,0.05446999899100736,0.044396385256945725,0.0692992713529923,0,1,0,0,0,0
111_1E4K.C,0.0,0.26,0.47534,0,1E4K.C,0.16093027298689994,0.1012795321925161,0.1648192092427008,0,1,1,1,1,1
109_1E4K.C,0.0,0.0,0.01177,0,1E4K.C,0.0136725739971429,0.027198602941365623,0.0075873731622601815,0,0,0,0,0,0
108_1E4K.C,0.0,0.0,0.03383,0,1E4K.C,0.022259206219865976,0.028042403029750387,0.0111917954433314,0,0,0,0,0,0
107_1E4K.C,0.0,0.0,0.00863,0,1E4K.C,0.012949580032353771,0.02708052143301855,0.007074323027964459,0,0,0,0,0,0
105_1E4K.C,0.0,0.0,0.00137,0,1E4K.C,0.011848029093358583,0.02680941012891966,0.005888098832108746,0,0,0,0,0,0
92_1E4K.C,0.0,0.0,0.03285,0,1E4K.C,0.02183999270523772,0.028004383908166498,0.01103167151606713,0,0,0,0,0,0
104_1E4K.C,0.0,0.04,0.20855,0,1E4K.C,0.08137353923909366,0.039777254965943344,0.05227626830242406,0,0,0,0,0,0
103_1E4K.C,0.0,0.0,0.01549,0,1E4K.C,0.013965210178814675,0.02733914345642268,0.008195190518814349,0,0,0,0,0,0
102_1E4K.C,0.0,0.01,0.241,0,1E4K.C,0.07628285977485412,0.038334899912720634,0.04817583291161016,0,0,0,0,0,0
101_1E4K.C,0.0,0.01,0.17737,0,1E4K.C,0.06077491781060114,0.035130154311862866,0.03777921506280864,0,0,0,0,0,0
100_1E4K.C,0.0,0.01,0.06461,0,1E4K.C,0.02728441290475327,0.030074643523513203,0.019355159921666726,0,0,0,0,0,0
99_1E4K.C,0.0,0.01,0.02677,0,1E4K.C,0.01628141916440895,0.02854170528049588,0.013172415628115733,0,0,0,0,0,0
98_1E4K.C,0.0,0.01,0.16943,0,1E4K.C,0.0476519581183264,0.03474883654256999,0.03648188446844303,0,0,0,0,0,0
97_1E4K.C,0.0,0.0,0.1004,0,1E4K.C,0.0370694606919121,0.03074563062629163,0.022068785073925734,0,0,0,0,0,0
96_1E4K.C,0.0,0.03,0.20159,0,1E4K.C,0.07992749761579518,0.038346126927315045,0.04800489560718557,0,0,0,0,0,0
95_1E4K.C,0.0,0.23,0.15541,0,1E4K.C,0.06699821610759024,0.061605699416364956,0.10314278457700586,0,1,0,1,0,0
94_1E4K.C,0.0,0.03,0.36611,0,1E4K.C,0.09136867460088718,0.047985733636740927,0.07488610837608117,0,0,1,0,0,0
93_1E4K.C,0.0,0.02,0.29317,0,1E4K.C,0.08183505712560155,0.04229859384980188,0.05983414719013195,0,0,1,0,0,0
281_1EG9.A,0.0,0.71,0.01385,0,1EG9.A,0.10010397729083316,0.1721341519698532,0.23045301602602705,0,0,0,0,0,0
283_1EG9.A,0.0,0.46,0.03502,0,1EG9.A,0.05155383381101444,0.09570599648103358,0.15555786893503196,0,0,0,0,0,0
71_1JTD.A,0.0,0.0,0.0,0,1JTD.A,0.011911687957688459,0.026758546855358632,0.005664252117463797,0,0,0,0,0,0
60_1I8L.A,0.0,0.25,0.07839,0,1I8L.A,0.052943103948651024,0.058597485199397066,0.09682668308440863,0,0,0,0,0,0
89_1I8L.A,0.355,0.48,0.20036,0,1I8L.A,0.2511612494799869,0.1825426753375227,0.2584646597073228,1,1,0,1,1,1
88_1I8L.A,0.616,0.18,0.05424,0,1I8L.A,0.17137261537494963,0.09800872384678282,0.19175268322087752,1,0,0,1,1,1
87_1I8L.A,1.0,0.69,0.58407,0,1I8L.A,0.4386860829296583,0.61445506823377,0.5134758071904089,1,1,1,1,1,1
86_1I8L.A,0.355,0.0,0.01466,0,1I8L.A,0.1325782186218887,0.042364037169990994,0.07768284005778633,1,0,0,0,0,1
85_1I8L.A,0.416,0.57,0.36607,0,1I8L.A,0.31464320085604874,0.28270227535489173,0.32571123714322076,1,1,1,1,1,1
84_1I8L.A,0.0,0.0,0.00165,0,1I8L.A,0.011848029093358583,0.026819817107930615,0.005933848525612823,0,0,0,0,0,0
82_1I8L.A,0.0,0.0,0.00102,0,1I8L.A,0.011848029093358583,0.026796406927405845,0.005830911715228649,0,0,0,0,0,0
81_1I8L.A,0.0,0.0,0.05989,0,1I8L.A,0.02745692332455934,0.029071985179629438,0.015449784774460861,0,0,0,0,0,0
80_1I8L.A,0.0,0.0,0.00078,0,1I8L.A,0.011848029093358583,0.026787493991323692,0.005791697692225155,0,0,0,0,0,0
79_1I8L.A,0.0,0.02,0.01497,0,1I8L.A,0.01504935961974554,0.028859814959611468,0.014378558858581048,0,0,0,0,0,0
78_1I8L.A,0.0,0.01,0.01435,0,1I8L.A,0.013453282161046808,0.02805529024484476,0.011143089937684885,0,0,0,0,0,0
77_1I8L.A,0.0,0.01,0.04241,0,1I8L.A,0.025247482484264908,0.02916588171463259,0.015727862793843472,0,0,0,0,0,0
76_1I8L.A,0.0,0.0,0.00321,0,1I8L.A,0.012260284256119898,0.026877870801704323,0.006188739675135538,0,0,0,0,0,0
75_1I8L.A,0.0,0.01,0.04241,0,1I8L.A,0.025247482484264908,0.02916588171463259,0.015727862793843472,0,0,0,0,0,0
74_1I8L.A,0.0,0.0,0.03128,0,1I8L.A,0.019815326539153175,0.027943580041634736,0.01077514644891927,0,0,0,0,0,0
73_1I8L.A,0.0,0.02,0.01803,0,1I8L.A,0.016393617150243484,0.028982216935225298,0.014878537651875605,0,0,0,0,0,0
72_1I8L.A,0.0,0.0,0.00219,0,1I8L.A,0.012099895023662594,0.026839898805379597,0.006022080077370686,0,0,0,0,0,0
71_1I8L.A,0.0,0.03,0.01497,0,1I8L.A,0.015741651048549986,0.02966127948014443,0.017512724886718182,0,0,0,0,0,0
70_1I8L.A,0.0,0.12,0.06867,0,1I8L.A,0.04238680118728726,0.04080238547672172,0.05449435678698433,0,0,0,0,0,0
69_1I8L.A,0.0,0.0,0.00047,0,1I8L.A,0.011848029093358583,0.026775985715726276,0.005741046245845641,0,0,0,0,0,0
68_1I8L.A,0.0,0.0,0.02109,0,1I8L.A,0.015768783768895903,0.02755204164059429,0.009110184388895892,0,0,0,0,0,0
67_1I8L.A,0.0,0.0,0.00016,0,1I8L.A,0.011911687957688459,0.02676448224827334,0.005690394799466127,0,0,0,0,0,0
66_1I8L.A,0.0,0.0,0.0051,0,1I8L.A,0.01272638021532879,0.02694836879492113,0.006497550106288059,0,0,0,0,0,0
65_1I8L.A,0.0,0.0,0.00094,0,1I8L.A,0.011848029093358583,0.026793435628322114,0.005817840374227484,0,0,0,0,0,0
64_1I8L.A,0.0,0.03,0.01834,0,1I8L.A,0.01708590857904793,0.029799739182790625,0.018063355126392254,0,0,0,0,0,0
63_1I8L.A,0.0,0.08,0.03089,0,1I8L.A,0.022422130310845247,0.034755681199558144,0.03578475188663567,0,0,0,0,0,0
62_1I8L.A,0.0,0.13,0.08231,0,1I8L.A,0.0486811349681629,0.04270844806646769,0.05985718645582008,0,0,0,0,0,0
90_1I8L.A,0.466,0.3,0.41248,0,1I8L.A,0.27236446867384206,0.17324043629441685,0.25847785970179904,1,1,1,1,1,1
91_1I8L.A,0.466,0.23,0.43913,0,1I8L.A,0.2668605396623482,0.151562062285249,0.24089308797585218,1,0,1,1,1,1
92_1I8L.A,0.751,0.48,0.81924,0,1I8L.A,0.448409116585876,0.4724032008799814,0.43724881516257724,1,1,1,1,1,1
109_1I8L.A,0.0,0.25,0.08301,0,1I8L.A,0.052943103948651024,0.05896153225642225,0.0975815530272259,0,0,0,0,0,0
121_1I8L.A,0.0,0.06,0.09234,0,1I8L.A,0.03755021933275975,0.03581379535800605,0.03955684363688118,0,0,0,0,0,0
120_1I8L.A,0.0,0.03,0.06608,0,1I8L.A,0.02926417426758711,0.03182973388598386,0.0258636778688374,0,0,0,0,0,0
119_1I8L.A,0.0,0.04,0.12307,0,1I8L.A,0.04229650292088022,0.03537893916109591,0.038309540442679375,0,0,0,0,0,0
118_1I8L.A,0.0,0.03,0.13859,0,1I8L.A,0.04594296957323331,0.03517091343850911,0.03771121456876823,0,0,0,0,0,0
117_1I8L.A,0.0,0.07,0.22074,0,1I8L.A,0.0832884109055664,0.0438619957684514,0.06367051197188797,0,0,1,0,0,0
116_1I8L.A,0.0,0.13,0.25515,0,1I8L.A,0.11742902950408134,0.05398580976641823,0.08809781868883682,0,0,1,0,0,0
115_1I8L.A,0.0,0.32,0.27969,0,1I8L.A,0.1422404199317963,0.09175076308357769,0.15165660707554973,0,1,1,1,1,1
114_1I8L.A,0.0,0.42,0.24057,0,1I8L.A,0.14665390117640803,0.11244743869123112,0.17660638160735145,0,1,1,1,1,1
113_1I8L.A,0.024,0.0,0.17253,0,1I8L.A,0.058335106253413226,0.034982355885827876,0.0385611578416915,0,0,0,0,0,0
112_1I8L.A,0.0,0.16,0.18656,0,1I8L.A,0.10532323733092566,0.05332377872503668,0.08629327578237449,0,0,0,0,0,0
111_1I8L.A,0.0,0.0,0.06749,0,1I8L.A,0.02750022883741817,0.029379092460197535,0.016691562169571524,0,0,0,0,0,0
110_1I8L.A,0.0,0.27,0.15513,0,1I8L.A,0.06699821610759024,0.06843747114980571,0.11563369899605032,0,1,0,0,0,0
108_1I8L.A,0.0,0.0,0.04053,0,1I8L.A,0.02456272671880186,0.028303675681554702,0.012286520252178959,0,0,0,0,0,0
95_1I8L.A,0.317,0.28,0.01019,0,1I8L.A,0.15705440154324754,0.08446996941317765,0.15725649651600113,1,1,0,1,1,1
107_1I8L.A,0.0,0.07,0.08239,0,1I8L.A,0.03665195210188959,0.03630200332157622,0.04106526162799844,0,0,0,0,0,0
106_1I8L.A,0.0,0.0,0.01732,0,1I8L.A,0.015197141762671972,0.0274085390802516,0.008494197444215996,0,0,0,0,0,0
105_1I8L.A,0.0,0.07,0.05762,0,1I8L.A,0.028885101450478446,0.03508776044019002,0.037018047670512755,0,0,0,0,0,0
104_1I8L.A,0.0,0.0,0.01881,0,1I8L.A,0.015583791776891611,0.027465167932835963,0.008737651170362692,0,0,0,0,0,0
103_1I8L.A,0.0,0.03,0.02265,0,1I8L.A,0.017657550585271863,0.029977732891476577,0.018767573622830012,0,0,0,0,0,0
102_1I8L.A,0.0,0.0,0.00604,0,1I8L.A,0.01272638021532879,0.026983498202733422,0.006651138363051747,0,0,0,0,0,0
101_1I8L.A,0.0,0.05,0.01513,0,1I8L.A,0.015853976995190634,0.03133634210376869,0.023807199624994786,0,0,0,0,0,0
100_1I8L.A,0.0,0.0,0.00572,0,1I8L.A,0.01272638021532879,0.02697153425960363,0.006598852999047087,0,0,0,0,0,0
99_1I8L.A,0.0,0.29,0.03284,0,1I8L.A,0.04133553747847219,0.06130185995566458,0.1019208524144189,0,1,0,0,0,0
98_1I8L.A,0.0,0.0,0.01121,0,1I8L.A,0.013279529798889356,0.02717750721071536,0.007495873775252028,0,0,0,0,0,0
97_1I8L.A,0.215,0.68,0.05291,0,1I8L.A,0.20147054933375624,0.21012071254713402,0.2695988027513491,1,1,0,1,1,1
96_1I8L.A,0.128,0.33,0.02054,0,1I8L.A,0.051862699765550746,0.07803342631788462,0.13755139751518755,0,1,0,0,0,0
61_1I8L.A,0.0,0.29,0.10857,0,1I8L.A,0.0589536649823211,0.06781031368869395,0.11429451058964661,0,1,0,0,0,0
59_1I8L.A,0.0,0.0,0.11264,0,1I8L.A,0.041185807251393564,0.0312694221501299,0.02406870024710396,0,0,0,0,0,0
123_1I8L.A,0.0,0.11,0.01921,0,1I8L.A,0.02759995354565405,0.03711116550006289,0.043278834184877005,0,0,0,0,0,0
58_1I8L.A,0.024,0.43,0.12519,0,1I8L.A,0.06606841598932318,0.10235233045413751,0.16559533101414897,0,1,0,1,1,0
22_1I8L.A,0.128,0.38,0.07996,0,1I8L.A,0.06714384311014361,0.09589857834992602,0.16293096618448843,0,1,0,1,1,0
21_1I8L.A,0.0,0.13,0.01144,0,1I8L.A,0.026707299432866947,0.038766870601586734,0.04827761224641314,0,0,0,0,0,0
20_1I8L.A,0.0,0.0,0.00917,0,1I8L.A,0.013047041457815734,0.027100792900297665,0.007162554579722322,0,0,0,0,0,0
19_1I8L.A,0.0,0.04,0.0145,0,1I8L.A,0.015561340813518858,0.030464524328630616,0.020570096786473473,0,0,0,0,0,0
18_1I8L.A,0.0,0.12,0.01333,0,1I8L.A,0.02648842217281596,0.03782678730614984,0.04545225664942852,0,0,0,0,0,0
17_1I8L.A,0.0,0.07,0.01999,0,1I8L.A,0.017861145589042754,0.033317704950102195,0.030869615647089822,0,0,0,0,0,0
16_1I8L.A,0.0,0.0,0.00729,0,1I8L.A,0.012949580032353771,0.027030281817879746,0.006855378066194948,0,0,0,0,0,0
15_1I8L.A,0.0,0.16,0.01654,0,1I8L.A,0.030574491882944525,0.04234110968900199,0.0585134083196488,0,0,0,0,0,0
14_1I8L.A,0.0,0.0,0.00259,0,1I8L.A,0.012099895023662594,0.026854783562976138,0.006087436782376511,0,0,0,0,0,0
13_1I8L.A,0.0,0.03,0.01889,0,1I8L.A,0.017472558593267577,0.029822395850948726,0.01815322059577526,0,0,0,0,0,0
12_1I8L.A,0.0,0.0,0.00306,0,1I8L.A,0.012099895023662594,0.02687228341020992,0.006164230910758354,0,0,0,0,0,0
11_1I8L.A,0.0,0.17,0.03065,0,1I8L.A,0.03410826154322791,0.04434409178433652,0.0639530321168664,0,0,0,0,0,0
10_1I8L.A,0.0,0.05,0.03951,0,1I8L.A,0.02553090440809723,0.03240770359910239,0.027790690795099784,0,0,0,0,0,0
9_1I8L.A,0.0,0.02,0.05158,0,1I8L.A,0.027214202050434087,0.030357692643868173,0.02036033128423913,0,0,0,0,0,0
8_1I8L.A,0.0,0.0,0.00831,0,1I8L.A,0.012949580032353771,0.027068515668459657,0.0070220376639598,0,0,0,0,0,0
7_1I8L.A,0.0,0.03,0.05887,0,1I8L.A,0.02890202817501814,0.03151479028796769,0.024685623261107417,0,0,0,0,0,0
6_1I8L.A,0.0,0.03,0.02485,0,1I8L.A,0.018177247304067005,0.03006898490169647,0.019127035500362047,0,0,0,0,0,0
5_1I8L.A,0.0,0.02,0.0352,0,1I8L.A,0.02432672723009399,0.029678423799910186,0.01768397421425062,0,0,0,0,0,0
4_1I8L.A,0.0,0.08,0.02015,0,1I8L.A,0.01860193766567033,0.03424614080306631,0.03402992435722929,0,0,0,0,0,0
3_1I8L.A,0.0,0.11,0.04358,0,1I8L.A,0.03689890624697261,0.038371616353324936,0.04726069143735686,0,0,0,0,0,0
2_1I8L.A,0.0,0.26,0.02885,0,1I8L.A,0.03723948660405695,0.056304952665281446,0.0918664211975744,0,0,0,0,0,0
1_1I8L.A,0.0,0.22,0.02955,0,1I8L.A,0.037107456636645664,0.05064725559353184,0.07944413131878605,0,0,0,0,0,0
124_1HSS.A,0.0,0.1,0.22343,0,1HSS.A,0.10288175702455422,0.04772634938156404,0.07351253389746354,0,0,1,0,0,0
123_1HSS.A,0.0,0.61,0.26486,0,1HSS.A,0.19685749816386466,0.18313584563732077,0.2401243220534357,0,0,1,0,0,0
122_1HSS.A,0.0,0.48,0.22266,0,1HSS.A,0.15778515429231046,0.127618307667232,0.19248503130953845,0,0,1,0,0,0
121_1HSS.A,0.0,0.0,0.14252,0,1HSS.A,0.045025575317570905,0.032584607841043355,0.02895084611103905,0,0,0,0,0,0
120_1HSS.A,0.0,0.22,0.02083,0,1HSS.A,0.03524984656494388,0.05005340529362756,0.07801935514965909,0,0,0,0,0,0
23_1I8L.A,0.128,0.24,0.06193,0,1I8L.A,0.05757693322184965,0.06510811023860727,0.116106688312431,0,0,0,0,0,0
24_1I8L.A,0.215,0.05,0.03676,0,1I8L.A,0.08986290899990661,0.042090491348781574,0.0695075660140994,1,0,0,0,0,0
25_1I8L.A,0.06,0.0,0.06295,0,1I8L.A,0.026451209289268907,0.03145420235890177,0.0277170759117316,0,0,0,0,0,0
45_1I8L.A,0.1,0.01,0.14713,0,1I8L.A,0.05626636046859613,0.03812878827809847,0.052450435404328616,0,0,0,0,0,0
57_1I8L.A,0.06,0.0,0.08584,0,1I8L.A,0.03551498194291702,0.03246273599136868,0.0314571133556899,0,0,0,0,0,0
56_1I8L.A,0.024,0.0,0.03739,0,1I8L.A,0.024206676685990698,0.02903519211907273,0.01648039505547371,0,0,0,0,0,0
55_1I8L.A,0.089,0.16,0.13381,0,1I8L.A,0.07043604984530362,0.055320432182574486,0.09512920695329606,0,0,0,0,0,0
54_1I8L.A,0.1,0.14,0.16814,0,1I8L.A,0.07798503311623864,0.055663751382037475,0.0966274547005423,0,0,0,0,0,0
53_1I8L.A,0.0,0.0,0.04703,0,1I8L.A,0.02623503850369739,0.028559406962277517,0.013348566708523607,0,0,0,0,0,0
52_1I8L.A,0.1,0.08,0.16266,0,1I8L.A,0.06035886956146525,0.04705383654238816,0.0769270716731397,0,0,0,0,0,0
51_1I8L.A,0.132,0.08,0.35706,0,1I8L.A,0.1300174097573129,0.06354259573740305,0.11496633022275768,1,0,1,0,0,1
50_1I8L.A,0.468,0.09,0.88085,0,1I8L.A,0.32023080513207947,0.1845601437076989,0.26958041666466337,1,0,1,1,1,1
49_1I8L.A,0.28,0.04,0.30305,0,1I8L.A,0.19699258105285725,0.06352949161262629,0.12263091413193894,1,0,1,0,0,1
48_1I8L.A,0.189,0.02,0.75065,0,1I8L.A,0.23712854183339796,0.09743101510222685,0.17164964458881835,1,0,1,1,1,1
47_1I8L.A,0.215,0.03,0.39312,0,1I8L.A,0.19219815964237388,0.06453680673065673,0.12146552244751413,1,0,1,0,0,1
46_1I8L.A,0.128,0.03,0.58705,0,1I8L.A,0.1151984403347085,0.0752273012540801,0.13608948405319748,1,0,1,0,0,0
44_1I8L.A,0.355,0.05,0.70228,0,1I8L.A,0.26490681110479497,0.11944405839884764,0.20570511393873453,1,0,1,1,1,1
26_1I8L.A,0.215,0.02,0.2706,0,1I8L.A,0.1702796076881823,0.05332611456299168,0.09831259767609296,1,0,1,0,0,1
43_1I8L.A,0.466,0.15,1.0,0,1I8L.A,0.3488127128241731,0.24061663145329945,0.30746129759229696,1,0,1,1,1,1
42_1I8L.A,0.212,0.0,0.09093,0,1I8L.A,0.10518159451465404,0.03944098042437731,0.06209930203162868,1,0,0,0,0,0
41_1I8L.A,0.0,0.0,0.52748,0,1I8L.A,0.09694280094983262,0.05507072201399203,0.09185013900864449,0,0,1,0,0,0
40_1I8L.A,0.0,0.0,0.01748,0,1I8L.A,0.015197141762671972,0.027414614588654834,0.008520340126218325,0,0,0,0,0,0
39_1I8L.A,0.0,0.0,0.00494,0,1I8L.A,0.012452559179830599,0.02694239375153833,0.006471407424285729,0,0,0,0,0,0
37_1I8L.A,0.128,0.23,0.30736,0,1I8L.A,0.15792875091881584,0.08762095474751534,0.15307376255824262,0,0,1,1,1,1
35_1I8L.A,0.0,0.09,0.06577,0,1I8L.A,0.029736765355515473,0.03746580702757232,0.0446180225912807,0,0,0,0,0,0
34_1I8L.A,0.0,0.0,0.02367,0,1I8L.A,0.015768783768895903,0.027650668120526967,0.009531735136183458,0,0,0,0,0,0
32_1I8L.A,0.0,0.0,0.00298,0,1I8L.A,0.012099895023662594,0.026869303929909993,0.006151159569757189,0,0,0,0,0,0
30_1I8L.A,0.0,0.0,0.00235,0,1I8L.A,0.012099895023662594,0.02684585174546216,0.006048222759373016,0,0,0,0,0,0
28_1I8L.A,0.0,0.0,0.09203,0,1I8L.A,0.03626909807447098,0.03039235122752599,0.020701196021678858,0,0,0,0,0,0
27_1I8L.A,0.215,0.03,0.32077,0,1I8L.A,0.19561318552177254,0.05858784789178581,0.10964412842958562,1,0,1,0,0,1
122_1I8L.A,0.0,0.04,0.06828,0,1I8L.A,0.02986990388736272,0.03281018813066641,0.02935730577450657,0,0,0,0,0,0
124_1I8L.A,0.0,0.0,0.21494,0,1I8L.A,0.08046612663723578,0.0359976316694842,0.040783677552343564,0,0,0,0,0,0
284_1EG9.A,0.0,0.78,0.04108,0,1EG9.A,0.147777515029335,0.20845429814017302,0.2568413359162585,0,0,0,0,0,0
185_1I8L.A,0.024,0.06,0.04068,0,1I8L.A,0.02589593827919417,0.03436365139747747,0.03582295012296943,0,0,0,0,0,0
40_1JTD.A,0.0,0.0,0.03407,0,1JTD.A,0.022259206219865976,0.02805172147340229,0.011231009466334894,0,0,0,0,0,0
39_1JTD.A,0.0,0.02,0.04569,0,1JTD.A,0.027214202050434087,0.030111721080421507,0.019397953803028365,0,0,0,0,0,0
38_1JTD.A,0.0,0.02,0.10231,0,1JTD.A,0.038256734165875966,0.0325582985317571,0.028649195396602815,0,0,0,0,0,0
37_1JTD.A,0.0,0.0,0.07325,0,1JTD.A,0.03373397182086471,0.029613940866545146,0.017632698721655397,0,0,0,0,0,0
36_1JTD.A,0.0,0.0,0.0,0,1JTD.A,0.011911687957688459,0.026758546855358632,0.005664252117463797,0,0,0,0,0,0
35_1JTD.A,0.0,0.03,0.03662,0,1JTD.A,0.02553090440809723,0.03056177302111417,0.02105015654515843,0,0,0,0,0,0
34_1JTD.A,0.0,0.03,0.1494,0,1JTD.A,0.04594296957323331,0.03569713658892636,0.03947747952155063,0,0,0,0,0,0
33_1JTD.A,0.0,0.0,0.00058,0,1JTD.A,0.011848029093358583,0.02678006874693212,0.005759019339722242,0,0,0,0,0,0
32_1JTD.A,0.0,0.0,0.0057,0,1JTD.A,0.01272638021532879,0.026970786684428115,0.006595585163796796,0,0,0,0,0,0
31_1JTD.A,0.0,0.05,0.07104,0,1JTD.A,0.034407243873384064,0.03384586065027678,0.0329424330671839,0,0,0,0,0,0
30_1JTD.A,0.0,0.1,0.10789,0,1JTD.A,0.050894462083512934,0.04077988285845168,0.05463424965653115,0,0,0,0,0,0
29_1JTD.A,0.035,0.0,0.01477,0,1JTD.A,0.01484864759231907,0.028528484672018194,0.014941813983789971,0,0,0,0,0,0
28_1JTD.A,0.0,0.26,0.08569,0,1JTD.A,0.053774009815434655,0.0607643167322273,0.10115360897890206,0,1,0,1,0,0
27_1JTD.A,0.0,0.54,0.17626,0,1JTD.A,0.1171899724081737,0.13955838672449924,0.20370864969768565,0,1,0,1,1,1
199_1I8L.A,0.035,0.34,0.18359,0,1I8L.A,0.10463063040993514,0.088826429198928,0.1490872562881608,0,1,0,1,1,0
198_1I8L.A,0.052,0.23,0.18625,0,1I8L.A,0.10674876577715635,0.06831392864591045,0.11838012389773428,0,0,0,0,0,0
197_1I8L.A,0.052,0.07,0.23446,0,1I8L.A,0.07852145328849378,0.0476203148586631,0.0761105843183671,0,0,1,0,0,0
196_1I8L.A,0.039,0.06,0.21863,0,1I8L.A,0.0756767486550771,0.04465437292300638,0.06784034234842962,0,0,0,0,0,0
195_1I8L.A,0.024,0.0,0.22145,0,1I8L.A,0.07635490514020038,0.03741228297559065,0.046554282863903826,0,0,1,0,0,0
194_1I8L.A,0.024,0.02,0.16289,0,1I8L.A,0.045418985266260224,0.03645302313958601,0.0432543933073254,0,0,0,0,0,0
193_1I8L.A,0.0,0.02,0.1694,0,1I8L.A,0.0494780800040824,0.03570636021728411,0.03961114874370472,0,0,0,0,0,0
192_1I8L.A,0.0,0.04,0.09422,0,1I8L.A,0.03755021933275975,0.03400308095152591,0.03359568809413428,0,0,0,0,0,0
191_1I8L.A,0.0,0.05,0.07878,0,1I8L.A,0.03617925002894373,0.034208208426594985,0.0342070853090466,0,0,0,0,0,0
190_1I8L.A,0.024,0.1,0.11123,0,1I8L.A,0.0492437822257326,0.04219137337914553,0.05988690308092026,0,0,0,0,0,0
189_1I8L.A,0.024,0.08,0.08552,0,1I8L.A,0.03711497065088532,0.03858707156756249,0.04941776881039662,0,0,0,0,0,0
188_1I8L.A,0.024,0.27,0.10026,0,1I8L.A,0.05272659534038675,0.06547613242313109,0.11137531792446684,0,1,0,0,0,0
187_1I8L.A,0.024,0.13,0.04413,0,1I8L.A,0.034818630623775236,0.04175243246077467,0.05832581390060461,0,0,0,0,0,0
41_1JTD.A,0.0,0.01,0.07325,0,1JTD.A,0.03329736814393381,0.030435691830458782,0.020766864749792533,0,0,0,0,0,0
42_1JTD.A,0.0,0.0,0.04825,0,1JTD.A,0.02623503850369739,0.028607655105066743,0.013547904658791372,0,0,0,0,0,0
43_1JTD.A,0.0,0.01,0.06255,0,1JTD.A,0.027020319647628438,0.029989174871188476,0.01901857289088673,0,0,0,0,0,0
58_1JTD.A,0.0,0.02,0.12208,0,1JTD.A,0.04220265513655531,0.03345700510841491,0.03187945054151568,0,0,0,0,0,0
70_1JTD.A,0.0,0.0,0.06383,0,1JTD.A,0.02745692332455934,0.029230805316484514,0.016093548318768233,0,0,0,0,0,0
69_1JTD.A,0.0,0.0,0.00221,0,1JTD.A,0.012099895023662594,0.02684064285268566,0.006025347912620977,0,0,0,0,0,0
68_1JTD.A,0.0,0.0,0.0,0,1JTD.A,0.011911687957688459,0.026758546855358632,0.005664252117463797,0,0,0,0,0,0
67_1JTD.A,0.0,0.0,0.00081,0,1JTD.A,0.011848029093358583,0.026788607950650842,0.005796599445100591,0,0,0,0,0,0
66_1JTD.A,0.0,0.0,0.00081,0,1JTD.A,0.011848029093358583,0.026788607950650842,0.005796599445100591,0,0,0,0,0,0
65_1JTD.A,0.0,0.01,0.05058,0,1JTD.A,0.025798434826766484,0.029497182737734502,0.017062773493587435,0,0,0,0,0,0
64_1JTD.A,0.0,0.01,0.08546,0,1JTD.A,0.035344458918297586,0.030953090100646303,0.022761878170095323,0,0,0,0,0,0
63_1JTD.A,0.0,0.01,0.15359,0,1JTD.A,0.044618361620009435,0.03400000817007015,0.03389375895021238,0,0,0,0,0,0
62_1JTD.A,0.0,0.01,0.10034,0,1JTD.A,0.0366328570149812,0.03159514722022703,0.025193147596311995,0,0,0,0,0,0
61_1JTD.A,0.0,0.01,0.13033,0,1JTD.A,0.042694717573243404,0.03292855598228613,0.03009326655412368,0,0,0,0,0,0
60_1JTD.A,0.0,0.02,0.13173,0,1JTD.A,0.04452083945899942,0.033904328930199366,0.03345618104978121,0,0,0,0,0,0
59_1JTD.A,0.0,0.01,0.11638,0,1JTD.A,0.04114232055645846,0.03230168368625561,0.027813951467045555,0,0,0,0,0,0
57_1JTD.A,0.0,0.05,0.14789,0,1JTD.A,0.04594296957323331,0.03761362287559974,0.04549909001642792,0,0,0,0,0,0
44_1JTD.A,0.0,0.0,0.0,0,1JTD.A,0.011911687957688459,0.026758546855358632,0.005664252117463797,0,0,0,0,0,0
56_1JTD.A,0.0,0.01,0.13464,0,1JTD.A,0.04346127086712129,0.03312460003961477,0.030797485050561443,0,0,0,0,0,0
55_1JTD.A,0.0,0.03,0.16312,0,1JTD.A,0.04767676546172109,0.03637594139475676,0.04171921450325041,0,0,0,0,0,0
54_1JTD.A,0.0,0.02,0.06116,0,1JTD.A,0.02843608687129604,0.030761924513978228,0.021925624369128625,0,0,0,0,0,0
53_1JTD.A,0.0,0.04,0.1001,0,1JTD.A,0.03835058195020088,0.03427924461500205,0.034556431657719905,0,0,0,0,0,0
52_1JTD.A,0.0,0.02,0.12336,0,1JTD.A,0.04220265513655531,0.0335160098845998,0.032088591997534326,0,0,0,0,0,0
51_1JTD.A,0.0,0.0,0.03174,0,1JTD.A,0.019815326539153175,0.027961381894383953,0.010850306659675967,0,0,0,0,0,0
50_1JTD.A,0.0,0.02,0.10348,0,1JTD.A,0.041419994468948486,0.03261082887326478,0.028840363758744852,0,0,0,0,0,0
49_1JTD.A,0.0,0.0,0.01756,0,1JTD.A,0.015197141762671972,0.027417652833623973,0.00853341146721949,0,0,0,0,0,0
48_1JTD.A,0.0,0.0,0.03441,0,1JTD.A,0.023061826083308503,0.028064927749705138,0.011286562665589845,0,0,0,0,0,0
47_1JTD.A,0.0,0.0,0.00744,0,1JTD.A,0.012949580032353771,0.02703590114832783,0.006879886830572132,0,0,0,0,0,0
46_1JTD.A,0.0,0.0,0.0014,0,1JTD.A,0.011848029093358583,0.02681052497452329,0.005893000584984182,0,0,0,0,0,0
45_1JTD.A,0.0,0.0,0.0,0,1JTD.A,0.011911687957688459,0.026758546855358632,0.005664252117463797,0,0,0,0,0,0
186_1I8L.A,0.0,0.0,0.05675,0,1I8L.A,0.02745692332455934,0.028946012472827888,0.01493673464016514,0,0,0,0,0,0
184_1I8L.A,0.0,0.0,0.00039,0,1I8L.A,0.011848029093358583,0.026773016618739164,0.005727974904844476,0,0,0,0,0,0
125_1I8L.A,0.0,0.11,0.09548,0,1I8L.A,0.048489832138124994,0.0411942738408818,0.05574072391186258,0,0,0,0,0,0
183_1I8L.A,0.0,0.0,0.03966,0,1I8L.A,0.02408579955763844,0.028269616174546916,0.012144369418791292,0,0,0,0,0,0
152_1I8L.A,0.0,0.41,0.05189,0,1I8L.A,0.05042594187337843,0.08604306559440406,0.1426434578279669,0,1,0,1,1,0
151_1I8L.A,0.0,0.51,0.02932,0,1I8L.A,0.04852684407739694,0.10784909861208591,0.1702973660293846,0,1,0,1,1,0
150_1I8L.A,0.0,0.31,0.01529,0,1I8L.A,0.03435637895764466,0.06313616451119572,0.10532165903856262,0,1,0,0,0,0
149_1I8L.A,0.0,0.16,0.01968,0,1I8L.A,0.030604437709972294,0.04252282492807977,0.059026458453944525,0,0,0,0,0,0
148_1I8L.A,0.0,0.16,0.01184,0,1I8L.A,0.029261471939523474,0.042070501858552406,0.05774546703583037,0,0,0,0,0,0
147_1I8L.A,0.0,0.15,0.02211,0,1I8L.A,0.02997117378290752,0.041526194387664604,0.05628933440871777,0,0,0,0,0,0
146_1I8L.A,0.0,0.2,0.02179,0,1I8L.A,0.03560871417809671,0.04749894049448315,0.0719078791853988,0,0,0,0,0,0
145_1I8L.A,0.0,0.21,0.04452,0,1I8L.A,0.044550783683799534,0.05031669359147025,0.07875593997549189,0,0,0,0,0,0
144_1I8L.A,0.0,0.12,0.03998,0,1I8L.A,0.036260604393303544,0.039232779145950886,0.04980664712044157,0,0,0,0,0,0
143_1I8L.A,0.0,0.12,0.03418,0,1I8L.A,0.035182568265370744,0.038922578730991884,0.04885897489785712,0,0,0,0,0,0
142_1I8L.A,0.0,0.11,0.03661,0,1I8L.A,0.03493497754927358,0.038006979621801586,0.04612185085263037,0,0,0,0,0,0
141_1I8L.A,0.0,0.0,0.00196,0,1I8L.A,0.011878216457422697,0.026831343702816562,0.005984499971992337,0,0,0,0,0,0
140_1I8L.A,0.0,0.05,0.00705,0,1I8L.A,0.01483834684872973,0.0309888928776451,0.022486994183877132,0,0,0,0,0,0
139_1I8L.A,0.0,0.03,0.00666,0,1I8L.A,0.01483834684872973,0.02932251505470774,0.01615493934022218,0,0,0,0,0,0
138_1I8L.A,0.0,0.14,0.03237,0,1I8L.A,0.03447531248413287,0.04098806796349107,0.05483156786398004,0,0,0,0,0,0
137_1I8L.A,0.0,0.0,0.00321,0,1I8L.A,0.012260284256119898,0.026877870801704323,0.006188739675135538,0,0,0,0,0,0
136_1I8L.A,0.0,0.29,0.04719,0,1I8L.A,0.044702235748731625,0.06248857759713744,0.10426552420650284,0,1,0,0,0,0
135_1I8L.A,0.024,0.04,0.04311,0,1I8L.A,0.02701729772158812,0.03264850577719073,0.02995166004960554,0,0,0,0,0,0
134_1I8L.A,0.0,0.22,0.05566,0,1I8L.A,0.046135491714856806,0.052465522793014405,0.08371029023804125,0,0,0,0,0,0
133_1I8L.A,0.0,0.0,0.00321,0,1I8L.A,0.012260284256119898,0.026877870801704323,0.006188739675135538,0,0,0,0,0,0
132_1I8L.A,0.0,0.03,0.03692,0,1I8L.A,0.02553090440809723,0.03057443514584007,0.021099174073912798,0,0,0,0,0,0
131_1I8L.A,0.0,0.07,0.07612,0,1I8L.A,0.03616232330440404,0.03599087391742987,0.04004079527703214,0,0,0,0,0,0
130_1I8L.A,0.0,0.0,0.04813,0,1I8L.A,0.02623503850369739,0.028602905880294693,0.013528297647289623,0,0,0,0,0,0
129_1I8L.A,0.0,0.14,0.11186,0,1I8L.A,0.05642023953922625,0.045677082036049456,0.0678195790662625,0,0,0,0,0,0
128_1I8L.A,0.0,0.0,0.01552,0,1I8L.A,0.013965210178814675,0.027340279711661815,0.008200092271689786,0,0,0,0,0,0
127_1I8L.A,0.0,0.39,0.12166,0,1I8L.A,0.06346144427883425,0.08948018456153908,0.1477749690423336,0,1,0,1,1,0
126_1I8L.A,0.0,0.0,0.00204,0,1I8L.A,0.012018055346559036,0.026834319089860465,0.005997571312993502,0,0,0,0,0,0
153_1I8L.A,0.0,0.34,0.02516,0,1I8L.A,0.03613863577803085,0.06923292116895897,0.11633683381899276,0,1,0,0,0,0
154_1I8L.A,0.0,0.33,0.05409,0,1I8L.A,0.04644528633727819,0.07007448695981755,0.11792959148040187,0,1,0,0,0,0
155_1I8L.A,0.0,0.36,0.02728,0,1I8L.A,0.03743505166405994,0.07316372725718091,0.12295155641179789,0,1,0,0,0,0
170_1I8L.A,0.0,0.0,0.00447,0,1I8L.A,0.012260284256119898,0.026924849510109566,0.006394613295903885,0,0,0,0,0,0
182_1I8L.A,0.0,0.0,0.0,0,1I8L.A,0.011911687957688459,0.026758546855358632,0.005664252117463797,0,0,0,0,0,0
181_1I8L.A,0.024,0.08,0.07956,0,1I8L.A,0.036721665623797334,0.038273384053372106,0.04844395390580984,0,0,0,0,0,0
180_1I8L.A,0.0,0.0,0.01842,0,1I8L.A,0.015197141762671972,0.027450334639992344,0.008673928382982013,0,0,0,0,0,0
179_1I8L.A,0.035,0.05,0.0537,0,1I8L.A,0.02797123344979486,0.03451050764818918,0.036973485439167515,0,0,0,0,0,0
178_1I8L.A,0.039,0.0,0.01787,0,1I8L.A,0.01714892727549386,0.028794047529851506,0.016232815937183523,0,0,0,0,0,0
177_1I8L.A,0.052,0.08,0.02085,0,1I8L.A,0.019859056979760908,0.03655386208399021,0.04434263595576884,0,0,0,0,0,0
176_1I8L.A,0.0,0.11,0.02124,0,1I8L.A,0.02759995354565405,0.037214621966431854,0.04361051946278156,0,0,0,0,0,0
175_1I8L.A,0.024,0.07,0.06381,0,1I8L.A,0.028446082514973065,0.0364519962305001,0.04273636761806837,0,0,0,0,0,0
174_1I8L.A,0.035,0.05,0.1469,0,1I8L.A,0.043902550514207626,0.03921741616997072,0.05220159770552461,0,0,0,0,0,0
173_1I8L.A,0.0,0.18,0.01873,0,1I8L.A,0.030604437709972294,0.044822880142136895,0.06513956833582996,0,0,0,0,0,0
172_1I8L.A,0.0,0.0,0.01435,0,1I8L.A,0.0136725739971429,0.027295999749771913,0.008008923909547749,0,0,0,0,0,0
171_1I8L.A,0.0,0.07,0.0174,0,1I8L.A,0.017289503582818822,0.03319909786666335,0.03044643098217711,0,0,0,0,0,0
169_1I8L.A,0.0,0.16,0.11021,0,1I8L.A,0.056103137504121985,0.048093508737794534,0.07381831471438774,0,0,0,0,0,0
156_1I8L.A,0.0,0.07,0.04782,0,1I8L.A,0.02766321662961649,0.03461824172187567,0.03541680839787006,0,0,0,0,0,0
168_1I8L.A,0.0,0.0,0.0134,0,1I8L.A,0.0136725739971429,0.02726009721691058,0.007853701735158916,0,0,0,0,0,0
167_1I8L.A,0.0,0.08,0.07972,0,1I8L.A,0.03733411478088956,0.037165882225903564,0.04376317165022169,0,0,0,0,0,0
166_1I8L.A,0.0,0.0,0.02916,0,1I8L.A,0.01706502352633818,0.02786167889377869,0.010428755912388399,0,0,0,0,0,0
165_1I8L.A,0.0,0.03,0.04327,0,1I8L.A,0.027129191011654605,0.03084364500643218,0.022136711765880262,0,0,0,0,0,0
164_1I8L.A,0.0,0.0,0.04907,0,1I8L.A,0.02623503850369739,0.028640128630341263,0.013681885904053311,0,0,0,0,0,0
163_1I8L.A,0.0,0.0,0.01693,0,1I8L.A,0.015197141762671972,0.027393735509854647,0.008430474656835317,0,0,0,0,0,0
162_1I8L.A,0.0,0.02,0.03222,0,1I8L.A,0.021011801926724683,0.029556439039737516,0.017197066761957227,0,0,0,0,0,0
161_1I8L.A,0.0,0.02,0.01536,0,1I8L.A,0.015161685566386187,0.02887538727769766,0.014442281645961726,0,0,0,0,0,0
160_1I8L.A,0.0,0.03,0.04123,0,1I8L.A,0.026500738654455618,0.030756909418598318,0.021803392570350556,0,0,0,0,0,0
159_1I8L.A,0.0,0.03,0.03731,0,1I8L.A,0.02553090440809723,0.03059090350369878,0.021162896861293478,0,0,0,0,0,0
158_1I8L.A,0.0,0.03,0.04202,0,1I8L.A,0.027129191011654605,0.03079047014453262,0.02193247206273706,0,0,0,0,0,0
157_1I8L.A,0.0,0.03,0.05409,0,1I8L.A,0.02854532695173677,0.031307656861758695,0.023904610636287814,0,0,0,0,0,0
119_1HSS.A,0.0,0.12,0.0285,0,1HSS.A,0.029210919254033435,0.03862107788588275,0.04793090968677441,0,0,0,0,0,0
118_1HSS.A,0.0,0.0,0.00631,0,1HSS.A,0.012949580032353771,0.026993596793037956,0.006695254138930678,0,0,0,0,0,0
117_1HSS.A,0.016,0.26,0.1283,0,1HSS.A,0.059890857672371844,0.06556624777993038,0.11125368193804115,0,0,0,0,0,0
344_1EG9.A,0.0,0.0,0.0,0,1EG9.A,0.011911687957688459,0.026758546855358632,0.005664252117463797,0,0,0,0,0,0
383_1EG9.A,0.0,0.57,0.19048,0,1EG9.A,0.14818042039618012,0.15263845335181297,0.2154345786450541,0,0,0,0,0,0
382_1EG9.A,0.0,0.82,0.25897,0,1EG9.A,0.3073107681475455,0.28678366539397177,0.3049794311631047,0,0,1,0,0,1
381_1EG9.A,0.0,0.67,0.18557,0,1EG9.A,0.1859991451707288,0.19172053367978734,0.245973985372479,0,0,0,0,0,0
380_1EG9.A,0.0,0.34,0.06503,0,1EG9.A,0.047066080817684396,0.07298295808274963,0.12285126339044831,0,0,0,0,0,0
379_1EG9.A,0.0,0.66,0.05676,0,1EG9.A,0.08048345522616707,0.16103458452681693,0.22179332641484123,0,0,0,0,0,0
378_1EG9.A,0.0,0.51,0.15681,0,1EG9.A,0.08341633650600871,0.12660464968205157,0.19112818183236602,0,0,0,0,0,0
377_1EG9.A,0.0,0.57,0.1824,0,1EG9.A,0.1369497147772974,0.15115591417821367,0.21411437320393645,0,0,0,0,0,0
376_1EG9.A,0.0,0.62,0.08129,0,1EG9.A,0.07277936513234622,0.1507815660997961,0.21326466223677484,0,0,0,0,0,0
375_1EG9.A,0.0,0.44,0.09851,0,1EG9.A,0.06438310220445605,0.09868862585700233,0.15966327988080717,0,0,0,0,0,0
374_1EG9.A,0.0,0.21,0.01433,0,1EG9.A,0.0341017516668317,0.04830125074075452,0.0738231426651773,0,0,0,0,0,0
373_1EG9.A,0.0,0.0,0.00106,0,1EG9.A,0.011848029093358583,0.02679789269710808,0.005837447385729232,0,0,0,0,0,0
372_1EG9.A,0.0,0.25,0.2178,0,1EG9.A,0.13744012596666258,0.07056003918156357,0.11960512869656359,0,0,0,0,0,0
371_1EG9.A,0.0,0.19,0.01491,0,1EG9.A,0.03160110721532089,0.04580822954379577,0.06764957783116146,0,0,0,0,0,0
370_1EG9.A,0.0,0.0,0.00135,0,1EG9.A,0.011848029093358583,0.0268086669235623,0.005884830996858455,0,0,0,0,0,0
369_1EG9.A,0.0,0.66,0.13939,0,1EG9.A,0.11874542055466102,0.17757548026837228,0.2352943877514194,0,0,0,0,0,0
368_1EG9.A,0.0,0.92,0.23194,0,1EG9.A,0.39185360799252655,0.3390847047950963,0.3319046121037076,0,1,1,1,1,1
366_1EG9.A,0.0,0.0,0.04387,0,1EG9.A,0.026105880259911896,0.028434803306484523,0.012832248738977592,0,0,0,0,0,0
365_1EG9.A,0.0,0.77,0.37143,0,1EG9.A,0.3031767864485444,0.29070338357967584,0.30768363863480663,0,0,1,0,0,1
362_1EG9.A,0.0,0.0,0.01414,0,1EG9.A,0.0136725739971429,0.027288059445767798,0.00797461163941969,0,0,0,0,0,0
359_1EG9.A,0.0,0.0,0.00221,0,1EG9.A,0.012099895023662594,0.02684064285268566,0.006025347912620977,0,0,0,0,0,0
358_1EG9.A,0.0,0.0,0.00144,0,1EG9.A,0.011848029093358583,0.02681201150545698,0.005899536255484766,0,0,0,0,0,0
356_1EG9.A,0.0,0.0,0.02434,0,1EG9.A,0.016190783381551558,0.027676336476470883,0.009641207617068215,0,0,0,0,0,0
353_1EG9.A,0.0,0.0,0.00491,0,1EG9.A,0.012260284256119898,0.026941273574316398,0.006466505671410292,0,0,0,0,0,0
352_1EG9.A,0.0,0.0,0.0001,0,1EG9.A,0.011911687957688459,0.026762256325905186,0.005680591293715253,0,0,0,0,0,0
351_1EG9.A,0.0,0.0,0.00115,0,1EG9.A,0.011848029093358583,0.026801235971855034,0.005852152644355542,0,0,0,0,0,0
348_1EG9.A,0.0,0.0,0.0,0,1EG9.A,0.011911687957688459,0.026758546855358632,0.005664252117463797,0,0,0,0,0,0
347_1EG9.A,0.0,0.0,0.00125,0,1EG9.A,0.011848029093358583,0.026804951197297235,0.005868491820606999,0,0,0,0,0,0
384_1EG9.A,0.0,0.88,0.66878,0,1EG9.A,0.3655048340041814,0.4605672765459822,0.3907440055280199,0,0,1,1,1,1
385_1EG9.A,0.0,0.0,0.04714,0,1EG9.A,0.02623503850369739,0.02856375396313369,0.013366539802400209,0,0,0,0,0,0
386_1EG9.A,0.0,0.75,0.56681,0,1EG9.A,0.3000146597585889,0.3384682309351746,0.33333878913862736,0,0,1,1,1,1
401_1EG9.A,0.0,0.0,0.03223,0,1EG9.A,0.019815326539153175,0.02798035685310183,0.010930368623308102,0,0,0,0,0,0
413_1EG9.A,0.0,0.0,0.17566,0,1EG9.A,0.06273018701995894,0.03410579970257481,0.0343656491207716,0,0,0,0,0,0
412_1EG9.A,0.0,0.0,0.0,0,1EG9.A,0.011911687957688459,0.026758546855358632,0.005664252117463797,0,0,0,0,0,0
411_1EG9.A,0.0,0.0,0.00115,0,1EG9.A,0.011848029093358583,0.026801235971855034,0.005852152644355542,0,0,0,0,0,0
410_1EG9.A,0.376,0.0,0.46215,0,1EG9.A,0.22249911919365517,0.07915300099686251,0.15491757918581894,1,0,1,0,0,0
409_1EG9.A,0.0,0.0,0.05426,0,1EG9.A,0.027100222101277972,0.02884649356028457,0.014529889151503883,0,0,0,0,0,0
408_1EG9.A,0.39,0.45,0.29283,0,1EG9.A,0.2576850657247505,0.19665527575223785,0.271035263436619,1,0,1,0,0,0
407_1EG9.A,0.0,0.0,0.01924,0,1EG9.A,0.015583791776891611,0.027481531617430797,0.008807909628243953,0,0,0,0,0,0
406_1EG9.A,0.0,0.56,0.07484,0,1EG9.A,0.06967136596022336,0.12932066529985262,0.19340578919973314,0,0,0,0,0,0
405_1EG9.A,0.0,0.62,0.0252,0,1EG9.A,0.05265018646158311,0.1408348954534544,0.20410001827733312,0,0,0,0,0,0
404_1EG9.A,0.0,0.0,0.00462,0,1EG9.A,0.012260284256119898,0.026930447528884273,0.006419122060281069,0,0,0,0,0,0
403_1EG9.A,0.0,0.0,0.00019,0,1EG9.A,0.011911687957688459,0.026765595276974134,0.005695296552341564,0,0,0,0,0,0
402_1EG9.A,0.0,0.0,0.0001,0,1EG9.A,0.011911687957688459,0.026762256325905186,0.005680591293715253,0,0,0,0,0,0
400_1EG9.A,0.031,0.24,0.07302,0,1EG9.A,0.04915467364098155,0.05880980795982958,0.09889488133595599,0,0,0,0,0,0
387_1EG9.A,0.376,0.8,0.6153,0,1EG9.A,0.42378079651509615,0.5054137331669294,0.43067430986589483,1,0,1,1,1,1
399_1EG9.A,0.031,0.63,0.0405,0,1EG9.A,0.06079127023792833,0.1520445700724719,0.21581385631633074,0,0,0,0,0,0
398_1EG9.A,0.031,0.99,0.06243,0,1EG9.A,0.23664230052950308,0.33814465761322227,0.3322270146812119,0,1,0,1,1,0
397_1EG9.A,0.031,0.95,0.08158,0,1EG9.A,0.21336687131589996,0.31926104222086615,0.3228193028208172,0,1,0,0,0,0
396_1EG9.A,0.031,0.34,0.06705,0,1EG9.A,0.044503320200719336,0.07591708285640439,0.12926109279511544,0,0,0,0,0,0
395_1EG9.A,0.031,0.32,0.08841,0,1EG9.A,0.050445456595557256,0.07411218808687531,0.12648280878615217,0,0,0,0,0,0
394_1EG9.A,0.031,0.32,0.09889,0,1EG9.A,0.051688565255268604,0.07514297844559795,0.12819515445730478,0,0,0,0,0,0
393_1EG9.A,0.0,0.45,0.00856,0,1EG9.A,0.0409326217885404,0.09015217032778518,0.14810035687075954,0,0,0,0,0,0
392_1EG9.A,0.0,0.0,0.00298,0,1EG9.A,0.012099895023662594,0.026869303929909993,0.006151159569757189,0,0,0,0,0,0
391_1EG9.A,0.0,0.5,0.15103,0,1EG9.A,0.08101771438542707,0.1226286713761799,0.18704961141689472,0,0,0,0,0,0
390_1EG9.A,0.0,0.0,0.06138,0,1EG9.A,0.02745692332455934,0.029131947938769637,0.015693238500607557,0,0,0,0,0,0
389_1EG9.A,0.0,0.61,0.16883,0,1EG9.A,0.10263136926988622,0.16355389491526517,0.2244338110991624,0,0,0,0,0,0
388_1EG9.A,0.0,0.99,0.19481,0,1EG9.A,0.42324339982850345,0.3722131371288296,0.3477770381585018,0,1,0,1,1,1
345_1EG9.A,0.0,0.0,0.00279,0,1EG9.A,0.012099895023662594,0.026862228951572274,0.0061201151348794225,0,0,0,0,0,0
343_1EG9.A,0.0,0.88,0.00356,0,1EG9.A,0.17607766867654845,0.24870559573845424,0.28205253726808355,0,0,0,0,0,0
116_1HSS.A,0.0,0.95,0.08657,0,1HSS.A,0.2592652805024242,0.3122177474967342,0.31755484967137715,0,1,0,1,1,1
342_1EG9.A,0.0,0.16,0.01058,0,1EG9.A,0.028987129485088272,0.04199823745208657,0.05753959341506202,0,0,0,0,0,0
311_1EG9.A,0.0,0.0,0.0,0,1EG9.A,0.011911687957688459,0.026758546855358632,0.005664252117463797,0,0,0,0,0,0
310_1EG9.A,0.0,0.0,0.0,0,1EG9.A,0.011911687957688459,0.026758546855358632,0.005664252117463797,0,0,0,0,0,0
309_1EG9.A,0.0,0.0,0.0,0,1EG9.A,0.011911687957688459,0.026758546855358632,0.005664252117463797,0,0,0,0,0,0
308_1EG9.A,0.0,0.0,0.0,0,1EG9.A,0.011911687957688459,0.026758546855358632,0.005664252117463797,0,0,0,0,0,0
307_1EG9.A,0.0,0.0,0.0,0,1EG9.A,0.011911687957688459,0.026758546855358632,0.005664252117463797,0,0,0,0,0,0
306_1EG9.A,0.0,0.0,0.0,0,1EG9.A,0.011911687957688459,0.026758546855358632,0.005664252117463797,0,0,0,0,0,0
305_1EG9.A,0.0,0.0,0.0,0,1EG9.A,0.011911687957688459,0.026758546855358632,0.005664252117463797,0,0,0,0,0,0
304_1EG9.A,0.0,0.0,0.0,0,1EG9.A,0.011911687957688459,0.026758546855358632,0.005664252117463797,0,0,0,0,0,0
303_1EG9.A,0.0,0.0,0.0,0,1EG9.A,0.011911687957688459,0.026758546855358632,0.005664252117463797,0,0,0,0,0,0
302_1EG9.A,0.0,0.0,0.0,0,1EG9.A,0.011911687957688459,0.026758546855358632,0.005664252117463797,0,0,0,0,0,0
301_1EG9.A,0.0,0.0,0.0,0,1EG9.A,0.011911687957688459,0.026758546855358632,0.005664252117463797,0,0,0,0,0,0
300_1EG9.A,0.0,0.0,0.0,0,1EG9.A,0.011911687957688459,0.026758546855358632,0.005664252117463797,0,0,0,0,0,0
299_1EG9.A,0.0,0.0,0.0,0,1EG9.A,0.011911687957688459,0.026758546855358632,0.005664252117463797,0,0,0,0,0,0
298_1EG9.A,0.0,0.0,0.0,0,1EG9.A,0.011911687957688459,0.026758546855358632,0.005664252117463797,0,0,0,0,0,0
297_1EG9.A,0.0,0.0,0.0,0,1EG9.A,0.011911687957688459,0.026758546855358632,0.005664252117463797,0,0,0,0,0,0
296_1EG9.A,0.0,0.0,0.0,0,1EG9.A,0.011911687957688459,0.026758546855358632,0.005664252117463797,0,0,0,0,0,0
295_1EG9.A,0.0,0.0,0.00029,0,1EG9.A,0.011848029093358583,0.02676930569775022,0.00571163572859302,0,0,0,0,0,0
294_1EG9.A,0.0,0.0,0.0001,0,1EG9.A,0.011911687957688459,0.026762256325905186,0.005680591293715253,0,0,0,0,0,0
293_1EG9.A,0.0,0.0,0.01376,0,1EG9.A,0.0136725739971429,0.027273696982948722,0.007912522769664157,0,0,0,0,0,0
292_1EG9.A,0.0,0.0,0.0,0,1EG9.A,0.011911687957688459,0.026758546855358632,0.005664252117463797,0,0,0,0,0,0
291_1EG9.A,0.0,0.0,0.0001,0,1EG9.A,0.011911687957688459,0.026762256325905186,0.005680591293715253,0,0,0,0,0,0
290_1EG9.A,0.0,0.67,0.01991,0,1EG9.A,0.06714410358747179,0.1577829246018171,0.2189065059943168,0,0,0,0,0,0
289_1EG9.A,0.0,0.0,0.00038,0,1EG9.A,0.011848029093358583,0.026772645504128886,0.0057263409872193305,0,0,0,0,0,0
288_1EG9.A,0.0,0.56,0.06003,0,1EG9.A,0.06259803482138336,0.12696408510901816,0.1909859571968925,0,0,0,0,0,0
287_1EG9.A,0.0,0.97,0.02261,0,1EG9.A,0.2563163978806685,0.3048233936562432,0.31337264459722014,0,1,0,0,0,0
286_1EG9.A,0.0,0.95,0.02328,0,1EG9.A,0.24578489871138465,0.29319539643989767,0.3072137850218306,0,1,0,0,0,0
285_1EG9.A,0.0,0.74,0.02857,0,1EG9.A,0.13175577383595752,0.18771025496098842,0.24226064085465282,0,0,0,0,0,0
312_1EG9.A,0.0,0.0,0.0,0,1EG9.A,0.011911687957688459,0.026758546855358632,0.005664252117463797,0,0,0,0,0,0
313_1EG9.A,0.0,0.0,0.0,0,1EG9.A,0.011911687957688459,0.026758546855358632,0.005664252117463797,0,0,0,0,0,0
314_1EG9.A,0.0,0.0,0.0,0,1EG9.A,0.011911687957688459,0.026758546855358632,0.005664252117463797,0,0,0,0,0,0
329_1EG9.A,0.0,0.0,0.00164,0,1EG9.A,0.011848029093358583,0.02681944536247167,0.0059322146079876775,0,0,0,0,0,0
341_1EG9.A,0.0,0.0,0.00202,0,1EG9.A,0.011878216457422697,0.026833575213021234,0.005994303477743211,0,0,0,0,0,0
340_1EG9.A,0.0,0.0,0.00058,0,1EG9.A,0.011848029093358583,0.02678006874693212,0.005759019339722242,0,0,0,0,0,0
339_1EG9.A,0.0,0.55,0.00221,0,1EG9.A,0.04518952459604523,0.11520497702613693,0.1784044794601634,0,0,0,0,0,0
338_1EG9.A,0.0,0.45,0.00423,0,1EG9.A,0.041036722296763466,0.08964758494955545,0.14739287053907146,0,0,0,0,0,0
337_1EG9.A,0.0,0.51,0.00192,0,1EG9.A,0.043952208165940705,0.10415120361157115,0.16582043173648564,0,0,0,0,0,0
336_1EG9.A,0.0,0.0,0.00115,0,1EG9.A,0.011848029093358583,0.026801235971855034,0.005852152644355542,0,0,0,0,0,0
335_1EG9.A,0.0,0.53,0.00279,0,1EG9.A,0.04455980397073004,0.10965666751441663,0.1722309146261476,0,0,0,0,0,0
334_1EG9.A,0.0,0.39,0.00404,0,1EG9.A,0.03742689895640021,0.0767374438103151,0.1285568299353709,0,0,0,0,0,0
333_1EG9.A,0.0,0.0,0.0,0,1EG9.A,0.011911687957688459,0.026758546855358632,0.005664252117463797,0,0,0,0,0,0
332_1EG9.A,0.0,0.0,0.0,0,1EG9.A,0.011911687957688459,0.026758546855358632,0.005664252117463797,0,0,0,0,0,0
331_1EG9.A,0.0,0.0,0.0,0,1EG9.A,0.011911687957688459,0.026758546855358632,0.005664252117463797,0,0,0,0,0,0
330_1EG9.A,0.0,0.0,0.00038,0,1EG9.A,0.011848029093358583,0.026772645504128886,0.0057263409872193305,0,0,0,0,0,0
328_1EG9.A,0.0,0.0,0.00019,0,1EG9.A,0.011911687957688459,0.026765595276974134,0.005695296552341564,0,0,0,0,0,0
315_1EG9.A,0.0,0.0,0.0,0,1EG9.A,0.011911687957688459,0.026758546855358632,0.005664252117463797,0,0,0,0,0,0
327_1EG9.A,0.0,0.0,0.00173,0,1EG9.A,0.011878216457422697,0.026822791251995347,0.005946919866613988,0,0,0,0,0,0
326_1EG9.A,0.0,0.0,0.0001,0,1EG9.A,0.011911687957688459,0.026762256325905186,0.005680591293715253,0,0,0,0,0,0
325_1EG9.A,0.0,0.16,0.01279,0,1EG9.A,0.029261471939523474,0.04212506551775946,0.0579006892102192,0,0,0,0,0,0
324_1EG9.A,0.0,0.0,0.0001,0,1EG9.A,0.011911687957688459,0.026762256325905186,0.005680591293715253,0,0,0,0,0,0
323_1EG9.A,0.0,0.0,0.00943,0,1EG9.A,0.013047041457815734,0.027110558496924415,0.007205036437976108,0,0,0,0,0,0
322_1EG9.A,0.0,0.0,0.00183,0,1EG9.A,0.011878216457422697,0.02682650938309537,0.005963259042865444,0,0,0,0,0,0
321_1EG9.A,0.0,0.0,0.00038,0,1EG9.A,0.011848029093358583,0.026772645504128886,0.0057263409872193305,0,0,0,0,0,0
320_1EG9.A,0.0,0.18,0.02165,0,1EG9.A,0.030604437709972294,0.04500127747057917,0.06561667228237247,0,0,0,0,0,0
319_1EG9.A,0.0,0.64,0.02665,0,1EG9.A,0.06770563168817006,0.14806337823256333,0.2106052683892535,0,0,0,0,0,0
318_1EG9.A,0.0,0.0,0.00192,0,1EG9.A,0.011878216457422697,0.026829856129602522,0.005977964301491755,0,0,0,0,0,0
317_1EG9.A,0.0,0.0,0.00048,0,1EG9.A,0.011848029093358583,0.026776356875363727,0.005742680163470786,0,0,0,0,0,0
316_1EG9.A,0.0,0.0,0.0,0,1EG9.A,0.011911687957688459,0.026758546855358632,0.005664252117463797,0,0,0,0,0,0
414_1EG9.A,0.0,0.0,0.00067,0,1EG9.A,0.011848029093358583,0.026783409859181376,0.005773724598348553,0,0,0,0,0,0
415_1EG9.A,0.0,0.0,0.0,0,1EG9.A,0.011911687957688459,0.026758546855358632,0.005664252117463797,0,0,0,0,0,0
416_1EG9.A,0.0,0.0,0.0,0,1EG9.A,0.011911687957688459,0.026758546855358632,0.005664252117463797,0,0,0,0,0,0
417_1EG9.A,0.0,0.0,0.0051,0,1EG9.A,0.01272638021532879,0.02694836879492113,0.006497550106288059,0,0,0,0,0,0
66_1HSS.A,0.0,0.15,0.22892,0,1HSS.A,0.1206563251704452,0.05496841249646909,0.09008038481435415,0,0,1,0,0,0
65_1HSS.A,0.0,0.07,0.06816,0,1HSS.A,0.0294738273131586,0.035599580243445644,0.03874019684741623,0,0,0,0,0,0
64_1HSS.A,0.0,0.0,0.01375,0,1HSS.A,0.0136725739971429,0.02727331912263838,0.007910888852039012,0,0,0,0,0,0
63_1HSS.A,0.0,0.27,0.10274,0,1HSS.A,0.056929811410485615,0.06383073053322905,0.10707360455791247,0,0,0,0,0,0
62_1HSS.A,0.0,0.29,0.27011,0,1HSS.A,0.1422404199317963,0.0838814238710933,0.14068881590624882,0,0,1,0,0,0
61_1HSS.A,0.0,0.0,0.00053,0,1HSS.A,0.011848029093358583,0.026778212748602266,0.005750849751596515,0,0,0,0,0,0
60_1HSS.A,0.0,0.0,0.00513,0,1HSS.A,0.01272638021532879,0.026949489258981097,0.006502451859163496,0,0,0,0,0,0
59_1HSS.A,0.027,0.33,0.18023,0,1HSS.A,0.10220321995722166,0.0853875436899108,0.1438351189587779,0,0,0,0,0,0
58_1HSS.A,0.193,0.85,0.30941,0,1HSS.A,0.3688730363837023,0.37581686193694175,0.36047493112187406,1,1,1,1,1,1
57_1HSS.A,0.0,0.0,0.00065,0,1HSS.A,0.011848029093358583,0.026782667354762483,0.005770456763098262,0,0,0,0,0,0
56_1HSS.A,0.0,0.0,0.01139,0,1HSS.A,0.01338446577356709,0.02718428624615052,0.007525284292504648,0,0,0,0,0,0
55_1HSS.A,0.145,0.97,0.14099,0,1HSS.A,0.29970315666228226,0.384594803772843,0.36115263294163635,1,1,0,1,1,1
54_1HSS.A,0.091,0.0,0.05418,0,1HSS.A,0.03585460521181087,0.03229404613657404,0.032363908198866594,1,0,0,0,0,0
53_1HSS.A,0.04,0.0,0.08321,0,1HSS.A,0.036219927190515123,0.03155298457289424,0.02710495557228455,0,0,0,0,0,0
52_1HSS.A,0.371,0.0,0.33449,0,1HSS.A,0.2194289229644015,0.06647503936224088,0.1330783774212121,1,0,1,0,0,0
51_1HSS.A,0.371,0.59,0.64048,0,1HSS.A,0.3603343325516461,0.36784749922972365,0.36799041849313363,1,0,1,1,1,1
50_1HSS.A,0.027,0.84,0.29956,0,1HSS.A,0.26920913400990854,0.31816370832994356,0.32317512541463433,0,1,1,1,1,1
49_1HSS.A,0.091,0.28,0.37999,0,1HSS.A,0.15213971579757063,0.10471557995937004,0.17335522713157556,1,0,1,0,0,0
48_1HSS.A,0.027,0.0,0.14535,0,1HSS.A,0.042740999515800515,0.03382410863523736,0.03470853535374453,0,0,0,0,0,0
47_1HSS.A,0.016,0.3,0.21121,0,1HSS.A,0.13189621541535215,0.08121742555817253,0.13733715708067196,0,0,0,0,0,0
46_1HSS.A,0.0,0.62,0.10121,0,1HSS.A,0.07666167975481857,0.15445059855217333,0.2165194261460649,0,0,0,0,0,0
45_1HSS.A,0.0,0.0,0.00224,0,1HSS.A,0.012099895023662594,0.026841758961252418,0.006030249665496414,0,0,0,0,0,0
44_1HSS.A,0.0,0.1,0.04391,0,1HSS.A,0.03629452906821512,0.03736075190949011,0.04418044469084953,0,0,0,0,0,0
43_1HSS.A,0.0,0.34,0.06533,0,1HSS.A,0.047066080817684396,0.07301187215132707,0.12290028091920269,0,0,0,0,0,0
42_1HSS.A,0.016,0.4,0.02662,0,1HSS.A,0.039263828741412474,0.0826669672006566,0.1385183319194805,0,0,0,0,0,0
41_1HSS.A,0.0,0.0,0.00165,0,1HSS.A,0.011848029093358583,0.026819817107930615,0.005933848525612823,0,0,0,0,0,0
40_1HSS.A,0.0,0.1,0.03435,0,1HSS.A,0.03325256424258328,0.03687411761774374,0.04261841944121033,0,0,0,0,0,0
67_1HSS.A,0.0,0.17,0.08085,0,1HSS.A,0.04949850382769983,0.04747473767140913,0.07215529859509737,0,0,0,0,0,0
68_1HSS.A,0.0,0.98,0.09431,0,1HSS.A,0.2946322947779107,0.3331230636524736,0.32822199999765134,0,1,0,1,1,1
78_1HSS.A,0.0,0.64,0.07778,0,1HSS.A,0.08488333781222644,0.15748681253879737,0.21895948920662303,0,0,0,0,0,0
96_1HSS.A,0.0,0.0,0.0023,0,1HSS.A,0.012099895023662594,0.0268439913137799,0.006040053171247288,0,0,0,0,0,0
115_1HSS.A,0.0,0.0,0.01517,0,1HSS.A,0.013965210178814675,0.02732702625589225,0.008142905154809688,0,0,0,0,0,0
112_1HSS.A,0.148,0.89,0.14671,0,1HSS.A,0.2494477454533069,0.3354037965538519,0.3376022712153214,1,1,0,1,1,1
109_1HSS.A,0.069,0.55,0.27241,0,1HSS.A,0.18477334240258073,0.17287104106156342,0.23608534288717045,0,0,1,0,0,0
107_1HSS.A,0.042,0.92,0.45831,0,1HSS.A,0.33139321252867765,0.42772006918917255,0.37712872402491204,0,1,1,1,1,1
105_1HSS.A,0.193,0.56,0.09118,0,1HSS.A,0.16765105116295076,0.1629437592274889,0.23392713197234447,1,0,0,0,0,0
104_1HSS.A,0.103,0.0,0.16618,0,1HSS.A,0.05917511225768807,0.03823005319999546,0.05301724806929267,1,0,0,0,0,0
103_1HSS.A,0.0,0.0,0.05949,0,1HSS.A,0.02745692332455934,0.02905590819017208,0.015384428069455038,0,0,0,0,0,0
102_1HSS.A,0.061,0.88,0.15279,0,1HSS.A,0.20268044859829082,0.30685930326886246,0.3183989242045073,0,1,0,1,1,0
101_1HSS.A,0.027,0.56,0.05819,0,1HSS.A,0.05929057962035765,0.13054960351133077,0.195980606908655,0,0,0,0,0,0
99_1HSS.A,0.024,0.0,0.0409,0,1HSS.A,0.02469958377118566,0.029176464634211082,0.017053900141899822,0,0,0,0,0,0
98_1HSS.A,0.088,0.83,0.11608,0,1HSS.A,0.1502821943144024,0.27415673503690124,0.30202527301670135,1,1,0,0,0,0
97_1HSS.A,0.13,0.96,0.1303,0,1HSS.A,0.2814754285804735,0.36987614427884874,0.35332998088622447,1,1,0,1,1,1
95_1HSS.A,0.0,0.0,0.00749,0,1HSS.A,0.012949580032353771,0.027037774510852316,0.006888056418697859,0,0,0,0,0,0
79_1HSS.A,0.0,0.0,0.05654,0,1HSS.A,0.02745692332455934,0.028937606465621258,0.014902422370037083,0,0,0,0,0,0
93_1HSS.A,0.0,0.0,0.02372,0,1HSS.A,0.015768783768895903,0.02765258287059384,0.009539904724309187,0,0,0,0,0,0
92_1HSS.A,0.0,0.0,0.00024,0,1HSS.A,0.011848029093358583,0.026767450424839537,0.005703466140467292,0,0,0,0,0,0
91_1HSS.A,0.088,0.4,0.0694,0,1HSS.A,0.057591207349266316,0.0950486577317782,0.15962900633262483,0,0,0,0,0,0
89_1HSS.A,0.0,0.0,0.01629,0,1HSS.A,0.015145110712394348,0.02736945930800406,0.008325903928825998,0,0,0,0,0,0
88_1HSS.A,0.0,0.0,0.01351,0,1HSS.A,0.0136725739971429,0.027264252001515447,0.007871674829035518,0,0,0,0,0,0
87_1HSS.A,0.0,0.22,0.06438,0,1HSS.A,0.04639958497198163,0.05308639197482194,0.08513506640716823,0,0,0,0,0,0
86_1HSS.A,0.0,0.15,0.06315,0,1HSS.A,0.04202497697695885,0.04391609455076091,0.06299493234231536,0,0,0,0,0,0
85_1HSS.A,0.0,0.52,0.07926,0,1HSS.A,0.0666261106794457,0.1177870538628751,0.18159131667749895,0,0,0,0,0,0
83_1HSS.A,0.0,0.52,0.06143,0,1HSS.A,0.059358200063562766,0.11517366730026135,0.17867804155186434,0,0,0,0,0,0
82_1HSS.A,0.0,0.55,0.0946,0,1HSS.A,0.07162458021098202,0.12931234315139298,0.19350024439888372,0,0,0,0,0,0
81_1HSS.A,0.0,0.59,0.06073,0,1HSS.A,0.0659959095190003,0.13676514918756388,0.20050282951506407,0,0,0,0,0,0
80_1HSS.A,0.0,0.0,0.0563,0,1HSS.A,0.02745692332455934,0.02892800250029258,0.014863208347033589,0,0,0,0,0,0
39_1HSS.A,0.0,0.58,0.04119,0,1HSS.A,0.06030469086262652,0.1302817127683552,0.1941759884473924,0,0,0,0,0,0
37_1HSS.A,0.0,0.17,0.0288,0,1HSS.A,0.03141571701144106,0.044232562938394226,0.06365075735621446,0,0,0,0,0,0
36_1HSS.A,0.0,0.06,0.02243,0,1HSS.A,0.017657550585271863,0.03252993828235106,0.028134125519488212,0,0,0,0,0,0
431_1EG9.A,0.0,0.72,0.00866,0,1EG9.A,0.11679912306388893,0.1751222163993448,0.23273917880671363,0,0,0,0,0,0
443_1EG9.A,0.0,0.0,0.0,0,1EG9.A,0.011911687957688459,0.026758546855358632,0.005664252117463797,0,0,0,0,0,0
442_1EG9.A,0.0,0.02,0.00058,0,1EG9.A,0.013044504480930095,0.02829090023029678,0.012027351395996512,0,0,0,0,0,0
441_1EG9.A,0.0,0.01,0.02848,0,1EG9.A,0.016360771234268573,0.028609313340163537,0.013451815542015633,0,0,0,0,0,0
440_1EG9.A,0.0,0.01,0.07484,0,1EG9.A,0.033773632131264456,0.030502590631742304,0.021026657652190688,0,0,0,0,0,0
439_1EG9.A,0.0,0.0,0.06243,0,1EG9.A,0.02745692332455934,0.029174275613977906,0.01586479985124785,0,0,0,0,0,0
438_1EG9.A,0.0,0.02,0.02713,0,1EG9.A,0.01777653845793618,0.029349205929783136,0.01636540269075811,0,0,0,0,0,0
437_1EG9.A,0.0,0.04,0.04541,0,1EG9.A,0.027409302747348877,0.031792091559217785,0.025620536165798558,0,0,0,0,0,0
436_1EG9.A,0.0,0.0,0.01453,0,1EG9.A,0.0136725739971429,0.027302807511941633,0.00803833442680037,0,0,0,0,0,0
435_1EG9.A,0.0,0.05,0.00058,0,1EG9.A,0.013736795909734542,0.030713366881486296,0.021429849480407923,0,0,0,0,0,0
434_1EG9.A,0.0,0.32,0.01029,0,1EG9.A,0.033789400321537676,0.06439558193761316,0.10763886625412696,0,0,0,0,0,0
433_1EG9.A,0.0,0.24,0.03367,0,1EG9.A,0.041470809967308876,0.05372822308896623,0.08638563743662031,0,0,0,0,0,0
432_1EG9.A,0.0,0.0,0.00048,0,1EG9.A,0.011848029093358583,0.026776356875363727,0.005742680163470786,0,0,0,0,0,0
430_1EG9.A,0.0,0.52,0.00818,0,1EG9.A,0.04461609269496428,0.10766722706440618,0.16997743019796396,0,0,0,0,0,0
445_1EG9.A,0.0,0.03,0.01289,0,1EG9.A,0.015561340813518858,0.02957613214324501,0.017172870020687896,0,0,0,0,0,0
429_1EG9.A,0.0,0.0,0.00606,0,1EG9.A,0.01272638021532879,0.0269842461204752,0.006654406198302038,0,0,0,0,0,0
428_1EG9.A,0.0,0.21,0.01106,0,1EG9.A,0.0338274092123965,0.048087606257284074,0.07328885160175468,0,0,0,0,0,0
427_1EG9.A,0.0,0.2,0.01837,0,1EG9.A,0.03563079940134656,0.04727904417334996,0.071349079357599,0,0,0,0,0,0
426_1EG9.A,0.0,0.0,0.00289,0,1EG9.A,0.012099895023662594,0.02686595239854266,0.006136454311130879,0,0,0,0,0,0
425_1EG9.A,0.031,0.29,0.00202,0,1EG9.A,0.03103734247793348,0.06106131446250342,0.10296489633810782,0,0,0,0,0,0
424_1EG9.A,0.0,0.0,0.00096,0,1EG9.A,0.011848029093358583,0.02679417842305423,0.005821108209477776,0,0,0,0,0,0
423_1EG9.A,0.0,0.0,0.0,0,1EG9.A,0.011911687957688459,0.026758546855358632,0.005664252117463797,0,0,0,0,0,0
422_1EG9.A,0.0,0.0,0.00029,0,1EG9.A,0.011848029093358583,0.02676930569775022,0.00571163572859302,0,0,0,0,0,0
421_1EG9.A,0.0,0.0,0.00058,0,1EG9.A,0.011848029093358583,0.02678006874693212,0.005759019339722242,0,0,0,0,0,0
420_1EG9.A,0.0,0.0,0.0,0,1EG9.A,0.011911687957688459,0.026758546855358632,0.005664252117463797,0,0,0,0,0,0
419_1EG9.A,0.0,0.0,0.0,0,1EG9.A,0.011911687957688459,0.026758546855358632,0.005664252117463797,0,0,0,0,0,0
418_1EG9.A,0.0,0.0,0.00038,0,1EG9.A,0.011848029093358583,0.026772645504128886,0.0057263409872193305,0,0,0,0,0,0
444_1EG9.A,0.0,0.02,0.00972,0,1EG9.A,0.014476005186460868,0.02865097915159526,0.013520752105379601,0,0,0,0,0,0
446_1EG9.A,0.0,0.06,0.0962,0,1EG9.A,0.03755021933275975,0.036004125131819116,0.04018753584018739,0,0,0,0,0,0
34_1HSS.A,0.0,0.37,0.03505,0,1HSS.A,0.04436617811930443,0.07587273175076073,0.12735527643467318,0,0,0,0,0,0
18_1HSS.A,0.0,0.07,0.04668,0,1HSS.A,0.02766321662961649,0.034564019122275774,0.035230541788603464,0,0,0,0,0,0
33_1HSS.A,0.0,0.31,0.0661,0,1HSS.A,0.04812961598145521,0.06755451057045189,0.11362359449192748,0,0,0,0,0,0
32_1HSS.A,0.0,0.58,0.08681,0,1HSS.A,0.07253233659719989,0.1378225702805421,0.20162992065330668,0,0,0,0,0,0
30_1HSS.A,0.0,0.93,0.09242,0,1HSS.A,0.2563747167334989,0.30198247293029906,0.31224235942581313,0,1,0,1,1,1
28_1HSS.A,0.0,0.0,0.04715,0,1HSS.A,0.02623503850369739,0.028564149176872746,0.013368173720025352,0,0,0,0,0,0
26_1HSS.A,0.0,0.57,0.04816,0,1HSS.A,0.061687370822209715,0.1282232089069563,0.19218066300398176,0,0,0,0,0,0
25_1HSS.A,0.0,0.29,0.04591,0,1HSS.A,0.044702235748731625,0.062381858947681765,0.1040563827504842,0,0,0,0,0,0
24_1HSS.A,0.0,0.0,0.00047,0,1HSS.A,0.011848029093358583,0.026775985715726276,0.005741046245845641,0,0,0,0,0,0
23_1HSS.A,0.0,0.0,0.01363,0,1HSS.A,0.0136725739971429,0.02726878519577898,0.007891281840537265,0,0,0,0,0,0
22_1HSS.A,0.0,0.16,0.04084,0,1HSS.A,0.039153469166569005,0.04376694382367976,0.06248382814875264,0,0,0,0,0,0
21_1HSS.A,0.0,0.05,0.04326,0,1HSS.A,0.027129191011654605,0.03257560580889575,0.02840340990452939,0,0,0,0,0,0
20_1HSS.A,0.0,0.0,0.00018,0,1HSS.A,0.011911687957688459,0.026765224262405796,0.005693662634716418,0,0,0,0,0,0
19_1HSS.A,0.0,0.05,0.02467,0,1HSS.A,0.018079550197927518,0.03175142702423988,0.0253659570393837,0,0,0,0,0,0
17_1HSS.A,0.0,0.0,0.00502,0,1HSS.A,0.012452559179830599,0.026945381112197846,0.006484478765286894,0,0,0,0,0,0
447_1EG9.A,0.0,0.05,0.01857,0,1EG9.A,0.01708590857904793,0.031485407488000994,0.024369267288044876,0,0,0,0,0,0
16_1HSS.A,0.0,0.0,0.01434,0,1HSS.A,0.0136725739971429,0.02729562158914102,0.008007289991922604,0,0,0,0,0,0
15_1HSS.A,0.016,0.54,0.09743,0,1HSS.A,0.06658505840402676,0.1288971910974163,0.19396642701705646,0,0,0,0,0,0
14_1HSS.A,0.027,0.3,0.22638,0,1HSS.A,0.1311359043171772,0.08392129306631281,0.14197315071441347,0,0,1,0,0,0
13_1HSS.A,0.027,0.63,0.14872,0,1HSS.A,0.08863947670639974,0.1722675705822627,0.23271162536605813,0,0,0,0,0,0
12_1HSS.A,0.027,0.0,0.22166,0,1HSS.A,0.07635490514020038,0.037561729432361156,0.0471769607512307,0,0,1,0,0,0
11_1HSS.A,0.241,0.98,0.28929,0,1HSS.A,0.4310581049606022,0.47310583685157476,0.4073454971010448,1,1,1,1,1,1
10_1HSS.A,0.103,0.98,0.728,0,1HSS.A,0.4430008864930987,0.5842883889901843,0.45196227884266266,1,1,1,1,1,1
9_1HSS.A,0.147,0.68,0.33857,0,1HSS.A,0.31279182713407033,0.2680698535764769,0.3029370063080856,1,0,1,0,0,1
8_1HSS.A,0.145,0.98,0.48026,0,1HSS.A,0.4208942688976424,0.5103353948300544,0.41972072223808865,1,1,1,1,1,1
7_1HSS.A,0.511,0.92,1.0,0,1HSS.A,0.5960512369260336,0.7467063629196307,0.5576175660168385,1,1,1,1,1,1
6_1HSS.A,1.0,0.98,0.48711,0,1HSS.A,0.5633099172852376,0.7588343115589835,0.588524156712974,1,1,1,1,1,1
5_1HSS.A,0.241,0.8,0.99876,0,1HSS.A,0.49636256393996736,0.5974592693184967,0.466852062345782,1,1,1,1,1,1
224_3VLB.B,0.0,0.01,0.04457,0,3VLB.B,0.025669276582980988,0.029253119094767747,0.016080789000874923,0,0,0,0,0,0
